0.010177505208	0.003333066978	0.006066391032	0.000601385772	7.520292e-05	0.000350476655	0.0	7.5406143e-05	0.000752027328	0.000175574149	0.0	0.004690043725	0.000501355296	0.013989335268	0.001178203104	0.006243143944	7.52076e-05	0.004842146401	0.00463751808	0.003210368842	0.00290791176	0.002230089031	0.001779877008	0.004617263719	0.0	0.004634968813	0.0	0.02677264465	0.0	0.032809065343
0.011280921912	0.003332780455	0.006542988192	0.000775847496	0.000100270872	0.000350276127	0.0	0.000125527999	0.000601621488	0.000225439147	0.0	0.004866196845	0.00060165144	0.013612870348	0.001253398536	0.007572497085	2.5066704e-05	0.004439325882	0.004838154672	0.003762425867	0.003283894848	0.00145494909	0.001754751024	0.005942540351	0.0	0.00418306535	0.0	0.026758916166	0.0	0.031091237597
0.01185735564	0.016849640447	0.010779438384	0.019877751086	0.010027192968	0.052099983461	0.00147899232	0.020791037582	0.006166937088	0.0706043766	0.000927520776	0.026507841917	0.008999412552	0.059801371031	0.0024315642	0.034805766515	0.005715514272	0.038254025968	0.00674326536	0.017097836499	0.008247337488	0.025105260737	0.004737818592	0.025272889747	0.00418630368	0.01368816027	0.002857733424	0.064901198294	0.00107967825	0.044012752581
0.0098014878	0.003432186384	0.005690380176	0.000626371378	5.0134968e-05	0.000325323786	0.0	4.9943994e-05	0.000701894232	0.000200885251	0.0	0.004614504008	0.000401083488	0.014065426564	0.00110299644	0.006543873434	0.000125344752	0.004465151373	0.004562361024	0.003136106312	0.003233763936	0.001531394418	0.001629406896	0.004792983384	0.0	0.003933275185	0.0	0.026932541945	0.0	0.031389486399
0.004988492496	0.00110206623	0.001403802504	0.0	0.0	0.0	0.0	0.0	0.0	0.0	0.0	0.000978116535	0.0	0.012563261364	0.000777110256	0.00030078578	0.000125346	0.000225784469	0.000451231248	0.0	0.000451226256	0.010517538094	0.0	0.004463207532	0.0	0.024417661322	0.0	0.028079192821	0.0	0.048061001408
0.012659494536	0.016977401817	0.011606644296	0.019603442194	0.010478429208	0.051949198747	0.001504061208	0.020976070602	0.006041587032	0.070598637872	0.000977660424	0.026234096767	0.00889921188	0.059208770166	0.002782500552	0.035104789036	0.005314422048	0.038421609263	0.006868610736	0.014269286925	0.007996658592	0.025231444623	0.004963425792	0.024871527833	0.00431165592	0.013689778089	0.00290786028	0.063852085575	0.001155000375	0.043913525821
0.0	0.0	0.0	0.0	0.0	0.0	0.0	0.0	0.0	0.0	0.0	0.0	0.0	0.00072719599	0.000325874952	0.0	0.0	0.000200729892	0.0	0.0	0.0	0.005472203893	0.0	0.004312947446	0.0	0.004634056592	0.0	0.028309202947	0.0	0.033881152937
0.0100772802	0.003357135228	0.005991217128	0.000601108424	7.520292e-05	0.000375135829	0.0	5.0262852e-05	0.000726957504	0.000175589644	0.0	0.004640071513	0.000526423248	0.01401391161	0.001128069072	0.006167520652	7.52076e-05	0.00486645141	0.004612508784	0.003260029054	0.002958008976	0.001529584839	0.001729676832	0.004790419234	0.0	0.004009285471	0.0	0.02673451281	0.0	0.031475739019
0.00491327928	0.001077540142	0.001378726128	0.0	0.0	0.0	0.0	0.0	0.0	0.0	0.0	0.001003215211	0.0	0.002280082249	0.000726976224	0.000350936752	0.000100275552	0.0	0.000401072256	0.0	0.000476296704	0.001480150283	0.0	0.004465993998	0.0	0.003906280028	0.0	0.026705690979	0.0	0.031210262784
0.012484042272	0.018676683728	0.009701479008	0.0097004447	0.010453364064	0.052823576919	0.001529127288	0.012116150993	0.006242147496	0.05608714911	0.001052867088	0.036791092438	0.007144434648	0.034277590254	0.007344874368	0.038836832463	0.001278474288	0.01367094814	0.00488828184	0.039024980621	0.005514935088	0.005015458511	0.003785239536	0.023770261512	0.002155830144	0.00839867027	0.001303515408	0.066986141578	0.00112989525	0.042517949747
0.01130556024	0.003281958925	0.006392280024	0.000701980773	0.000175474728	0.000300257672	0.0	0.00015005182	0.000676823472	0.000150703974	0.0	0.004740077165	0.000501374952	0.013964153239	0.001153134216	0.006368599149	0.000150413952	0.004439470791	0.00456237288	0.002734293335	0.003359097456	0.001454852367	0.001529131968	0.004836540411	0.0	0.003933258183	0.0	0.026830914712	0.0	0.0312134769
0.013511484792	0.016900900891	0.012358371168	0.019729930262	0.011480995656	0.051826405664	0.001629392544	0.020109101089	0.005740451496	0.070727859262	0.000877362408	0.025909103345	0.009776375856	0.059311499679	0.002581987824	0.034980632969	0.006016326576	0.037954383955	0.006517653792	0.01379286179	0.008523076848	0.025081255809	0.005038627776	0.024827198078	0.00433680624	0.013887550133	0.002857724688	0.063797243698	0.00128051275	0.043627941441
0.004938369696	0.001101590076	0.001353668472	0.0	0.0	0.0	0.0	0.0	0.0	0.0	0.0	0.00095332856	0.0	0.002054760881	0.00080217072	0.000401209466	2.50692e-05	0.0	0.00067683096	0.0	0.000476297328	0.001453240064	0.0	0.004540112945	0.0	0.004234299058	0.0	0.026760696129	0.0	0.031042228906
0.013536536832	0.016872984845	0.012308216544	0.019801955215	0.011380824936	0.051798361806	0.001754786592	0.020236403775	0.005865800616	0.070603781327	0.000977629536	0.025907199566	0.009876848904	0.059047756815	0.002481721632	0.034910152562	0.006091592208	0.038025761197	0.006668008464	0.013844066422	0.00857340432	0.027540909452	0.004813140384	0.024721162758	0.004361909136	0.014390028908	0.002782514904	0.063616617007	0.001305641375	0.04523721271
0.0	0.0	0.0	0.0	0.0	0.0	0.0	0.0	0.0	0.0	0.0	0.0	0.0	0.000200535906	0.000426139272	0.0	0.0	0.0	0.0	0.0	0.0	0.001405890061	0.0	0.0044642614	0.0	0.004208471422	0.0	0.026606565914	0.0	0.031169252196
0.013486474872	0.016976721933	0.012308286744	0.019677641922	0.011506116024	0.05177633841	0.00167953032	0.020335578987	0.005865791256	0.070631042451	0.000902431296	0.025807716955	0.009826524864	0.059127418955	0.002506798008	0.034854346071	0.006091462416	0.037925765415	0.006592872	0.014041921809	0.00859830192	0.025158434514	0.004762880304	0.02475239778	0.004412003232	0.01376142405	0.002732388984	0.063795444123	0.001305590875	0.043606854593
0.01356215796	0.018727581554	0.012358896264	0.018321328039	0.011330784504	0.093168706765	0.001679532192	0.021707609266	0.005740692048	0.073852046374	0.001153124856	0.066768373062	0.0083976984	0.037035796267	0.00721958328	0.064006697178	0.007520480448	0.019488151016	0.004938459552	0.050457463397	0.008322554448	0.00930408224	0.005916017328	0.027201051203	0.002481712896	0.014140010063	0.002782538928	0.070921591401	0.00135585925	0.048130407461
0.011806968888	0.016974174349	0.010829324376	0.026996807399	0.01047851532	0.051822769639	0.001804941216	0.020454184754	0.006116472648	0.070499429395	0.000952564392	0.026232316529	0.009400587768	0.059812293204	0.002431604448	0.034881063741	0.005991324144	0.038002822926	0.00646748544	0.014344985516	0.00837284136	0.034590729854	0.004712818032	0.024927198704	0.004311785712	0.014843617409	0.00273238836	0.067430533772	0.0011298805	0.047581144736
0.009851623704	0.00325680178	0.005640248952	0.00065115166	5.0135904e-05	0.000325353345	0.0	7.5400267e-05	0.000726957504	0.000175718998	0.0	0.004840846468	0.00040108068	0.014163197745	0.001103003928	0.006393568588	7.5205728e-05	0.004566110024	0.004637484384	0.00313626374	0.00303327024	0.001530644843	0.001754773488	0.004640048587	0.0	0.004033650222	0.0	0.026751937127	0.0	0.031374397705
0.01351185732	0.018829156059	0.01238380884	0.018075538888	0.01150625268	0.093146169323	0.00185500692	0.021329884879	0.006166855656	0.074421218153	0.0010027134	0.06634797195	0.008648385408	0.037109360166	0.006693099192	0.063858854364	0.007570631952	0.019417366323	0.004612544352	0.050180042128	0.00854816664	0.009151678082	0.00579064512	0.027081079313	0.002481705408	0.014366718727	0.002306242848	0.070346359879	0.001406079625	0.048169660754
0.011305584576	0.003357317429	0.006567760368	0.000901807409	0.000100270872	0.000400439411	0.0	0.001225951261	0.000827226504	0.000150411372	0.0	0.004765577719	0.000626690376	0.033540163406	0.00120326544	0.006669069998	7.52076e-05	0.008878880008	0.005214155232	0.003160663816	0.00320868912	0.010290906627	0.00175476912	0.005062064712	0.0	0.024420028882	0.0	0.028080885034	0.0	0.047819395933
0.011781784872	0.016952186387	0.010904421528	0.020255490196	0.011531241072	0.051826080253	0.001679587416	0.020560524339	0.00596604996	0.07060154006	0.00092750112	0.0257848671	0.009801657216	0.059245098077	0.0024065262	0.034785505357	0.0060915972	0.038082435001	0.006617880048	0.014119144906	0.008448049584	0.029692567999	0.004712870448	0.024624046157	0.004537420992	0.014062166674	0.002732397096	0.064995516223	0.001230317625	0.046820358033
0.007370125776	0.007546198745	0.005740708896	0.000351039107	5.0134968e-05	0.000350272398	0.0	5.0250987e-05	0.00072695376	5.0158421e-05	0.0	0.009054819236	0.00215587476	0.001805196339	0.001128052224	0.01073378506	7.5200112e-05	0.002232585608	0.003208713456	0.013334232493	0.002205964176	0.001504881715	0.001504056528	0.009027843237	0.0	0.003983535402	0.0	0.029114768179	0.0	0.031773435976
0.004236559704	0.002003521153	0.002306240352	0.0	0.0	0.0	0.0	0.0	0.0	0.0	0.0	0.000978064138	0.0	0.002281421356	0.000752046048	0.002608562035	0.000125332896	0.0	0.000451223136	0.0	0.000676841568	0.001454862825	0.0	0.005719524653	0.0	0.003881861371	0.0	0.02675671962	0.0	0.031388413128
0.004311654984	0.001101482907	0.001228320288	0.0	0.0	0.0	0.0	0.0	0.0	0.0	0.0	0.000978066305	0.0	0.002305833512	0.000676837512	0.000325829433	0.0001002768	0.0	0.000476276112	0.0	0.00042615768	0.001455687758	0.0	0.004386519257	0.0	0.003857575567	0.0	0.026981034968	0.0	0.03134198621
0.0	0.0	0.0	0.0	0.0	0.0	0.0	0.0	0.0	0.0	0.0	0.0	0.0	0.000175556901	0.000451210032	0.0	0.0	0.0	0.0	0.0	0.0	0.00145434256	0.0	0.004388909072	0.0	0.004233854898	0.0	0.026680485919	0.0	0.031043020086
0.01351150632	0.016977917836	0.012408517368	0.019803228403	0.011380783752	0.05185584776	0.00150411456	0.02083862854	0.005690312784	0.070537656991	0.001077905088	0.025931473084	0.009400493232	0.05940100092	0.002531868768	0.035336270016	0.005665284144	0.038229334917	0.006643008528	0.014091321118	0.008322654288	0.025132287952	0.005113918992	0.02487370907	0.004311766368	0.014117732739	0.00300812304	0.063751896167	0.001280500875	0.043860464349
0.011806903368	0.016923068323	0.010804192776	0.019825485521	0.01050336612	0.051951638471	0.001754734176	0.020381559661	0.006091415928	0.070375441614	0.001002705912	0.026157657345	0.009450519624	0.059542772493	0.002431577304	0.03475551401	0.006066385728	0.038124286173	0.006567798432	0.014142120386	0.008347628016	0.025209398238	0.004762889664	0.024997455518	0.004361871696	0.013486589826	0.002832666096	0.064045585751	0.0011800385	0.043965758814
0.0	0.0	0.0	0.0	0.0	0.0	0.0	0.0	0.0	0.0	0.0	0.0	0.0	0.000175693164	0.000325871208	0.0	0.0	0.0	0.0	0.0	0.0	0.001431048343	0.0	0.004393282486	0.0	0.003957045802	0.0	0.026933259045	0.0	0.031448098553
0.00985162464	0.003332584926	0.005615177256	0.000625736183	5.0134968e-05	0.000325413497	0.0	5.0266807e-05	0.000726957504	0.000150600574	0.0	0.004865818266	0.00042615144	0.014163254279	0.001153131408	0.006419583626	7.52076e-05	0.004665795275	0.004587434592	0.003210724409	0.003083345616	0.00150521943	0.001729677456	0.004664433503	0.0	0.003956979505	0.0	0.026932170494	0.0	0.031394936019
0.013511985552	0.018855153153	0.012358863504	0.019752460232	0.011531343096	0.093130680205	0.001880070192	0.023862377392	0.00606655296	0.074377773867	0.001052856792	0.071458758183	0.012483716544	0.080489842915	0.006943796496	0.070202171105	0.008999464032	0.038072457399	0.0065929344	0.05572525965	0.008623363632	0.02806701028	0.007921432896	0.033291436377	0.005991172512	0.017452511813	0.00396073236	0.074988693206	0.00143118225	0.049475955643
0.004361898528	0.001051627858	0.001303533504	0.0	0.0	0.0	0.0	0.0	0.0	0.0	0.0	0.00100300551	0.0	0.00233245746	0.000626700672	0.000376128409	7.5200112e-05	0.0	0.000451221264	0.0	0.000376023648	0.001429538262	0.0	0.004412460995	0.0	0.003932435753	0.0	0.026936425266	0.0	0.031337067922
0.004361789952	0.001101550855	0.001253394792	0.0	0.0	0.0	0.0	0.0	0.0	0.0	0.0	0.001078491977	0.0	0.002206500044	0.0006266988	0.000351037605	7.52076e-05	0.0	0.000451211904	0.0	0.000325888368	0.001554322408	0.0	0.004488952624	0.0	0.003982250656	0.0	0.026758729465	0.0	0.031272350805
0.004938381864	0.001102505194	0.00140380344	0.0	0.0	0.0	0.0	0.0	0.0	0.0	0.0	0.000978035334	0.0	0.003307268531	0.000802190376	0.000401181761	0.0001002768	0.000249795388	0.000426166416	0.0	0.0004762992	0.005419745351	0.0	0.004689309438	0.0	0.004708290644	0.0	0.028056892761	0.0	0.033700138056
0.011130311088	0.007496742649	0.006592979016	0.000827023703	0.000100270872	0.000400457062	0.0	0.000100501974	0.000752026392	0.000175427734	0.0	0.012988875002	0.002782594152	0.014162665393	0.001353673152	0.016300797425	5.0133408e-05	0.005969636362	0.004988554272	0.016393405445	0.00456235728	0.001481377179	0.001754746656	0.009201621978	0.0	0.004209709276	0.0	0.028940116705	0.0	0.031474815488
0.0	0.0	0.0	0.0	0.0	0.0	0.0	0.0	0.0	0.0	0.0	0.0	0.0	0.000125290374	0.000325867464	0.0	0.0	0.0	0.0	0.0	0.0	0.002155392282	0.0	0.00446389105	0.0	0.004484067895	0.0	0.026853142054	0.0	0.032745901953
0.00493834536	0.001101748508	0.00132859116	0.0	0.0	0.0	0.0	0.0	0.0	0.0	0.0	0.000903167521	0.0	0.00210559385	0.000777099024	0.00032606359	5.01384e-05	0.0	0.000676829712	0.0	0.000376021152	0.001455215612	0.0	0.004489738962	0.0	0.004108542499	0.0	0.026730192436	0.0	0.031271607772
0.009901786752	0.003357852288	0.005715455616	0.000676177679	2.5067952e-05	0.000325197436	0.0	5.0107327e-05	0.000752025456	0.000175718998	0.0	0.004589231799	0.000451225944	0.013959132263	0.001077929424	0.006443700089	0.0001002768	0.004439951458	0.0045874452	0.003110158088	0.003133630656	0.001430864646	0.001704643824	0.004790677584	0.0	0.003958816877	0.0	0.02693310118	0.0	0.031402665978
0.004938347232	0.001151733313	0.001303519464	0.0	0.0	0.0	0.0	0.0	0.0	0.0	0.0	0.000953025823	0.0	0.002258460603	0.00080218476	0.00040125863	7.520448e-05	0.0	0.000501357168	0.0	0.000501369648	0.003612709741	0.0	0.004614063569	0.0	0.004735300381	0.0	0.027727464587	0.0	0.033644607842
0.011381199336	0.003332829261	0.006593133456	0.000801283997	0.000100270872	0.000375323759	0.0	0.000125536619	0.000827229312	0.000150349515	0.0	0.00544206714	0.002531928672	0.01376159726	0.001328599584	0.010981149862	5.0133408e-05	0.004690254784	0.00501362472	0.006266889723	0.003334027632	0.001481148847	0.001804883184	0.007423092595	0.0	0.004208577529	0.0	0.026531197388	0.0	0.031094610085
0.013536569592	0.016927185298	0.012383446608	0.019726898152	0.011405978064	0.051849384819	0.001629456192	0.020488764524	0.005665284144	0.070701747129	0.000877367088	0.025857218018	0.009701361072	0.059669740358	0.002582001864	0.034882908595	0.005966131392	0.03772095377	0.006592876992	0.01399198791	0.008598541536	0.025054372471	0.005013639072	0.025047577598	0.004286707776	0.013914779468	0.002983068816	0.063779100322	0.00130563625	0.043531668905
0.010378058184	0.003307213654	0.00619173828	0.000626698576	5.0135904e-05	0.00037538424	0.0	7.5394278e-05	0.000802160424	0.000150303574	0.0	0.004614961521	0.000601624296	0.013836685078	0.001228335264	0.006143001566	7.52076e-05	0.004891558267	0.004737846672	0.003185119386	0.002983087536	0.001554398869	0.001729675584	0.00471499676	0.0	0.003983191728	0.0	0.026606638529	0.0	0.031246506518
0.004487131584	0.001101586834	0.001203254208	0.0	0.0	0.0	0.0	0.0	0.0	0.0	0.0	0.001003618157	0.0	0.002155353619	0.000651770496	0.000376147868	5.0133408e-05	0.0	0.00047628984	2.50866e-05	0.0004010916	0.001430263034	0.0	0.004188448523	0.0	0.004008347519	0.0	0.026808795705	0.0	0.031291572672
0.004386936528	0.001903961529	0.002481701976	0.0	0.0	0.0	0.0	0.0	0.0	0.0	0.0	0.000953026689	0.0	0.000200729179	0.000777116808	0.002132460661	7.5199488e-05	0.0	0.00050135592	0.0	0.0004010916	0.001479125535	0.0	0.005539698016	0.0	0.004059223935	0.0	0.026554795801	0.0	0.031423355139
0.01233331164	0.016948572589	0.011205265032	0.019703569447	0.010252684728	0.052000181984	0.001529125416	0.020794051002	0.006066322704	0.070642215857	0.000927497376	0.026210117885	0.008874032544	0.059652596663	0.002556907704	0.034856492469	0.005439671328	0.038253501903	0.00691873728	0.014416348805	0.008046849408	0.025106599859	0.004913308608	0.024899495194	0.00433679688	0.013665696387	0.002882801376	0.063773434311	0.001079622	0.044063036764
0.013536568656	0.016823448059	0.01235839176	0.019830476212	0.01138085676	0.052055928541	0.001604391048	0.020588262448	0.005539911624	0.071159656743	0.000952563456	0.025929990279	0.0097013358	0.059002620866	0.002481745032	0.035108190862	0.00581568312	0.037952247499	0.006642971712	0.014017635546	0.008423015328	0.025156003981	0.005038661472	0.02492284368	0.004236566256	0.014042099868	0.003008147688	0.063572029092	0.001305644125	0.043739016635
7.5199176e-05	0.0	0.0	0.0	0.0	0.0	0.0	0.0	0.0	0.0	0.0	0.0	0.0	0.00017564739	0.000451206288	0.0	0.0	0.0	0.0	0.0	0.0	0.001355952036	0.0	0.004417371751	0.0	0.004158442253	0.0	0.026757661668	0.0	0.031175452385
0.012057910488	0.018876831958	0.011030131008	0.017721121205	0.010052283384	0.093267738586	0.0015040584	0.021869743368	0.006342423048	0.074145966175	0.000977659488	0.068351159069	0.008247299112	0.046366338102	0.007094192976	0.064230968579	0.007019124528	0.021019454685	0.004762971408	0.050535409035	0.008397755808	0.009329083577	0.007244613168	0.027205280054	0.002506773984	0.01411876873	0.002581999992	0.070620876592	0.00123032425	0.048534240424
0.011280926592	0.003407510296	0.006492856032	0.000751107623	0.000100270872	0.000324983936	0.0	0.00015020826	0.000601620552	0.000175799382	0.0	0.004790550291	0.000501374952	0.013811357011	0.001203253272	0.006945303287	7.5200736e-05	0.00431415644	0.004712821152	0.003311034667	0.003283894848	0.001480267415	0.00182995176	0.005040834752	0.0	0.004084138351	0.0	0.026709309293	0.0	0.031311261563
0.0	0.0	0.0	0.0	0.0	0.0	0.0	0.0	0.0	0.0	0.0	0.0	0.0	0.000175664205	0.000376012728	0.0	0.0	0.0	0.0	0.0	0.0	0.001355673037	0.0	0.004488905422	0.0	0.004058529701	0.0	0.026932423133	0.0	0.031220126735
0.013511491344	0.016800470116	0.012333308832	0.019753547693	0.011430860688	0.051926676144	0.00162939348	0.020861514948	0.005514892344	0.071057288453	0.001027767312	0.025983063465	0.009701193528	0.059230028987	0.002531849112	0.03500650128	0.00579067008	0.038102529214	0.006617896896	0.014041055899	0.008447882352	0.024936150013	0.005063704464	0.025020203123	0.004161338064	0.013888473122	0.003008135208	0.063675526429	0.001255407125	0.04357864468
0.01351149696	0.01697866167	0.01243358532	0.019876510545	0.011280473568	0.051701254113	0.00160433208	0.021015271822	0.005690358648	0.070514890711	0.00107790228	0.026008008796	0.00952588728	0.059210726724	0.002531857536	0.035177738324	0.005690391408	0.038145790091	0.006617893776	0.014142289585	0.008272407936	0.025134841658	0.005063699472	0.024975045484	0.00431175264	0.014063106488	0.003058262688	0.063526057551	0.001205216375	0.043686117175
0.011255444928	0.0034318024	0.006392295936	0.000651422522	0.000150406776	0.000275173173	0.0	0.00015030987	0.000601620552	0.00015070644	0.0	0.004891094725	0.000501374952	0.013936719546	0.001253415384	0.006292874815	0.0001503996	0.004314470785	0.004462137888	0.002910234062	0.003308966544	0.001405284882	0.001704609504	0.005090559648	0.0	0.004057432878	0.0	0.026985007685	0.0	0.031240160946
0.01123039944	0.003432097994	0.006492574296	0.000701015373	0.000100270872	0.000324798767	0.0	0.000150118548	0.000576551664	0.000150633477	0.0	0.004916404233	0.000526417632	0.013813469876	0.001228330584	0.006243248678	0.000100271184	0.004389813393	0.004687683312	0.003009946411	0.003233802	0.001456171253	0.00175474728	0.004892448003	0.0	0.004131774083	0.0	0.026755818308	0.0	0.031211823158
0.0	0.0	0.0	0.0	0.0	0.0	0.0	0.0	0.0	0.0	0.0	0.0	0.0	0.0001254122	0.000325871208	0.0	0.0	0.0	0.0	0.0	0.0	0.001455288895	0.0	0.004337438945	0.0	0.003957939056	0.0	0.02673195311	0.0	0.031245383132
0.0	0.0	0.0	0.0	0.0	0.0	0.0	0.0	0.0	0.0	0.0	0.0	0.0	0.000200563598	0.000451207224	0.0	0.0	0.0	0.0	0.0	0.0	0.001453198582	0.0	0.004438324822	0.0	0.004085327188	0.0	0.026633903139	0.0	0.031293204726
0.011155189968	0.003357141915	0.006342159096	0.000600698496	0.000150406776	0.000300301647	0.0	0.000149970082	0.000676824408	0.000150654879	0.0	0.00463844805	0.000451230624	0.014012472986	0.00117819936	0.006418147234	0.000125346	0.004339627838	0.004487154672	0.002858930401	0.003409296384	0.001431336556	0.00152916504	0.004936327813	0.0	0.003907978548	0.0	0.026755134247	0.0	0.031266326138
0.0134867538	0.018652447297	0.012283500528	0.019653152215	0.011506236768	0.052675321799	0.001729665288	0.023964017254	0.00614178396	0.070512069326	0.001052855856	0.043106653878	0.012483879408	0.076828982087	0.0069187248	0.051975732235	0.006492631392	0.038023560619	0.00664300728	0.045319678717	0.008598295056	0.026361417323	0.004712748144	0.030114124361	0.006091440576	0.016422689719	0.003308959368	0.071522974335	0.00133075425	0.047374308414
0.007645844232	0.00325706859	0.002481703848	0.0	0.0	0.0	0.0	0.0	0.0	0.0	0.0	0.002759006515	0.0	0.000651932164	0.000752046984	0.00727345718	0.000100266192	0.0	0.000401080368	0.00295413523	0.000977642016	0.001479801058	0.000175469424	0.006895869508	0.0	0.003984605639	0.0	0.026657310989	0.0	0.031320284941
0.013586687712	0.016829586004	0.012358371168	0.019881021307	0.011430863496	0.05180186405	0.00162939348	0.020260286891	0.005640187176	0.070754480892	0.000902431296	0.025909035302	0.009625981248	0.05958342973	0.002632119984	0.035008802268	0.005916024816	0.037926608817	0.006668037792	0.013843819013	0.008472950304	0.025136542895	0.005038635888	0.025072161621	0.0042866772	0.014063252001	0.002983070064	0.063900780723	0.001255408125	0.04370170763
0.0	0.0	0.0	0.0	0.0	0.0	0.0	0.0	0.0	0.0	0.0	0.0	0.0	0.000175548213	0.000401081616	0.0	0.0	0.0	0.0	0.0	0.0	0.001355486091	0.0	0.004391311772	0.0	0.004157166077	0.0	0.026884509274	0.0	0.031136701917
0.010478316888	0.003357009992	0.006166674072	0.000576411088	7.520292e-05	0.000375514028	0.0	7.5400267e-05	0.000777094344	0.000150376191	0.0	0.004715302889	0.000651751776	0.013914488228	0.001303537248	0.006142149511	7.52076e-05	0.004866463628	0.004787934528	0.003236627043	0.00298311	0.003763206689	0.001729751712	0.004687988498	0.0	0.004710716116	0.0	0.027558580432	0.0	0.03370466532
0.00493836408	0.001101465167	0.00127846368	0.0	0.0	0.0	0.0	0.0	0.0	0.0	0.0	0.000877688244	0.0	0.002129040762	0.000852303816	0.000401252254	2.50692e-05	0.0	0.000626678832	0.0	0.00045123936	0.001405408896	0.0	0.00434170861	0.0	0.004085888966	0.0	0.026706141365	0.0	0.031270459852
0.011806922088	0.016948711169	0.010779138864	0.040861641886	0.011681803224	0.051869691072	0.0016294824	0.027232771765	0.006216845544	0.070522830093	0.000977662296	0.027136881795	0.009300319704	0.059478161631	0.002481734736	0.03475688503	0.005790794256	0.038154450121	0.006567791568	0.014418885958	0.008247325632	0.040203393915	0.00471280368	0.02504612694	0.004261647312	0.044135205815	0.002757457872	0.070916402258	0.001104772125	0.06445779375
0.0	0.0	0.0	0.0	0.0	0.0	0.0	0.0	0.0	0.0	0.0	0.0	0.0	0.000150430982	0.000325871208	0.0	0.0	0.0	0.0	0.0	0.0	0.001355274058	0.0	0.004459605116	0.0	0.003983140561	0.0	0.026829838894	0.0	0.031188216594
0.003459351168	0.000626091101	0.00062668944	0.0	0.0	0.0	0.0	0.0	0.0	0.0	0.0	0.000476629871	0.0	0.000200735209	0.00075203388	0.000728426849	7.5199488e-05	0.0	0.00062670192	0.0	0.0004010916	0.001479415173	0.0	0.00431515003	0.0	0.004159795049	0.0	0.026508259391	0.0	0.031294808667
0.00421140096	0.001126795157	0.001228328712	0.0	0.0	0.0	0.0	0.0	0.0	0.0	0.0	0.001028177143	0.0	0.002257006701	0.000726979032	0.000376096033	7.52076e-05	0.0	0.000451210656	0.0	0.000376023024	0.001430836242	0.0	0.004487728128	0.0	0.003982434162	0.0	0.026932642322	0.0	0.031474206309
0.010979730216	0.003333048188	0.006592852656	0.000926807269	7.520292e-05	0.000400265571	0.0	7.5400267e-05	0.000802158552	0.000175511522	0.0	0.004640434288	0.000626686632	0.018826884268	0.001278475848	0.006393687562	7.52076e-05	0.007223481946	0.00496343016	0.003160012921	0.002932945392	0.00559001799	0.00175479408	0.004788835425	0.0	0.00461009407	0.0	0.028081401729	0.0	0.033733276477
0.01351150164	0.016951146214	0.012308249304	0.019750450655	0.011481005016	0.051751338429	0.001754734176	0.020510193367	0.006016194288	0.070528417011	0.000952566264	0.025781398789	0.00980144568	0.059399295473	0.002431577304	0.034954631506	0.006066396336	0.037949374892	0.006643005408	0.01426679268	0.008447909184	0.025182915105	0.00476287656	0.024949487636	0.004412010096	0.013612528586	0.0026571792	0.064147405436	0.0012804765	0.043857340927
0.013537084392	0.018630552935	0.01057901832	0.009951369388	0.011330791992	0.052525241519	0.001629397224	0.01198881975	0.005740692984	0.05639159593	0.00102778416	0.034733367558	0.007144414056	0.019861352122	0.0065427336	0.038909207827	0.001353688128	0.01071017765	0.004762957056	0.036817647172	0.005815762992	0.004888797545	0.00340922712	0.023542551294	0.002281171776	0.008747261721	0.00140377848	0.067238849981	0.001255431875	0.042107649191
0.0	0.0	0.0	0.0	0.0	0.0	0.0	0.0	0.0	0.0	0.0	0.0	0.0	0.000150460462	0.000350942904	0.0	0.0	0.0	0.0	0.0	0.0	0.001430310667	0.0	0.004462030221	0.0	0.003957442517	0.0	0.026830427473	0.0	0.031313461881
0.013110410664	0.016975598253	0.012082637736	0.01960003217	0.010678838976	0.051726876507	0.001579265064	0.021192738733	0.00586577628	0.07055727172	0.001077905088	0.02593026715	0.00912456792	0.059347067629	0.002807613432	0.035183469646	0.005464718064	0.03810133919	0.006768329568	0.014044176815	0.008122053264	0.025130947902	0.005164023072	0.025001558642	0.004512342432	0.013713496192	0.00293294664	0.063699028485	0.00115495875	0.043939413495
0.0	0.0	0.0	0.0	0.0	0.0	0.0	0.0	0.0	0.0	0.0	0.0	0.0	0.000150525179	0.000401072256	0.0	0.0	0.0	0.0	0.0	0.0	0.001353933494	0.0	0.004491155165	0.0	0.004083674038	0.0	0.026706194196	0.0	0.031259674973
0.004537256256	0.001026415512	0.001278450576	0.0	0.0	0.0	0.0	0.0	0.0	0.0	0.0	0.000902766849	0.0	0.00213074678	0.000827245224	0.000375991318	5.01384e-05	0.0	0.000601615248	0.0	0.00040110408	0.001355138345	0.0	0.004266004506	0.0	0.00403345823	0.0	0.026757524213	0.0	0.031297671636
0.008398026936	0.003307445979	0.0027574794	0.0	0.0	0.0	0.0	0.0	0.0	0.0	0.0	0.002833755174	0.0	0.002306681413	0.000752046048	0.008801884189	0.000125332896	0.0	0.000451222512	0.003227616052	0.00162941376	0.001381074934	0.000100269312	0.007120661322	0.0	0.003957499727	0.0	0.026858242455	0.0	0.031264045983
0.0	0.0	0.0	0.0	0.0	0.0	0.0	0.0	0.0	0.0	0.0	0.0	0.0	0.000175703629	0.000426148632	0.0	0.0	0.0	0.0	0.0	0.0	0.00140494385	0.0	0.004360755304	0.0	0.004159207792	0.0	0.026759419086	0.0	0.031243542773
0.01273445316	0.016951562295	0.011656534032	0.019627186883	0.01042819596	0.051724173835	0.001554193368	0.020993592163	0.005966052768	0.070627580543	0.001027766376	0.026106715248	0.0089743212	0.059224007959	0.002782527696	0.035058120313	0.005339403264	0.038331230898	0.006968861328	0.01416624239	0.008096996544	0.025157925079	0.005013584784	0.024772410192	0.004437126096	0.013917200704	0.002932932288	0.06382137578	0.001129835625	0.043967010623
0.0	0.0	0.0	0.0	0.0	0.0	0.0	0.0	0.0	0.0	0.0	0.0	0.0	0.000175749697	0.000350938224	0.0	0.0	0.0	0.0	0.0	0.0	0.00140579931	0.0	0.004614772018	0.0	0.004082905237	0.0	0.026729080329	0.0	0.031258712566
0.009851888592	0.017322569752	0.007269836184	0.001505065142	5.0134968e-05	0.012503961822	0.0	0.000275043823	0.000676817856	0.00010040897	0.0	0.016954180411	0.002632190184	0.003109354178	0.003333995496	0.026626834416	7.5200112e-05	0.002859842057	0.004010889792	0.020860870077	0.00240650904	0.001554072516	0.00160432896	0.020759626715	0.0	0.003932356148	0.0	0.041953294238	0.0	0.031797545121
0.0	0.0	0.0	0.0	0.0	0.0	0.0	0.0	0.0	0.0	0.0	0.0	0.0	0.000150337815	0.000350942904	0.0	0.0	0.0	0.0	0.0	0.0	0.003586348364	0.0	0.004436210698	0.0	0.004483427437	0.0	0.027779992019	0.0	0.033832884341
0.011255403744	0.003357550646	0.006442396272	0.000626737412	0.000175473792	0.000274941163	0.0	0.00017535597	0.000626685696	0.000150639729	0.0	0.004739849373	0.000501369336	0.014042118622	0.00120326544	0.006343879944	0.000125346	0.004289474518	0.004487151552	0.002884137875	0.003334074432	0.001453495215	0.001654491072	0.004987765961	0.0	0.004008546849	0.0	0.026705784604	0.0	0.031388085714
0.004336716384	0.001101560729	0.001303517592	0.0	0.0	0.0	0.0	0.0	0.0	0.0	0.0	0.001053276179	0.0	0.002279623495	0.000701903592	0.000376094097	7.5205728e-05	0.0	0.000426142704	0.0	0.000401089104	0.001479453077	0.0	0.004389069946	0.0	0.004032565591	0.0	0.026706792179	0.0	0.031347691207
0.004236559704	0.001127203708	0.001253398536	0.0	0.0	0.0	0.0	0.0	0.0	0.0	0.0	0.001028119122	0.0	0.002130304765	0.00075204324	0.00143039197	0.000100266192	0.0	0.000476290464	0.0	0.000376023648	0.001455556763	0.0	0.004414922855	0.0	0.003956678972	0.0	0.026781952927	0.0	0.031349763273
0.011255859576	0.017223576666	0.008498284704	0.001379665536	0.000125338824	0.012354478019	0.0	0.000300260039	0.000601620552	0.000175630744	0.0	0.016901294503	0.002682319536	0.004362066376	0.003534564384	0.026627629	0.000150400848	0.003085144615	0.004587486384	0.02043977074	0.002180904336	0.001505908392	0.001704612624	0.020535817492	0.0	0.004109023753	0.0	0.041553412101	0.0	0.031638675483
0.004838075424	0.001151916497	0.001228319352	0.0	0.0	0.0	0.0	0.0	0.0	0.0	0.0	0.000852622939	0.0	0.002155479248	0.000877369896	0.000401176286	5.0137776e-05	0.0	0.00062669256	0.0	0.000451227504	0.001380646488	0.0	0.004388738237	0.0	0.004083143156	0.0	0.026855597795	0.0	0.031266865553
0.004913280216	0.001102552567	0.001303517592	0.0	0.0	0.0	0.0	0.0	0.0	0.0	0.0	0.000927931103	0.0	0.002255835896	0.00082725084	0.000401166955	2.5068576e-05	0.0	0.000626702544	0.0	0.00042618576	0.001428993887	0.0	0.004414681772	0.0	0.004236101551	0.0	0.02665307813	0.0	0.031196333221
0.00493834536	0.001126813075	0.001353663792	0.0	0.0	0.0	0.0	0.0	0.0	0.0	0.0	0.000902780697	0.0	0.002231097311	0.000777106512	0.000376284049	2.50692e-05	0.0	0.000651766752	0.0	0.00045123936	0.002079917374	0.0	0.004436843934	0.0	0.004786553577	0.0	0.026654089731	0.0	0.032440900992
0.013461376968	0.016952057065	0.012433600296	0.020077196025	0.01090456848	0.051847359514	0.001579260384	0.021019648255	0.005765584032	0.070536490004	0.001102969296	0.025783687746	0.009200008584	0.059593914531	0.002732395536	0.035305726378	0.005565107808	0.038145593389	0.006693132576	0.014219006568	0.008197201584	0.02525419901	0.005138906448	0.02492415253	0.004462073616	0.013762042273	0.003033191928	0.063773263908	0.00120521525	0.044163056625
0.009901758672	0.00333333228	0.005740519824	0.000651129825	2.5067952e-05	0.000300236444	0.0	9.989689e-05	0.000676820664	0.000150655383	0.0	0.004514360473	0.000501362784	0.013960878121	0.001128070944	0.006369300746	0.0001002768	0.004490057664	0.00453726624	0.002959570482	0.003258969792	0.001428722875	0.001529150064	0.004790075187	0.0	0.003909187169	0.0	0.026906084494	0.0	0.031320560175
0.01180688652	0.016925860661	0.01085431464	0.019905382709	0.01000200708	0.05200008592	0.001579257576	0.020733693379	0.006166596384	0.070421848194	0.0009525672	0.026231607492	0.009325207008	0.059203855454	0.002431576368	0.034760505696	0.00584075856	0.037998111408	0.006517582032	0.014267325502	0.0082974996	0.025210576367	0.004687685184	0.024872534384	0.00433678752	0.013413790067	0.00280759596	0.064018848336	0.001079614125	0.043939966613
0.0	0.0	0.0	0.0	0.0	0.0	0.0	0.0	0.0	0.0	0.0	0.0	0.0	0.000200496135	0.000325871208	0.0	0.0	0.0	0.0	0.0	0.0	0.001504822037	0.0	0.004414702379	0.0	0.003957861856	0.0	0.026801250819	0.0	0.031420448538
0.011230345152	0.003307332362	0.006592815216	0.000776514424	0.000100270872	0.000400443555	0.0	0.000100541524	0.000827229312	0.000150383175	0.0	0.004790774209	0.000576554472	0.013914352051	0.001303532568	0.006117658545	7.5206976e-05	0.004866355372	0.005063627712	0.003084876146	0.00313350648	0.001505158036	0.001779817104	0.004688664049	0.0	0.004109608805	0.0	0.026734238363	0.0	0.031171070303
0.004411925856	0.001052388651	0.001278456192	0.0	0.0	0.0	0.0	0.0	0.0	0.0	0.0	0.001078360519	0.0	0.002156173713	0.000701903592	0.000351056711	7.5206976e-05	0.0	0.0004762836	0.0	0.0004010916	0.001479813521	0.0	0.00429341644	0.0	0.00405870222	0.0	0.026781092028	0.0	0.031341427723
0.00990176616	0.003358233835	0.005790654792	0.000676382834	2.5067952e-05	0.000300228515	0.0	9.989689e-05	0.000676824408	0.000150726582	0.0	0.004564216282	0.000501357168	0.013912691968	0.00110299644	0.006343099038	0.000100275552	0.00436442132	0.004562367264	0.002909671779	0.003233762688	0.001429725083	0.001579271616	0.004816118581	0.0	0.003933581918	0.0	0.026708280693	0.0	0.031291250166
0.011807222544	0.016948936935	0.010829577096	0.019700349739	0.010027184544	0.051920483543	0.001679528448	0.023942356715	0.006166917432	0.070457656879	0.00097764732	0.034932644236	0.011982502584	0.060753013079	0.003008153304	0.036211017042	0.005890998672	0.03830411114	0.00654272736	0.025198419943	0.008272407312	0.025232618775	0.004737817344	0.026599568018	0.00431164344	0.013735325624	0.00348442848	0.06778542911	0.00107967875	0.045349228803
0.0	0.0	0.0	0.0	0.0	0.0	0.0	0.0	0.0	0.0	0.0	0.0	0.0	0.000150396399	0.000350942904	0.0	0.0	0.0	0.0	0.0	0.0	0.001404138892	0.0	0.004513195554	0.0	0.003984878339	0.0	0.026852813883	0.0	0.031319577058
0.004988488752	0.001076818436	0.001403795952	0.0	0.0	0.0	0.0	0.0	0.0	2.5051899e-05	0.0	0.000978159871	0.0	0.002080736555	0.000777099024	0.000351175668	0.00012534288	0.0	0.00042615456	0.0	0.00045123	0.001431124285	0.0	0.004285361777	0.0	0.004009232561	0.0	0.026857340812	0.0	0.031159911132
0.01143089532	0.003282611773	0.006542684928	0.000826588494	0.000100270872	0.000400044571	0.0	0.000100533614	0.00080216604	0.000150383175	0.0	0.004840542278	0.000551489328	0.013711553744	0.001328602392	0.006268940239	5.0137776e-05	0.004665246797	0.004988428224	0.003084899766	0.003208734048	0.001504306785	0.001779824592	0.004838661531	0.0	0.00418505949	0.0	0.026805138344	0.0	0.031089333497
0.0	0.0	0.0	0.0	0.0	0.0	0.0	0.0	0.0	0.0	0.0	0.0	0.0	0.00107826509	0.000325867464	0.0	0.0	0.000201001841	0.0	0.0	0.0	0.010216852682	0.0	0.004293341817	0.0	0.024319954141	0.0	0.028208239043	0.0	0.048076814661
0.013035492288	0.016851087724	0.011957578776	0.019727541504	0.0106789644	0.051797623461	0.001579260384	0.021097717983	0.005941290888	0.070579201825	0.001002729312	0.025859134567	0.009049609296	0.059695273105	0.00270732852	0.035177440092	0.005439767424	0.038227606336	0.00679341312	0.014346156861	0.008046787008	0.025381474961	0.00513889584	0.025145596935	0.004487133456	0.013837819875	0.002932923864	0.06382280185	0.0011550015	0.044238265441
0.011305991736	0.003334330581	0.006542991936	0.000625700117	0.000100270872	0.000274891341	0.0	0.00012521163	0.000626687568	0.000150677799	0.0	0.004840497282	0.000501375888	0.013963882804	0.001278470232	0.006618426414	0.000175466928	0.004339844751	0.004537348608	0.002984832378	0.003334030128	0.001431207106	0.00175474416	0.005040364488	0.0	0.003956223833	0.0	0.026709629656	0.0	0.031170143655
0.008372963664	0.007348968669	0.006442719192	0.000325907022	0.000125338824	0.000275221696	0.0	0.00012526416	0.00065175552	2.5122069e-05	0.0	0.00917934306	0.002732459184	0.003158826031	0.00120326544	0.012238893636	0.000175466304	0.002483172059	0.003409283904	0.013483966686	0.002281176768	0.001455336058	0.001529131344	0.008900184207	0.0	0.004059216257	0.0	0.028809477697	0.0	0.031612068555
0.0	0.0	0.0	0.0	0.0	0.0	0.0	0.0	0.0	0.0	0.0	0.0	0.0	0.000175720847	0.000451211904	0.0	0.0	0.0	0.0	0.0	0.0	0.001405106604	0.0	0.004537561213	0.0	0.004085050011	0.0	0.026628767129	0.0	0.031199366458
0.01220828544	0.016998771372	0.011180503152	0.019554340284	0.010152527112	0.052098038818	0.001453922496	0.020845493097	0.006066657792	0.070698546651	0.00097765668	0.026232784558	0.008849083464	0.05953326319	0.002506764312	0.034878092706	0.005439770544	0.0384005474	0.006768323952	0.015022484553	0.00807186432	0.025104243431	0.0048130212	0.024979929957	0.004336723248	0.013788652088	0.002782524264	0.06404594814	0.001129891125	0.04393850985
0.004938353784	0.001127124109	0.001278458064	0.0	0.0	0.0	0.0	0.0	0.0	0.0	0.0	0.000978384234	0.0	0.002053520191	0.000802167912	0.000401157954	5.0137776e-05	0.0	0.00055149432	0.0	0.000476297328	0.001379085503	0.0	0.004462367105	0.0	0.004159547212	0.0	0.026733080627	0.0	0.031163120826
0.0	0.0	0.0	0.0	0.0	0.0	0.0	0.0	0.0	0.0	0.0	0.0	0.0	0.000125390111	0.000376007112	0.0	0.0	0.0	0.0	0.0	0.0	0.001381098945	0.0	0.004642583807	0.0	0.00405846842	0.0	0.026907492357	0.0	0.03126253999
0.0	0.0	0.0	0.0	0.0	0.0	0.0	0.0	0.0	0.0	0.0	0.0	0.0	0.000150633689	0.000325867464	0.0	0.0	0.0	0.0	0.0	0.0	0.001404758402	0.0	0.004537746206	0.0	0.004033779827	0.0	0.02680689596	0.0	0.031239617817
0.013561637544	0.016874587149	0.012358390824	0.01952545147	0.011456025048	0.051876624962	0.001654523208	0.020109781506	0.005765536296	0.07059627311	0.00092750112	0.025853739066	0.0096512598	0.059270265419	0.002657214144	0.035033565669	0.006041355216	0.038052191917	0.00661782888	0.013819491475	0.0084981624	0.026036608804	0.004888273728	0.024997874297	0.00431176824	0.013813237902	0.002932937904	0.064073255571	0.00130564075	0.04366045788
0.011907158328	0.0168992186	0.010854315576	0.019956909561	0.010052141112	0.052051555418	0.001504057464	0.020889862252	0.006141532176	0.070466535863	0.000927497376	0.026282617545	0.009074563056	0.059620020825	0.002456642448	0.034932432382	0.005590070928	0.03822895297	0.006667992864	0.014369040002	0.008272482816	0.025385136321	0.004712767488	0.025122730742	0.00423651696	0.013564245923	0.00293293728	0.064024036583	0.00107961675	0.044194361079
0.013511474496	0.016872607464	0.012433559112	0.019878217814	0.01107991872	0.051932341884	0.001579305312	0.021320803749	0.005815650672	0.070635493566	0.001027766376	0.025806405042	0.009275130072	0.059684588411	0.00270734256	0.035310925327	0.005564985504	0.038499690003	0.006642990432	0.014145125727	0.008172201024	0.025182302505	0.0051890748	0.025200022621	0.004411994496	0.014043911694	0.002958003984	0.063874427428	0.001180077875	0.043841123882
0.011807202888	0.01872940881	0.009225191664	0.009904285581	0.0106037334	0.052596473263	0.001754735112	0.011830902448	0.006317295192	0.054891067819	0.001002716208	0.034911847754	0.007144432776	0.020137355094	0.005941074672	0.039285847669	0.001328616432	0.010536314853	0.00461252376	0.037467301747	0.005665347168	0.004814748301	0.003133465296	0.023693441689	0.002281163664	0.008798269578	0.001178164416	0.067209613712	0.001155005375	0.042057188031
0.01085458608	0.017226251404	0.008297600688	0.001779436399	7.520292e-05	0.012327263427	0.0	0.00042519022	0.000802162296	0.000250709554	0.0	0.01783029094	0.002732466672	0.0166969387	0.00358469748	0.026578239663	7.5200112e-05	0.005970347229	0.004963485072	0.023992500739	0.004462084224	0.001579545103	0.001804881312	0.020858172827	0.0	0.004035008162	0.0	0.0416537227	0.0	0.03157184864
0.004386855096	0.001101584456	0.001278455256	0.0	0.0	0.0	0.0	0.0	0.0	0.0	0.0	0.000952935765	0.0	0.002054135706	0.000877372704	0.000401056006	7.5206976e-05	0.0	0.000576556032	0.0	0.000401090976	0.001429232896	0.0	0.004365122754	0.0	0.004006838976	0.0	0.026659156695	0.0	0.031347130401
0.00443700504	0.001077253802	0.001228329648	0.0	0.0	0.0	0.0	0.0	0.0	0.0	0.0	0.001028181023	0.0	0.002206084215	0.000726971544	0.000376086865	5.01384e-05	0.0	0.000476277984	0.0	0.000401093472	0.001404631121	0.0	0.004286982214	0.0	0.004058458356	0.0	0.026729702408	0.0	0.031398381511
0.011305554624	0.00330886956	0.006592819896	0.000776103956	0.000125337888	0.000350342172	0.0	0.000125535909	0.000626687568	0.000225687227	0.0	0.004891070445	0.000626688504	0.013787704089	0.001278462744	0.006218872421	5.01384e-05	0.004464859033	0.004838094144	0.003059592583	0.003308998992	0.001430784332	0.001754748528	0.004841413464	0.0	0.004182884256	0.0	0.026880410877	0.0	0.031190368625
0.0	0.0	0.0	0.0	0.0	0.0	0.0	0.0	0.0	0.0	0.0	0.0	0.0	0.000225589083	0.000401073192	0.0	0.0	0.0	0.0	0.0	0.0	0.001428656998	0.0	0.004463504205	0.0	0.00400790943	0.0	0.026708884225	0.0	0.031373718803
0.01180722816	0.017299338553	0.010829586456	0.019627275945	0.010729061928	0.051846074607	0.001729665288	0.023885691159	0.006041544912	0.070432231038	0.000977652936	0.037337043762	0.012308383152	0.069468609244	0.006492564	0.040626920401	0.006066468096	0.037974310182	0.006592863264	0.031945718498	0.008422813776	0.025609730802	0.004662613488	0.028711072721	0.004938333504	0.014037540121	0.003409224936	0.069136492189	0.00120522025	0.046695518219
0.005038617168	0.001127062938	0.001353658176	0.0	0.0	0.0	0.0	0.0	0.0	0.0	0.0	0.001028281869	0.0	0.002181000917	0.000752041368	0.000350999072	0.000125344128	0.0	0.000451205664	0.0	0.0004010916	0.00137817829	0.0	0.004512479956	0.0	0.003982536038	0.0	0.02683251905	0.0	0.031363759301
0.01090447956	0.00335818823	0.006517619784	0.000576205938	7.520292e-05	0.000425315257	0.0	0.000100541524	0.000777094344	0.000150409959	0.0	0.004765453507	0.000626690376	0.013788927244	0.001228333392	0.006068156067	7.5206976e-05	0.004866597509	0.004888251888	0.003110382018	0.003058296384	0.001480849658	0.001754747904	0.004965126603	0.0	0.004084336451	0.0	0.026703019161	0.0	0.03132238039
0.011280501648	0.003382926522	0.006492565872	0.000651797094	0.000125338824	0.000275239066	0.0	0.000125214792	0.000601624296	0.000150653865	0.0	0.004865443199	0.000501362784	0.01388710844	0.00120326544	0.006167792628	0.000175480032	0.004314413743	0.004537289328	0.002884242292	0.003359145504	0.001480266096	0.001804912512	0.00499013082	0.0	0.004008723545	0.0	0.026856271194	0.0	0.031288083284
