0.0	0.0	0.0	0.0	0.0	0.0	0.0	0.0	0.0	0.0	0.0	0.0	0.0	0.0	0.0	0.000174182131	0.0	0.0	0.0	0.0	6.333288e-05	0.008713648963	0.0	0.009472758149	0.0	0.002817145016	0.00031665816	0.020243488741	0.00065018425	0.025358375454
0.003546582624	0.001203195614	0.000538318872	0.000411011244	0.0	0.000870745581	0.0	0.000253105811	0.0	0.0	0.0	0.001235834425	0.000205839504	0.004531247159	0.000237502512	0.00459327244	0.001409128032	0.000506412692	0.000142494768	0.000697207493	0.00204246432	0.01093102313	3.1666752e-05	0.009648735744	0.0	0.004339554207	0.000506671152	0.02136701879	0.00066604	0.029174594659
0.007156742112	0.007630595383	0.00685579284	0.010498220593	0.00622235484	0.018143431203	0.001092473928	0.012050524432	0.000364154544	0.046512292452	0.001535832792	0.015421292758	0.002596644648	0.043276361303	0.00091831896	0.02637287152	0.004797434928	0.021369932267	0.003261666096	0.019747768607	0.004654933296	0.018076116385	0.002770782144	0.015636690176	0.002770812096	0.007710736123	0.00188413056	0.028462853882	0.000602605375	0.027527676681
0.0	0.0	0.0	0.0	0.0	0.0	0.0	3.1512145e-05	0.0	0.0	0.0	0.000206046681	0.0	0.0	0.0	0.000158372301	0.0	0.0	0.0	0.0	7.916376e-05	0.008861274069	0.0	0.009603256781	0.0	0.002927087038	0.000316656912	0.020558894773	0.00061846825	0.024923671057
0.003546589176	0.001171291412	0.000633318192	0.000458499862	0.0	0.000854988131	1.583244e-05	0.000363493295	0.0	0.0	0.0	0.00125157919	0.000142507872	0.004593661148	0.000237503448	0.004563184212	0.001488293664	0.000174253036	0.000142497264	0.000649691542	0.002137469568	0.008858984543	3.1666752e-05	0.009539118921	0.0	0.002911339564	0.00031666128	0.020514347979	0.00058677325	0.025085389988
0.00741005928	0.007585640745	0.007014132216	0.010274608452	0.006380762544	0.017829198357	0.000997500816	0.012020389037	0.000348320232	0.04607542043	0.001567483632	0.015454686244	0.00273912444	0.043373434969	0.000997487712	0.025515291501	0.004654933296	0.021496523587	0.003451659744	0.01336754482	0.004639103664	0.017947227185	0.00278660928	0.01380015004	0.002533319568	0.007714095242	0.001868304672	0.025753558115	0.000681902125	0.026894039393
0.0	0.0	0.0	0.0	0.0	0.0	0.0	0.0	0.0	0.0	0.0	0.00023772905	1.5834312e-05	0.0	0.0	0.000205859441	0.0	0.0	0.0	0.0	3.1665504e-05	0.008764299594	0.0	0.009550419927	0.0	0.002926834273	0.000269161464	0.020354835687	0.000650193375	0.025155287502
0.003578269968	0.00121866771	0.000728319384	0.000427568467	0.0	0.000839094359	0.0	0.000363508879	0.0	0.0	0.0	0.00125154604	0.000142506	0.004562513284	0.000205834824	0.004561946243	0.00147245904	0.000142453538	0.000110830512	0.000633705793	0.002137473936	0.00882434891	3.1666752e-05	0.009522161056	0.0	0.002989466113	0.000300826968	0.020544977818	0.00065020325	0.025022998797
0.007489219608	0.007632145693	0.007077466656	0.010307374616	0.0064440792	0.017701577012	0.001013336064	0.012019235945	0.000332486856	0.046158962408	0.001551648384	0.01542123125	0.002754949392	0.043420984072	0.000981659016	0.025565490922	0.004639106784	0.021419032303	0.003467489376	0.013352432032	0.004559938656	0.017964915517	0.002739102288	0.013717989858	0.002596643088	0.007743421231	0.00188413992	0.025691161442	0.0006977585	0.02689231999
0.0	0.0	0.0	0.0	0.0	0.0	0.0	0.0	0.0	0.0	0.0	0.0	0.0	0.0	0.0	0.000126770047	0.0	0.0	0.0	0.0	7.9163136e-05	0.008830179347	0.0	0.009570722134	0.0	0.003005973828	0.000316664088	0.020481198924	0.000634324625	0.025120007498
0.0	0.0	0.0	0.0	0.0	0.0	0.0	0.0	0.0	0.0	0.0	0.000174335587	3.166488e-05	0.0	0.0	0.001900873922	0.0	0.0	0.0	0.00690126803	6.3331008e-05	0.008698189585	0.0	0.011167779664	0.0	0.002974778948	0.00030083196	0.022792355595	0.00060260925	0.026083545505
0.0	0.0	0.0	0.0	0.0	0.0	0.0	0.0	0.0	0.0	0.0	0.0	0.0	0.0	0.0	0.000205858396	0.0	0.0	0.0	0.0	3.1665504e-05	0.008823689361	0.0	0.009600980114	0.0	0.002928138344	0.00028499328	0.020291337386	0.000666052375	0.025266218036
0.007314837192	0.007570174509	0.006966495432	0.010384804914	0.006349119192	0.017698999164	0.001029146976	0.012032560667	0.000348323976	0.046118357053	0.001504152936	0.015483458758	0.002675791872	0.043316441389	0.00098163468	0.025376035927	0.00474992856	0.021367876152	0.003340776192	0.013336014241	0.0046549152	0.01799515648	0.002723265168	0.013668510793	0.002612458368	0.007711962779	0.001852466616	0.025502722828	0.00065019675	0.026783231314
0.0	0.0	0.0	0.0	0.0	0.0	0.0	0.0	0.0	0.0	0.0	0.0	0.0	0.000189530411	0.0	0.000158419908	0.0	0.004959559769	0.0	0.0	7.9163136e-05	0.017268016113	0.0	0.009568387089	0.0	0.019397372517	0.00047500284	0.022870078413	0.00063432225	0.03628918932
0.006887344464	0.007695581191	0.006618177072	0.010496766052	0.006174996048	0.017843983778	0.000949981968	0.012018582341	0.000427487112	0.046018821606	0.001519990992	0.01543702645	0.002549117376	0.043359276057	0.000965805984	0.025357301852	0.00479743368	0.021356619753	0.003277506336	0.013177462362	0.00452827128	0.018232368897	0.002913276912	0.013878531019	0.002596612512	0.007791759665	0.001884129624	0.025867278804	0.000586748875	0.026447226202
0.00361004904	0.001218937822	0.000728317512	0.000442543889	0.0	0.000855004754	0.0	0.000348008029	0.0	0.0	0.0	0.00125155782	0.000126660456	0.004528997008	0.000205822656	0.00567125686	0.00148833048	0.00053869124	0.00045916416	0.001248930988	0.002137472064	0.008857437067	3.1665504e-05	0.010487668211	0.0	0.003007841705	0.000332491848	0.021269996968	0.000586749125	0.024898751298
0.006744866544	0.00758561865	0.006871663656	0.010352324154	0.006586645104	0.01774559675	0.000997483032	0.011793546231	0.000427488048	0.046134037754	0.001567450872	0.01546853765	0.002834134992	0.043297205482	0.001013296752	0.025720541455	0.004512429168	0.02141687115	0.00353077296	0.01336754493	0.004464929664	0.018038801691	0.002834157456	0.013859651448	0.002628289872	0.007805523193	0.001820826696	0.025598833069	0.00066604075	0.026896113972
0.006839819064	0.007584644041	0.006444145656	0.010386630226	0.00663414336	0.017698411435	0.000997477416	0.011777461606	0.000443316744	0.046061887367	0.00158328612	0.015514895618	0.00283413312	0.043361056356	0.000981638424	0.025656843974	0.004544065968	0.021386440961	0.003594085248	0.013415639372	0.004385758416	0.018534927917	0.002881640112	0.013827124344	0.00259662936	0.008329906122	0.001836662256	0.025647248242	0.000666038375	0.026833815345
0.006143387328	0.009121572473	0.007014152808	0.004005546769	0.006364848672	0.022357723337	0.000997472736	0.00660568418	0.000348321168	0.045505844317	0.000205832016	0.022316638679	0.003356656992	0.003343265648	0.000791657568	0.032593173877	0.000807495312	0.003042232746	0.000696662304	0.035925491208	0.002644139472	0.010554506742	0.001472481504	0.019058299659	0.001804977408	0.008726569037	0.000696651384	0.032009274324	0.00074532825	0.030935700047
0.00707758272	0.007710385843	0.006776628768	0.01044853133	0.006190688088	0.018189963594	0.001092473928	0.014806531031	0.00039582036	0.046509608905	0.001535834664	0.025798655819	0.006887474568	0.043482340671	0.000918322704	0.029682035666	0.004813258944	0.021434766313	0.003214169712	0.028477086191	0.004575768912	0.018375980439	0.00280244952	0.017405812883	0.003546634416	0.008265815477	0.001852446648	0.029616429877	0.000602606375	0.028841965593
0.0	0.0	0.0	0.0	0.0	0.0	0.0	0.0	0.0	0.0	0.0	0.00019021438	1.5834312e-05	0.0	0.0	0.000142508545	0.0	0.0	0.0	0.0	6.3331008e-05	0.008777304807	0.0	0.009540013515	0.0	0.002924390336	0.000284993904	0.0204670736	0.000650200625	0.025118400464
0.0	0.0	0.0	0.0	0.0	0.0	0.0	0.0	0.0	0.0	0.0	0.000237675822	1.583244e-05	0.0	0.0	0.000174188415	0.0	0.0	0.0	1.5865284e-05	6.333288e-05	0.008746966038	0.0	0.009473198369	0.0	0.002895075942	0.000332491848	0.020325710607	0.000681903375	0.025278492265
0.0	0.0	0.0	0.0	0.0	0.0	0.0	3.151484e-05	0.0	0.0	0.0	0.00020604728	0.0	0.0	0.0	0.000158307277	0.0	0.0	0.0	1.5867276e-05	7.9164384e-05	0.008859853552	0.0	0.00958278101	0.0	0.002958177123	0.000300825096	0.020355496062	0.00066603175	0.024929061457
0.0	0.0	0.0	0.0	0.0	0.0	0.0	0.0	0.0	0.0	0.0	0.000237638715	3.1665816e-05	0.0	0.0	0.000174180933	0.0	0.0	0.0	0.0	6.3331008e-05	0.008730542924	0.0	0.009569184604	0.0	0.002846821391	0.000348325536	0.020246725161	0.00066604325	0.025338319103
0.006855679584	0.007742465854	0.006618293136	0.021298176765	0.00677663064	0.017730680864	0.000886648464	0.022805471555	0.000538343208	0.046711765587	0.0016624296	0.015484772589	0.002818353096	0.043394955293	0.000949985712	0.02540501281	0.004813274544	0.021417360838	0.003309108816	0.013209088492	0.004496604528	0.027277910986	0.002913310608	0.013738491066	0.002533278384	0.024832126902	0.00185250936	0.029035387535	0.000618466125	0.037647496556
0.0	0.0	0.0	0.0	0.0	0.0	0.0	0.0	0.0	0.0	0.0	0.000237688551	3.166488e-05	0.006635026812	0.0	0.000158413027	0.0	0.003309335388	0.0	0.0	6.333288e-05	0.013388820551	0.0	0.009612757095	0.0	0.004764698309	0.000475003152	0.022270381093	0.000666039875	0.029524438732
0.0	0.0	0.0	0.0	0.0	0.0	0.0	0.0	0.0	0.0	0.0	0.000237657323	1.583244e-05	0.0	0.0	0.000174185712	0.0	0.0	0.0	0.0	1.5833376e-05	0.008730254661	0.0	0.009409102961	0.0	0.002927117161	0.000364159224	0.020294234501	0.000650185	0.025388852596
0.00383159088	0.001187058966	0.000807481584	0.000363568638	0.0	0.000839128102	0.0	0.000301096907	0.0	0.0	0.0	0.001204126728	0.000110828016	0.00443419473	0.000205822656	0.00453120593	0.001456659984	0.000158421286	0.000158333136	0.000538723839	0.002184969072	0.008777350046	4.7498256e-05	0.009539732691	0.0	0.00279987033	0.000300823848	0.020224602623	0.0006660435	0.025369345526
0.0	0.0	0.0	0.0	0.0	0.0	0.0	0.0	0.0	0.0	0.0	0.0	0.0	0.0	0.0	0.000174120756	0.0	0.0	0.0	0.0	0.0	0.008810820599	0.0	0.00956772557	0.0	0.00287954671	0.000316659096	0.020275986392	0.000666052875	0.025297349361
0.00704566512	0.007649125337	0.006744833784	0.010592558458	0.006254138592	0.017651057451	0.001044980352	0.012020697756	0.000411655608	0.04616962025	0.001504150128	0.015421372944	0.002533305528	0.043345540133	0.000902468736	0.025135117823	0.004876586208	0.021529001632	0.003214134144	0.013225324479	0.004544105904	0.018216211628	0.002802438912	0.013845254023	0.002549126736	0.007728463955	0.001884134304	0.02577303524	0.000666056875	0.026416560998
0.006760675584	0.007631996524	0.006776510832	0.010353702571	0.006554903472	0.017559398687	0.000997502688	0.01168407143	0.000411651864	0.04620265653	0.001567483632	0.015532736734	0.002818276344	0.04324770981	0.0010449738	0.025693129965	0.004591587312	0.021350149669	0.003530824752	0.013288854797	0.004464943392	0.018186796867	0.002786601792	0.013715496755	0.002660002176	0.007917216936	0.001820811408	0.025611301165	0.0006977605	0.026894810768
0.0	0.0	0.0	0.0	0.0	0.0	0.0	0.0	0.0	0.0	0.0	0.0	0.0	0.0	0.0	0.000142590757	0.0	0.0	0.0	0.0	7.9162512e-05	0.008909189039	0.0	0.009538672619	0.0	0.00299340969	0.000300824472	0.020480448296	0.000618465875	0.024941773889
0.003657542616	0.001234939617	0.000712484136	0.000458811354	0.0	0.000855059435	0.0	0.000347988419	0.0	0.0	0.0	0.001188370423	0.000126661392	0.00446699387	0.000221655096	0.004516052174	0.001488329856	0.000205999908	0.000126667632	0.000618096325	0.00215330232	0.00884128615	3.1665504e-05	0.010124161525	0.0	0.002946214444	0.000316656912	0.020524975504	0.000602607	0.025084907137
0.003546617256	0.001202977495	0.000554156928	0.000427226356	0.0	0.000854797154	0.0	0.0002531875	0.0	0.0	0.0	0.001362386025	0.000174176496	0.021921254582	0.000237502512	0.004783708728	0.001868284704	0.004007792282	0.000158328144	0.000697037297	0.00202665216	0.013558449439	3.1666752e-05	0.009569891404	0.0	0.004875738979	0.000506671776	0.022346874377	0.00066603775	0.029335475701
0.007235690904	0.007554878322	0.006919020576	0.010544383118	0.00626996916	0.017588569905	0.001013312664	0.01200251544	0.000364152672	0.046186598632	0.001504148256	0.015484018335	0.002628296424	0.043327530461	0.00093413736	0.025280791562	0.004781597184	0.021402593948	0.00326162304	0.013161985957	0.0047182668	0.018046291527	0.002723274528	0.013797277309	0.002549129856	0.007678864622	0.001868294064	0.025581618357	0.00066605675	0.02675199264
0.00394242264	0.001155612999	0.000807474096	0.000410990115	0.0	0.00087059239	0.0	0.000253370491	0.0	0.0	0.0	0.001172250899	0.000190008	0.004420241418	0.000237502512	0.004546574953	0.00144079728	0.000190050744	0.000189994896	0.000665353635	0.002058322656	0.010121294082	3.1666752e-05	0.009613711733	0.0	0.004307335661	0.00033249372	0.020256078503	0.000666041875	0.026497903379
0.00688734072	0.007568120267	0.0065233116	0.010481126411	0.006254140464	0.01754005349	0.000997482096	0.011840567987	0.000490825296	0.046074692736	0.001614954744	0.015484451604	0.002834150904	0.043377560486	0.000934158888	0.025640804325	0.00463909992	0.021434358419	0.003499118064	0.013461568623	0.004354127856	0.019766810486	0.002881654464	0.013831309388	0.002549141712	0.009345655173	0.001836664128	0.025598890965	0.000666036375	0.027926983592
0.003910747464	0.001123880544	0.000807481584	0.000364242758	0.0	0.000838920427	0.0	0.000300804966	0.0	0.0	0.0	0.001188303739	0.000158327208	0.004528640783	0.000237487536	0.004561823562	0.001456659984	0.000174235317	0.00015833376	0.000649661171	0.002089977552	0.00873164098	3.1665504e-05	0.00959958169	0.0	0.002850016099	0.000332489664	0.020256245139	0.000697759875	0.025481612102
0.003546609768	0.001155768194	0.00056999124	0.000426366994	0.0	0.000854895037	0.0	0.000253071345	0.0	0.0	0.0	0.001299434196	0.000189990216	0.004433604174	0.000253320912	0.004641619233	0.001393324608	0.000190040254	0.000158332512	0.000696964922	0.002058315168	0.008825008592	3.1665504e-05	0.009455928817	0.0	0.003003650702	0.00033249216	0.020211537494	0.000650187	0.025232744711
0.0	0.0	0.0	0.0	0.0	0.0	0.0	1.571598e-05	0.0	0.0	0.0	0.000221814361	0.0	4.7818516e-05	0.0	0.000158325085	0.0	0.0	0.0	0.0	7.9163136e-05	0.01012553119	0.0	0.009519202715	0.0	0.004403935245	0.000316659096	0.02014687469	0.00065018175	0.026481765217
0.00384741864	0.001155442408	0.000791649144	0.000363718266	0.0	0.000839004536	0.0	0.00030097894	0.0	0.0	0.0	0.001204323347	0.000126661392	0.004450431866	0.000237487536	0.004515740538	0.001456661856	0.000174261517	0.000142501008	0.000602184172	0.002121643056	0.008668130932	3.1665504e-05	0.009459673647	0.0	0.002863711978	0.000364154232	0.020210100313	0.000697760125	0.025353973557
0.006903220896	0.007678879711	0.006618293136	0.016276004295	0.006095813256	0.017841308737	0.000839153016	0.011985107409	0.000554145696	0.046039307128	0.001472439384	0.015388876012	0.00273911976	0.043346659849	0.000949980096	0.025452121982	0.004765760688	0.021484444766	0.003388274448	0.013239630214	0.004464955872	0.02414870673	0.002913308736	0.013781879251	0.0025649676	0.009898457816	0.001852511232	0.027879452438	0.00063432325	0.030727440838
0.0	0.0	0.0	0.0	0.0	0.0	0.0	0.0	0.0	0.0	0.0	0.000237609021	1.5833376e-05	0.000190063583	0.0	0.000158325254	0.0	0.000284107701	0.0	0.0	6.3331008e-05	0.010931366443	0.0	0.009617249424	0.0	0.004370672594	0.000475003776	0.021255693501	0.000666040125	0.02914306822
0.003847417704	0.001203083335	0.000759979584	0.00033233703	0.0	0.000854839977	0.0	0.000301045692	0.0	0.0	0.0	0.001235593416	0.000110839248	0.004388126484	0.000237503448	0.004562288147	0.001424960784	0.000126719736	0.000158328768	0.000570374719	0.002184978432	0.00876182905	4.7499504e-05	0.009548601418	0.0	0.002927164375	0.000316660344	0.020145598864	0.000650179125	0.025324908145
0.0	0.0	0.0	0.0	0.0	0.0	0.0	0.0	0.0	0.0	0.0	0.0	0.0	0.0	0.0	0.0001426153	0.0	0.0	0.0	0.0	7.9163136e-05	0.008874947085	0.0	0.009520744117	0.0	0.003004215805	0.00028499484	0.020497452053	0.000586750875	0.025129744575
0.0	0.0	0.0	0.0	0.0	0.0	0.0	0.0	0.0	0.0	0.0	0.0	0.0	0.000157827719	0.0	0.000158351193	0.0	0.003344031818	0.0	0.0	7.9162512e-05	0.013468959922	0.0	0.009646443883	0.0	0.004749486717	0.000490836216	0.022380850522	0.000618463	0.029411429498
0.003578259672	0.001171525016	0.000554155992	0.000427204038	0.0	0.000870877179	0.0	0.000237187421	0.0	0.0	0.0	0.001394412059	0.000174157776	0.004450302373	0.00022165416	0.004656872084	0.001440827856	0.000205902209	0.000142501008	0.000681278334	0.0020741448	0.008776079488	1.5832752e-05	0.009423403541	0.0	0.002942428235	0.00030082728	0.02033831027	0.00063433	0.025171933581
0.0	0.0	0.0	0.0	0.0	0.0	0.0	0.0	0.0	0.0	0.0	0.0	0.0	0.0	0.0	0.000174182823	0.0	0.0	0.0	0.0	6.3330384e-05	0.008715881468	0.0	0.00950534414	0.0	0.002896624425	0.000332491224	0.020115209899	0.00063432525	0.02530735843
0.003530756736	0.001171415919	0.000585819	0.000459043062	0.0	0.000839035816	0.0	0.000315861846	0.0	0.0	0.0	0.001267473034	0.000158342184	0.004530012341	0.000237503448	0.004563012894	0.0015041208	0.000189996479	0.000110834256	0.000665529567	0.002105804688	0.008794112168	3.1666752e-05	0.0095059047	0.0	0.0030388942	0.000300825096	0.020529537186	0.000602610625	0.025180874364
0.007568138448	0.00753931378	0.007140737448	0.010401324795	0.006475777776	0.017729998054	0.001044988776	0.011840843621	0.000395814744	0.046066934538	0.001583317944	0.015531834416	0.002786628312	0.043329406132	0.001029121704	0.025688218781	0.004559915568	0.021472240266	0.003499106832	0.013366727608	0.004512456	0.018106061277	0.002770817088	0.013666139788	0.002659964112	0.007806198637	0.001805000808	0.025647303064	0.00066603725	0.026942691946
0.007473165336	0.00758595394	0.007045676352	0.010385893682	0.006428300112	0.0177619294	0.001044985032	0.012016655975	0.000316657224	0.046082365812	0.001567484568	0.015547948489	0.00275495688	0.043315416963	0.001029130128	0.025532237798	0.004607437536	0.021338173555	0.00346743696	0.013289414245	0.00460742568	0.017899290894	0.00278666232	0.013669960901	0.002628284256	0.007712702347	0.001820835744	0.025503956829	0.000650182625	0.026914661711
0.0	0.0	0.0	0.0	0.0	0.0	0.0	0.0	0.0	0.0	0.0	0.0	0.0	0.0	0.0	0.000158373486	0.0	0.0	0.0	0.0	6.3330384e-05	0.00872935019	0.0	0.009536195421	0.0	0.002911890582	0.00033249216	0.020162209788	0.0006501835	0.025323555936
0.00690317784	0.00755291574	0.006602452272	0.010718702925	0.006016652928	0.017714247744	0.000870813216	0.011904915407	0.000522485496	0.046077611601	0.001488279312	0.015326054965	0.002834134056	0.043377227735	0.000934153272	0.025611635267	0.004686611904	0.021400968807	0.003451597344	0.013320656024	0.00440158992	0.021167246903	0.002865821712	0.013828396799	0.00256496448	0.009296955548	0.001852508112	0.026786974823	0.000634322875	0.030442050111
0.003578255928	0.001171485785	0.000538320744	0.000411021333	0.0	0.000854792109	0.0	0.000268775623	0.0	0.0	0.0	0.001283467224	0.000189990216	0.004497149818	0.000253321848	0.004641609778	0.001314157104	0.000174263455	0.000174167136	0.000728914756	0.002010810048	0.00879519799	3.1665504e-05	0.009442324442	0.0	0.002989846179	0.000348324288	0.020352853619	0.00066604275	0.025340015218
0.003546591048	0.001092219295	0.000807480648	0.00039565686	0.0	0.000839053837	0.0	0.000268841411	0.0	0.0	0.0	0.001220062243	0.000189991152	0.004481028314	0.000237487536	0.0046427002	0.001377494352	0.000174176186	0.00015833376	0.000697245305	0.002042477424	0.008683517013	3.1665504e-05	0.009566377292	0.0	0.002897097806	0.000332491848	0.020274260435	0.0006819025	0.025325821433
0.00690316848	0.007631647781	0.00650733876	0.010401648154	0.006190814448	0.017669636702	0.001013353848	0.011854875806	0.00049081968	0.04614486471	0.001551654936	0.015435591498	0.002834110656	0.04327931526	0.001029138552	0.025612568427	0.00463908744	0.021419899532	0.00353082912	0.013336412893	0.004433274768	0.018091363146	0.002881599552	0.013636197747	0.002612455248	0.007808485494	0.001820803608	0.025771312224	0.000634327625	0.026659746933
0.0	0.0	0.0	0.0	0.0	0.0	0.0	1.5702932e-05	0.0	0.0	0.0	0.000206076489	1.5834312e-05	0.0	0.0	0.00012669574	0.0	0.0	0.0	0.0	9.4996512e-05	0.008860454462	0.0	0.009537119375	0.0	0.003067855698	0.000300827592	0.020388468223	0.0006184935	0.025117528145
0.0	0.0	0.0	0.0	0.0	0.0	0.0	0.0	0.0	0.0	0.0	0.0	0.0	0.0	0.0	0.000126655876	0.0	0.0	0.0	0.0	7.9163136e-05	0.00884099851	0.0	0.009539043863	0.0	0.003021256649	0.00030082416	0.020592574634	0.0005708915	0.025052408709
0.00714066444	0.007601109903	0.006823998792	0.01054433632	0.006238302408	0.017730154897	0.001044977544	0.012066888376	0.000395819424	0.04616686787	0.001488315816	0.015437215134	0.00258080472	0.043377203046	0.00090247248	0.025122049087	0.004813262064	0.021577546128	0.003245788416	0.013130811814	0.004670765424	0.018073474058	0.002786605536	0.013863638257	0.002580802224	0.007741865276	0.001852464744	0.025756145576	0.000697774125	0.026467026488
0.005541656328	0.008183580142	0.000522488304	0.0	0.0	0.011244111625	0.0	0.0	0.0	0.020612053286	0.0	0.001868922752	3.166488e-05	0.0	0.0	0.014794360198	0.000728337168	0.000380237098	0.000680831424	0.032348728138	0.002026644672	0.008730964057	0.00011082864	0.015821900384	0.0	0.004210087868	0.000332489664	0.029761162021	0.000666043125	0.029196905943
0.007378150104	0.007570579455	0.006998161248	0.010244814532	0.006380785008	0.017792383631	0.001029151656	0.012047676814	0.000316650672	0.046128457462	0.001504146384	0.015499965412	0.002707461432	0.04328297698	0.001029131064	0.025468837604	0.004686600048	0.021466459289	0.003419951184	0.013305029489	0.004639116144	0.018090813855	0.002739164688	0.013653745867	0.002596636848	0.007744819033	0.001820833872	0.025422947938	0.000634335375	0.026798896227
0.0	0.0	0.0	0.0	0.0	0.0	0.0	1.5833223e-05	0.0	0.0	0.0	0.000190222058	0.0	0.0	0.0	0.00014255164	0.0	0.0	0.0	0.0	7.9163136e-05	0.008919615972	0.0	0.009588919209	0.0	0.002992741489	0.000316659096	0.020468432242	0.000618489875	0.024942617245
0.006998418648	0.008391647415	0.006713288712	0.010528538454	0.006174854712	0.018586403591	0.001029143232	0.018017324171	0.000427487112	0.046512656837	0.001472503968	0.030803874113	0.006934975632	0.050631581114	0.00218497968	0.037741725174	0.004829086704	0.021403343758	0.003230005584	0.040831690996	0.004591611648	0.018820502467	0.002818281648	0.019939215176	0.003847470432	0.009771716438	0.001852448208	0.031167765854	0.00060260625	0.029493495581
0.005636665008	0.009071901064	0.00671326812	0.004401586877	0.006602358672	0.022784475569	0.001029144168	0.008219029703	0.0004116528	0.04643783271	0.000174165264	0.024169931309	0.00487663488	0.003327448607	0.000807490008	0.032483702804	0.000760005168	0.002962812547	0.0006649968	0.036117799202	0.002469977328	0.01066368805	0.001535815008	0.018945903906	0.001820808912	0.008854163426	0.0007124832	0.031884796567	0.0007611905	0.030986449264
0.0	0.0	0.0	0.0	0.0	0.0	0.0	0.0	0.0	0.0	0.0	0.000253524428	3.1665816e-05	0.0	0.0	0.000174188379	0.0	0.0	0.0	0.0	6.333288e-05	0.008730923219	0.0	0.009488314848	0.0	0.002845962711	0.00031665816	0.020278135963	0.000666044625	0.025371586249
0.0	0.0	0.0	0.0	0.0	0.0	0.0	0.0	0.0	0.0	0.0	0.0	0.0	0.0	0.0	0.000126603403	0.0	0.0	0.0	0.0	7.9163136e-05	0.008936125588	0.0	0.009589231257	0.0	0.003006072547	0.000332490912	0.020481451428	0.000618459	0.024942245491
0.0	0.0	0.0	0.0	0.0	0.0	0.0	0.0	0.0	0.0	0.0	0.0	0.0	0.0	0.0	0.000189985266	0.0	0.0	0.0	0.0	3.1665504e-05	0.008778768583	0.0	0.010091588191	0.0	0.002960813752	0.000316664088	0.020398980767	0.000634326375	0.025107592275
0.003736706688	0.001171362533	0.000759982392	0.00044344806	0.0	0.000823306571	0.0	0.000332632738	0.0	0.0	0.0	0.001124948991	0.000126660456	0.004498510027	0.00022165416	0.004547111166	0.001472494608	0.000174404166	0.000126667632	0.000586329017	0.002169138192	0.008828433923	4.7498256e-05	0.009540622201	0.0	0.00289731719	0.000300823848	0.020541188691	0.000634326625	0.025086832419
0.003499221024	0.003151132373	0.00068081832	0.000443523041	0.0	0.000870804893	0.0	0.000395084091	0.0	0.000126993443	0.0	0.001536785102	0.000158325336	0.004641386625	0.000221656032	0.010343424553	0.001488331104	0.000760273992	0.0009341748	0.017246386832	0.002137470816	0.0087138564	4.7498256e-05	0.013637494156	0.0	0.003448289558	0.000284992344	0.024421048462	0.000570891125	0.02749599959
0.003530766096	0.001187098234	0.0005541588	0.001567207086	0.0	0.000870717605	0.0	0.000506078933	0.0	0.0	0.0	0.00216959904	0.000174171816	0.03349556054	0.000300834144	0.005117229195	0.003324964656	0.005749426852	0.000142494768	0.000697121729	0.002216649552	0.017319026418	1.5833376e-05	0.009551457546	0.0	0.019477687079	0.000427505208	0.022997478547	0.000666039375	0.036083791639
0.0	0.0	0.0	0.0	0.0	0.0	0.0	0.0	0.0	0.0	0.0	0.0	0.0	0.0	0.0	0.000158445756	0.0	0.0	0.0	0.0	6.3330384e-05	0.008887336858	0.0	0.009539122867	0.0	0.002928289105	0.000284992344	0.020465360734	0.000666040625	0.024955567613
0.0	0.0	0.0	0.0	0.0	0.0	0.0	0.0	0.0	0.0	0.0	0.0	0.0	0.0	0.0	0.00014252168	0.0	0.000283209813	0.0	0.0	7.9163136e-05	0.010983119354	0.0	0.00961452945	0.0	0.004386990905	0.000475002528	0.021366044679	0.000634320375	0.028906006328
0.0	0.0	0.0	0.0	0.0	0.0	0.0	0.0	0.0	0.0	0.0	0.0	0.0	0.0	0.0	0.000142621254	0.0	0.0	0.0	0.0	4.7497632e-05	0.008762209809	0.0	0.009455704488	0.0	0.002943371431	0.000284997336	0.020431134025	0.000602611375	0.025196315766
0.0	0.0	0.0	0.0	0.0	0.0	0.0	1.5748404e-05	0.0	0.0	0.0	0.000221872727	0.0	0.0	0.0	0.000158307277	0.0	0.0	0.0	0.0	7.9164384e-05	0.009208194833	0.0	0.00953602433	0.0	0.003388325593	0.000332494344	0.02024358584	0.000634322875	0.025228466095
0.0	0.0	0.0	0.0	0.0	0.0	0.0	1.5757371e-05	0.0	0.0	0.0	0.000221857166	0.0	0.0	0.0	0.000158451884	0.0	0.0	0.0	0.0	6.3331008e-05	0.008888773956	0.0	0.009523690486	0.0	0.002927669205	0.00028499016	0.02032246715	0.00065018475	0.025053104465
0.0	0.0	0.0	0.0	0.0	0.0	0.0	1.5826104e-05	0.0	0.0	0.0	0.000174357841	1.583244e-05	0.0	0.0	0.000285268421	0.0	0.0	0.0	0.000631052937	7.916376e-05	0.008792930147	0.0	0.010501305244	0.0	0.00303994541	0.000300829464	0.021240550895	0.00057089225	0.025004389324
0.00574758756	0.009088648814	0.006586623576	0.004368797273	0.006064037928	0.023529419681	0.000902479968	0.009546004134	0.000490817808	0.046563522456	0.001440844704	0.027067762948	0.005858309808	0.009188466739	0.000949980096	0.038679597769	0.00148833672	0.004515629986	0.0013933296	0.036118096701	0.002533305216	0.010712434961	0.001551650256	0.019006379927	0.001773316896	0.008806489642	0.000728316576	0.031931253613	0.000713615625	0.030870643975
0.006919261128	0.0090576419	0.006570793944	0.0105755743	0.006159021336	0.023796130633	0.00101330892	0.018179185859	0.000459151992	0.046528551557	0.001472503032	0.045217396436	0.006998305392	0.05504962363	0.003214133208	0.055621220521	0.004797421824	0.022562923559	0.003309173088	0.048642297914	0.0045916104	0.019482605825	0.004417428288	0.020513562989	0.003879134064	0.010135845274	0.002169136008	0.032358047891	0.00065018025	0.03072791885
0.0	0.0	0.0	0.0	0.0	0.0	0.0	0.0	0.0	0.0	0.0	0.0	0.0	0.0	0.0	0.000158446651	0.0	0.0	0.0	0.0	6.3330384e-05	0.008841946165	0.0	0.009526264546	0.0	0.002894395535	0.000269158656	0.020368724916	0.000697755125	0.025021795247
0.0	0.0	0.0	0.0	0.0	0.0	0.0	0.0	0.0	0.0	0.0	0.000253604109	1.5834312e-05	0.0	0.0	0.000174119533	0.0	0.0	0.0	0.0	1.5832752e-05	0.008778110692	0.0	0.009456544484	0.0	0.002944499592	0.000332492472	0.020244748271	0.000650186	0.025234139408
0.003799922256	0.001218719531	0.000728321256	0.000426914973	0.0	0.000839084039	0.0	0.000301123955	0.0	0.0	0.0	0.001235713842	0.00011083644	0.004499164303	0.000221666328	0.004483414042	0.001440796656	0.000142523219	0.000126663264	0.000586152988	0.002169137568	0.008762992944	4.7500128e-05	0.009518359964	0.0	0.002834391377	0.000332494344	0.020353230374	0.000634323375	0.025310861851
0.0	0.0	0.0	0.0	0.0	0.0	0.0	0.0	0.0	0.0	0.0	0.000237677978	0.0	0.0	0.0	0.000158369561	0.0	0.0	0.0	0.0	6.3331008e-05	0.008794210646	0.0	0.009538694807	0.0	0.002865778413	0.000316660968	0.020197679502	0.0006660445	0.025353840572
0.0039107484	0.001155450815	0.000807470352	0.000395405533	0.0	0.00085472408	0.0	0.000269121851	0.0	0.0	0.0	0.001188308476	0.000142502256	0.004388815618	0.000237498768	0.004577646526	0.001456626288	0.000174215048	0.000142496016	0.000633809485	0.002105796576	0.009126154109	3.1666752e-05	0.009567218155	0.0	0.00345065722	0.000300827904	0.020225456741	0.000681898875	0.02529528314
0.006903199368	0.007694667638	0.006586532784	0.010497437938	0.006127494048	0.017732173814	0.000870858144	0.012031444112	0.000474984432	0.045978850609	0.001472492736	0.015357546568	0.002739108528	0.043406316221	0.00098163936	0.025581022188	0.004718284896	0.02140387082	0.003388333728	0.013319603316	0.00448077552	0.018232366106	0.002865778032	0.013858118689	0.002533284	0.007883138378	0.001836630432	0.025679196559	0.000586751625	0.026621056542
0.005573406384	0.008249014018	0.000569987496	0.000411676181	0.0	0.013518470247	0.0	0.000395267557	0.0	0.021017593682	0.0	0.005003451084	0.000158325336	0.006463969983	0.000364147992	0.019054971042	0.001488332976	0.000807901852	0.001298334336	0.032346503435	0.002121639312	0.008761886002	0.000126661392	0.015888406516	0.0	0.004274991869	0.000332491224	0.029838157824	0.000570891875	0.029048278738
0.006903169416	0.007773589413	0.006602335272	0.010465550575	0.006048316872	0.017762922591	0.000870857208	0.011998282146	0.000506649312	0.046031532646	0.001472492736	0.015356118121	0.002834112528	0.043437508279	0.000981641232	0.025677342694	0.004686606912	0.021453696191	0.003451653504	0.013304528321	0.004449106272	0.018134447505	0.002834101296	0.013715361751	0.002596621248	0.00783797322	0.001804970856	0.025677450161	0.0006184675	0.026653497239
0.0	0.0	0.0	0.0	0.0	0.0	0.0	0.0	0.0	0.0	0.0	0.0	0.0	0.0	0.0	0.000158391039	0.0	0.0	0.0	0.0	7.9162512e-05	0.01020170417	0.0	0.009580330844	0.0	0.00449755355	0.000300824784	0.020368898168	0.00063431725	0.026039195826
0.0	0.0	0.0	0.0	0.0	0.0	0.0	1.5756048e-05	0.0	0.0	0.0	0.000221820559	0.0	0.0	0.0	0.000158372307	0.0	0.0	0.0	0.0	6.3331008e-05	0.008841292551	0.0	0.009555864729	0.0	0.002802466583	0.000284991408	0.020244438745	0.000697759625	0.025338334984
0.0	0.0	0.0	0.0	0.0	0.0	0.0	0.0	0.0	0.0	0.0	0.0	0.0	0.0	0.0	0.000158374311	0.0	0.0	0.0	0.0	6.3330384e-05	0.008797697009	0.0	0.009538681454	0.0	0.002847146708	0.000300826344	0.020226329569	0.000666041	0.025340036503
0.0	0.0	0.0	0.0	0.0	0.0	0.0	0.0	0.0	0.0	0.0	0.0	0.0	0.0	0.0	0.000158394007	0.0	0.0	0.0	0.0	7.9163136e-05	0.008841961379	0.0	0.00960127793	0.0	0.003085960117	0.000300826344	0.020544371047	0.000618464875	0.024913949128
0.003546590112	0.001155366589	0.000696649824	0.00044279058	0.0	0.000839165632	0.0	0.000395363048	0.0	0.0	0.0	0.001299148998	0.000142506	0.004610223254	0.000205834824	0.004514524935	0.001472456544	0.000158472517	0.000126664512	0.00064966395	0.002121636192	0.008878293381	3.1666752e-05	0.00947311999	0.0	0.002990091517	0.000316660656	0.020543966981	0.000618485875	0.024958938562
0.000269158968	0.002470633005	0.0	0.0	0.0	0.0	0.0	0.0	0.0	0.0	0.0	0.000459417209	0.0	0.0	0.0	0.007492606341	0.000633333168	0.000285137945	0.000237498144	0.0168566114	0.00140915112	0.008715203349	3.166488e-05	0.013529198261	0.0	0.003305812124	0.000348321792	0.024074026555	0.0006818975	0.027705674326
0.0	0.0	0.0	0.0	0.0	0.0	0.0	1.5833223e-05	0.0	0.0	0.0	0.000206053565	1.5834312e-05	0.0	0.0	0.000126695905	0.0	0.0	0.0	0.0	7.9164384e-05	0.008878922917	0.0	0.009554802209	0.0	0.002943010563	0.000316661904	0.020437187441	0.00060263175	0.025037165283
0.0	0.0	0.0	0.0	0.0	0.0	0.0	0.0	0.0	0.0	0.0	0.0	0.0	0.0	0.0	0.000300816812	0.0	0.0	0.0	0.000646806952	0.0	0.008733318107	0.0	0.010534833445	0.0	0.002943633661	0.000316662528	0.021127292325	0.0006660425	0.025106182823
0.0	0.0	0.0	0.0	0.0	0.0	0.0	0.0	0.0	0.0	0.0	0.000190206305	0.0	0.0	0.0	0.001869366659	0.0	0.0	0.0	0.006935113191	1.5833376e-05	0.008716137331	0.0	0.011198156118	0.0	0.003006258776	0.000348325224	0.022600235012	0.000681899625	0.026246524576
0.0	0.0	0.0	0.0	0.0	0.0	0.0	0.0	0.0	0.0	0.0	0.0	0.0	0.0	0.0	0.000158379477	0.0	0.0	0.0	0.0	6.3333504e-05	0.008699490436	0.0	0.009439357747	0.0	0.002910412869	0.000316658784	0.020290203151	0.0006660515	0.025357206036
0.006681518064	0.007599897775	0.007140758976	0.010355052501	0.006507402408	0.017668248866	0.000981668376	0.011779878701	0.000379986048	0.046132781654	0.00156748176	0.015532426595	0.002786614272	0.043342707374	0.000997492392	0.025533730097	0.00460744128	0.021370448876	0.003483321504	0.013399653028	0.004496604528	0.018107198105	0.002786601168	0.01370332981	0.002628307968	0.007725370427	0.00186830436	0.025596124112	0.00068190075	0.026958176307
0.0	0.0	0.0	3.1678834e-05	0.0	0.0	0.0	0.0	0.0	0.0	0.0	0.000237658196	3.1667688e-05	0.012640031557	0.0	0.000158413318	0.0	0.005022416509	0.0	0.0	6.3332256e-05	0.017332089386	0.0	0.00955531886	0.0	0.019447107892	0.000506670528	0.022761872266	0.000666040625	0.036332575639
0.0	0.0	0.0	0.0	0.0	0.0	0.0	3.1651767e-05	0.0	0.0	0.0	0.000190187033	0.0	0.0	0.0	0.000142540544	0.0	0.0	0.0	1.5865284e-05	7.916376e-05	0.008794252315	0.0	0.01010405417	0.0	0.003023213947	0.000284992344	0.020542860497	0.00057089075	0.025006158218
0.0	0.0	0.0	0.0	0.0	0.0	0.0	0.0	0.0	0.0	0.0	0.0	0.0	0.0	0.0	0.000142591115	0.0	0.0	0.0	0.0	6.332976e-05	0.008876252187	0.0	0.0095381663	0.0	0.002959372369	0.000284996712	0.020418938978	0.000634338625	0.02516562938
0.0	0.0	0.0	0.0	0.0	0.0	0.0	3.1583664e-05	0.0	0.0	0.0	0.000190173699	0.0	0.0	0.0	0.00012673871	0.0	0.0	0.0	0.0	7.916376e-05	0.008792629922	0.0	0.009524298092	0.0	0.002991331362	0.000316660032	0.020669104948	0.000586752	0.024895683738
0.006855678648	0.007679698117	0.006602343696	0.01051238103	0.006190831296	0.017810592519	0.000918313344	0.012032896297	0.000459151992	0.045958512754	0.001472498352	0.015405391617	0.002644114824	0.043377513029	0.000997472736	0.025436677052	0.004765778784	0.021414839571	0.003325005216	0.013240782671	0.004512439152	0.018247635273	0.002881609536	0.013860334787	0.002533282128	0.007947881445	0.001868298432	0.025822330564	0.000570892375	0.02651229317
0.003546721152	0.001187220729	0.000728316576	0.000458586989	0.0	0.000886622552	0.0	0.000379406602	0.0	1.577005e-05	0.0	0.001330735443	0.000126660456	0.004593929245	0.000221656032	0.007540916649	0.001504163232	0.000728797985	0.000934174176	0.007550536837	0.002105804688	0.008730556027	3.1665504e-05	0.011211801916	0.0	0.003116508065	0.000300826032	0.022949356914	0.000586749625	0.025846758091
0.0	0.0	0.0	0.0	0.0	0.0	0.0	3.149426e-05	0.0	0.0	0.0	0.000190173333	0.0	0.0	0.0	0.000158385877	0.0	0.0	0.0	0.0	7.9164384e-05	0.008824318089	0.0	0.009582764752	0.0	0.002911380154	0.000300827904	0.020306126165	0.000650180875	0.025086972483
0.0	0.0	0.0	0.0	0.0	0.0	0.0	3.15819e-05	0.0	0.0	0.0	0.000190234911	0.0	0.0	0.0	0.000126658457	0.0	0.0	0.0	0.0	7.916376e-05	0.008951200548	0.0	0.009632843089	0.0	0.003069406979	0.00033249216	0.020669167887	0.00058675075	0.024879787796
0.006871504536	0.007647390927	0.006475672944	0.010337408424	0.00650744172	0.017606370534	0.00099750924	0.011778785022	0.000443318616	0.046140269962	0.001599150384	0.015514648507	0.002818279152	0.043278324272	0.00107663868	0.025677026544	0.004575755184	0.02140340861	0.003530825376	0.013305295595	0.004433277888	0.017965066272	0.002865767424	0.013668533228	0.002691619632	0.007822838074	0.001820812656	0.025738722949	0.00066604275	0.02664161909
0.006143377032	0.00824780168	0.000807481584	0.0	0.0	0.009611435323	0.0	0.0	0.0	0.01844919184	0.0	0.001646651233	0.0	0.0	0.0	0.014794932507	0.000791668176	0.000395980923	0.000664994304	0.032220236092	0.00212164368	0.008671589044	7.9162512e-05	0.015808252925	0.0	0.004178307364	0.0003799848	0.029758600853	0.00069775475	0.029272071634
0.003863253888	0.00113972261	0.000807479712	0.000363975994	0.0	0.000839079052	0.0	0.000300958001	0.0	0.0	0.0	0.001188095392	0.000110834568	0.004436992369	0.000253332144	0.004578534747	0.001424972016	0.000158383899	0.000158328144	0.000601979811	0.002169141312	0.00877970009	3.1666752e-05	0.009518383117	0.0	0.002894080812	0.000316661904	0.020082519628	0.0006501835	0.025340784183
0.0	0.0	0.0	0.0	0.0	0.0	0.0	0.0	0.0	0.0	0.0	0.0	0.0	0.0	0.0	0.000158380915	0.0	0.0	0.0	0.0	1.5833376e-05	0.008683966304	0.0	0.009504714484	0.0	0.002908601066	0.000364158288	0.020291610407	0.000666051125	0.025311315966
0.00372074976	0.001187143641	0.000744149952	0.000427089793	0.0	0.000839169136	0.0	0.000347984797	0.0	0.0	0.0	0.001219720411	0.000110839248	0.004499125916	0.000221671008	0.004546606527	0.001456633152	0.000142576872	0.000142497264	0.000586122035	0.002153309184	0.008797681024	4.7500128e-05	0.009617462732	0.0	0.002896002382	0.000316659096	0.020304687884	0.000666058625	0.025086315191
0.0	0.0	0.0	0.0	0.0	0.0	0.0	0.0	0.0	0.0	0.0	0.0	0.0	0.0	0.0	0.000158316175	0.0	0.0	0.0	0.0	7.9163136e-05	0.009209974153	0.0	0.009613895525	0.0	0.003625756681	0.000300825408	0.020415618296	0.00063431975	0.024912183102
0.003673258992	0.001187238219	0.000728314704	0.000459190998	0.0	0.00085503688	0.0	0.000348248404	0.0	0.0	0.0	0.001219789978	0.000142507872	0.00456256055	0.00020583576	0.004546463018	0.001440793536	0.000158411678	0.000126663888	0.000601991816	0.002121628704	0.008809697203	3.1666752e-05	0.00958595034	0.0	0.003006381851	0.000316660656	0.020543987641	0.000681917625	0.024880973511
0.007315059024	0.007585474693	0.006950794968	0.010307211107	0.006317348544	0.017843939818	0.00102916944	0.012051276457	0.000379985112	0.046044432611	0.00155164932	0.015438290574	0.00270745956	0.043373139369	0.000949981968	0.025390829865	0.00473410704	0.021417979141	0.003372492864	0.013209640599	0.004654930176	0.018042092282	0.0027707784	0.014465153983	0.002596646208	0.007587058668	0.00186829344	0.025801358243	0.000666039	0.026797968795
0.003530759544	0.001155489152	0.000585821808	0.000459193556	0.0	0.000854931174	0.0	0.000268868912	0.0	0.0	0.0	0.001330894823	0.000158325336	0.004465838692	0.000237487536	0.004561957754	0.0014724996	0.000190098821	0.00014249976	0.000665482342	0.002089975056	0.008828359344	1.5832752e-05	0.009472816809	0.0	0.002991409486	0.000300826344	0.020450099232	0.0006184685	0.025196535851
0.007235901504	0.007536609237	0.0068874624	0.01046527541	0.006285687408	0.017717281101	0.001076667696	0.012066595974	0.000348320232	0.046151126465	0.001535831856	0.015468969197	0.002612485512	0.043387608968	0.0009341514	0.026055767137	0.00476577192	0.021500419294	0.003324997728	0.013983261879	0.004686600672	0.018012879515	0.002739114144	0.014764436238	0.002564981328	0.00761733358	0.001899960192	0.026466214612	0.0006343225	0.026718748835
0.0	0.0	0.0	0.0	0.0	0.0	0.0	0.0	0.0	0.0	0.0	0.0	0.0	0.0	0.0	0.000126738685	0.0	0.0	0.0	0.0	7.9162512e-05	0.009000269796	0.0	0.009651206295	0.0	0.002992027265	0.00031665816	0.020621369804	0.00058674975	0.024940588204
0.000284992344	0.002692158703	0.0	0.0	0.0	0.0	0.0	0.0	0.0	3.1754302e-05	0.0	0.000617893793	3.166488e-05	0.0	0.0	0.007444471835	0.000554166288	0.000269346695	0.000205834512	0.01693392288	0.001361649744	0.008732654476	3.1665504e-05	0.01363791179	0.0	0.003400162393	0.000316658472	0.024121681072	0.000666043	0.027630004073
0.0	0.0	0.0	0.0	0.0	0.0	0.0	3.1589369e-05	0.0	0.0	0.0	0.000190188929	0.0	0.0	0.0	0.000158400594	0.0	0.0	0.0	0.0	7.9164384e-05	0.008843226264	0.0	0.009617763528	0.0	0.003039067798	0.000316660344	0.020482182711	0.00065018025	0.024946022276
0.003815867016	0.001187108247	0.00079165008	0.000443055204	0.0	0.000823166911	0.0	0.000317075342	0.0	0.0	0.0	0.001156636355	0.000110828016	0.004434136155	0.00020582172	0.004577970954	0.001472493984	0.000174233148	0.000126667632	0.000554594588	0.002216636448	0.008887834498	4.7497632e-05	0.00947546268	0.0	0.002832107114	0.000284989536	0.020382978259	0.000666042625	0.025215073713
0.006982333488	0.007664016447	0.006697334592	0.010575790475	0.006190821	0.017747773417	0.000981647784	0.012036004957	0.000443320488	0.046124673101	0.001519986312	0.015436868028	0.00251747028	0.043390372449	0.000949966992	0.025230523049	0.004844843952	0.021546104305	0.003214131024	0.013240714342	0.004575773904	0.018188702038	0.002865768048	0.013892764253	0.002580795984	0.007825482792	0.001884134304	0.02574105018	0.000618467375	0.026418486223
