0.0	0.0	0.0	0.0	0.0	0.0	0.0	7.7089713e-05	0.0	0.0	0.0	5.5016235e-05	0.0	6.606072e-05	0.0	0.002817868926	0.000121001712	0.002160715251	0.0	0.004665360345	0.0	0.012986172857	0.001199067792	0.01193302611	0.00045102408	0.004366936279	0.000429031824	0.008607283314	0.0	0.01826503371
0.0	0.0	0.0	1.1067408e-05	0.0	0.0	0.0	0.000592613911	0.0	0.0	0.0	0.000517030987	0.0	0.004005903283	0.0002530242	0.002840414808	0.000132003456	0.005449830915	9.9005712e-05	0.004642849103	0.0	0.017106236221	0.001166085648	0.011867299544	0.000440033568	0.007173149364	0.000451038432	0.010279872548	0.0	0.022500723692
0.0	0.0	0.0	0.0	0.0	0.0	0.0	9.8991026e-05	0.0	0.0	0.0	4.4000961e-05	0.0	6.6204462e-05	0.0	0.002795511344	0.000121012944	0.00207244758	0.0	0.00469893386	0.0	0.012819906128	0.001166065056	0.014088390815	0.000440017968	0.004398989556	0.000418020408	0.008773196495	0.0	0.01828981552
0.0	0.002574961427	0.0	0.0	1.1000808e-05	0.000506540752	0.0	0.000329777304	2.200068e-05	0.00609588291	0.0	0.002201288618	0.0	0.000187043235	0.0	0.029158150068	0.000803044944	0.003304142833	2.200224e-05	0.040074126892	0.0	0.013641488767	0.001958095776	0.022352956977	0.002640102816	0.005995579211	0.001243047936	0.012913231636	0.00042970675	0.020951864676
0.0	0.003926263071	0.0	0.000450528167	0.0	0.00058345817	0.0	0.000670696362	0.000110004336	0.011942655944	0.0	0.000880452676	0.000374024664	0.003298719563	0.0	0.015094858273	0.000792047568	0.002246622664	2.200224e-05	0.019386087059	0.0	0.012832968882	0.001595088768	0.018852491063	0.0016830684	0.005873821878	0.000418015104	0.011711980597	0.0	0.020668476279
0.0	0.000857557877	0.0	0.000164963748	2.200068e-05	0.000594312781	0.0	0.000703475449	5.5002168e-05	0.002950301712	0.0	4.4022414e-05	0.0	0.003078588028	0.0	0.006406360987	0.000110012448	0.002193235703	0.0	0.013322599971	0.0	0.012776998772	0.001199067792	0.016055126394	0.000704030496	0.004840496134	0.000440016096	0.010699483626	0.0	0.019773934348
0.00443319084	0.007250825372	0.004235178168	0.003949286588	0.000176007312	0.005062648731	0.0	0.005632743667	0.001551056832	0.037258575527	0.000330013008	0.006372892495	0.000814042944	0.039953106043	0.00115506612	0.020192850713	0.002882164272	0.014130793083	0.001980115488	0.011191542614	0.002772116256	0.014944056913	0.001595081904	0.012867279595	0.002057127696	0.004367613589	0.001056076008	0.009343826911	0.00037461575	0.01825529118
0.0	0.0	0.0	0.0	0.0	0.0	0.0	7.6583318e-05	0.0	0.0	0.0	6.5964558e-05	0.0	6.6175762e-05	0.0	0.002828364382	0.000165003696	0.002149495509	0.0	0.004589643465	0.0	0.012745309459	0.001144064064	0.011769212642	0.000462019584	0.004356092331	0.000418013856	0.008672887745	0.0	0.018212243389
0.0	0.0	0.0	0.0	0.0	0.0	0.0	8.7939186e-05	0.0	0.0	0.0	4.3986921e-05	0.0	7.7232927e-05	0.0	0.002784907564	0.000121002336	0.002115652456	0.0	0.004776187667	0.0	0.012867296752	0.001199065296	0.011867541963	0.000462039552	0.004377420204	0.000407050488	0.008673243197	0.0	0.018267433477
0.004620196152	0.007283838053	0.004433183352	0.003960255618	0.000165006504	0.00504163313	0.0	0.005709636318	0.001474053048	0.037129914761	0.00040701492	0.006438900742	0.000836037072	0.040057346701	0.001001057616	0.020085159234	0.00302516448	0.013991660592	0.001881104784	0.011059214217	0.002849127216	0.015210318573	0.001419077712	0.012880185343	0.001991120976	0.004400914825	0.00110006832	0.009300413085	0.000407669625	0.018244503599
0.0	0.0	0.0	0.0	0.0	0.0	0.0	0.000307336909	0.0	0.0	0.0	4.4001708e-05	0.0	7.7108607e-05	0.0	0.002828425171	0.000154004448	0.002639335451	0.0	0.004676140624	0.0	0.014093735611	0.001199092128	0.011855655627	0.00049503792	0.006678187576	0.00039604968	0.008661817045	0.0	0.019002793635
0.004191213312	0.007416161739	0.00410326488	0.009646508325	0.000176013864	0.004997071827	0.0	0.005752569231	0.001430098488	0.037034652838	0.000374023728	0.006438959525	0.000792050688	0.039940027379	0.00102306204	0.02013847645	0.002959167744	0.013957317804	0.001914119376	0.011103783219	0.002849117856	0.019448654036	0.00146310528	0.012802381679	0.001980134832	0.007185100022	0.001067059344	0.010972718827	0.000429713	0.022536113785
0.0	0.000670388385	0.0	0.000164968918	0.0	0.000616348779	0.0	0.000605068042	0.000110004336	0.001188050685	0.0	6.597074e-05	0.0	0.003113470107	0.0	0.002840695324	0.000132003456	0.002138419349	0.0	0.004775825608	0.0	0.012840607507	0.00119906904	0.011812409508	0.000473040672	0.004377500705	0.000385050744	0.008661829874	0.0	0.018111860234
0.004609202832	0.007272962659	0.004433266656	0.003949470846	0.000187007184	0.005051890493	0.0	0.005708666203	0.001474053048	0.03708772475	0.000374021856	0.006471658555	0.0008250372	0.039829597161	0.001023060168	0.020050471162	0.003003148512	0.014198424765	0.001892125872	0.010928223437	0.002882119344	0.015097821362	0.001430075712	0.01278003065	0.001936120992	0.004433531855	0.001089070632	0.009301717124	0.000429704375	0.018245158638
0.0	0.0	0.0	0.00160566754	0.0	0.0	0.0	0.000955932195	0.0	0.0	0.0	0.00062718719	0.0	0.012738507666	0.000572035464	0.003787357362	0.001397066112	0.00692544598	0.000121004832	0.004666283927	0.0	0.018290384899	0.00121009512	0.012834976757	0.000495051648	0.016229530648	0.000407034888	0.010873288999	0.0	0.024693683746
0.004136313168	0.007339152836	0.004400254872	0.003927124315	0.000198007992	0.005051457771	0.0	0.005773966485	0.001430061984	0.037099254703	0.000374019984	0.006438071654	0.00080304588	0.039906728988	0.001023050808	0.019973164856	0.003003167232	0.014019462761	0.001881121632	0.010983565296	0.002871125712	0.015052730843	0.001441075584	0.013823803737	0.001947080304	0.004444939683	0.001100055216	0.009255951161	0.000429703125	0.018322757426
0.0	0.0	0.0	0.0	0.0	0.0	0.0	9.8594985e-05	0.0	0.0	0.0	5.5022514e-05	0.0	6.6115141e-05	0.0	0.002850233276	0.000165001824	0.002166636223	0.0	0.004698879702	0.0	0.012675123125	0.001199075904	0.011823961833	0.000473036304	0.004333467786	0.000396049368	0.008594799878	0.0	0.018245358563
0.0	0.0	0.0	0.0	0.0	0.0	0.0	7.6847638e-05	0.0	0.0	0.0	6.5944003e-05	0.0	5.4900287e-05	0.0	0.002828743427	0.000132003456	0.00210563856	0.0	0.004742918318	0.0	0.012942415891	0.00118805856	0.011800936548	0.000473028192	0.004377727411	0.000385014864	0.008683976726	0.0	0.018123445993
0.004521318984	0.007350146614	0.0042902496	0.004015549621	0.000176006376	0.005063132688	0.0	0.005664453579	0.001606073976	0.037232335037	0.000341013816	0.006317338925	0.000869042304	0.039936847092	0.00115506612	0.021589941556	0.002915154528	0.014129122689	0.001914120624	0.013340109159	0.00280512648	0.015018330496	0.001606083024	0.015793847532	0.0020240844	0.00444610614	0.001067052792	0.010477506751	0.00039665325	0.018586280957
0.0	0.0	0.0	0.0	0.0	0.0	0.0	8.7548967e-05	0.0	0.0	0.0	5.5008288e-05	0.0	6.6077488e-05	0.0	0.00283901914	0.000143004576	0.002113034939	0.0	0.004653500121	0.0	0.012863539312	0.001166066304	0.011910123272	0.000506036544	0.00428939605	0.000429052416	0.00868417172	0.0	0.018221967873
1.1000808e-05	0.000648554391	0.0	0.000142802881	1.1000808e-05	0.000594152736	0.0	0.000549803939	0.000176006376	0.001187858377	0.0	4.3993566e-05	0.0	0.003092000652	0.0	0.002805867639	0.000165004944	0.002203240163	0.0	0.004621773284	0.0	0.012761562635	0.001155066432	0.011793238516	0.000451032192	0.004399791751	0.000429052416	0.008705409821	0.0	0.018144081104
0.0	0.000626725501	0.0	0.001274607145	1.1000808e-05	0.000594543324	0.0	0.001132423828	9.9003528e-05	0.00116620628	0.0	0.000506007955	0.0	0.022619248216	0.000264025008	0.002840404512	0.000110002464	0.005604103914	0.000110003712	0.004654396999	0.0	0.017081982075	0.001199094	0.011879083977	0.000429033072	0.007205707655	0.000429038376	0.010289522941	0.0	0.022516442007
0.0	0.0	0.0	0.0	0.0	0.0	0.0	9.8985905e-05	0.0	0.0	0.0	4.4001339e-05	0.0	4.4269964e-05	0.0	0.002773084123	0.000143000832	0.002199786649	0.0	0.004611524075	0.0	0.012631406828	0.001166076912	0.011877837325	0.000429032448	0.004433283066	0.000440055096	0.008519175789	0.0	0.018311437559
0.0	0.000626474491	0.0	0.000164822513	0.0	0.000561372593	0.0	0.000659838646	8.800272e-05	0.001155198509	0.0	5.5012355e-05	0.0	0.003058873071	0.0	0.002761677969	0.00013200096	0.002092421922	0.0	0.004732535808	0.0	0.012822194036	0.001166076912	0.011853072155	0.000451035312	0.004389864346	0.000451052784	0.00867251914	0.0	0.018299558307
0.004235179104	0.007372562833	0.004081168728	0.003916675481	0.000176007312	0.004953382886	0.0	0.005697957016	0.001496052792	0.037066826087	0.000407018664	0.006395588554	0.0008030412	0.039974908843	0.001034089056	0.020094914509	0.002882196096	0.013979842125	0.001991074176	0.011126428781	0.002816131344	0.015144963591	0.001496081808	0.012777258558	0.002013118224	0.004333131703	0.001056078192	0.009333816312	0.000440729375	0.018277468031
0.0	0.000648723106	0.0	0.000164785626	1.1000808e-05	0.000583370926	0.0	0.000659717997	6.6002976e-05	0.00119909948	0.0	4.4025438e-05	0.0	0.003091296029	0.0	0.002816835832	0.000110002464	0.002288660755	0.0	0.004599413936	0.0	0.012985804827	0.001188096624	0.011868402026	0.000407032704	0.004939472667	0.000462057024	0.008639352973	0.0	0.018298538312
0.004543182072	0.007361861972	0.004345227432	0.003927587661	0.000165013992	0.005053484569	0.0	0.005653760109	0.001617086952	0.037263771051	0.00035202492	0.006361839953	0.000869045112	0.040005306637	0.001155057696	0.02003875661	0.002948156016	0.014042688661	0.001881081072	0.01116880317	0.002816116992	0.016548093549	0.001507116624	0.012855653518	0.002013138816	0.006667229608	0.001089072192	0.009277170764	0.0004076755	0.018991593282
1.1000808e-05	0.000637406583	0.0	0.000153825866	1.1000808e-05	0.000605410815	0.0	0.000560086626	0.000121004208	0.001199201353	0.0	4.4005083e-05	0.0	0.003024491695	0.0	0.002818513768	0.00012100296	0.002137787513	0.0	0.004687741216	0.0	0.012908770112	0.001155067056	0.011757201835	0.000440022336	0.004411549655	0.000418015104	0.00860722935	0.0	0.018201314434
0.0	2.1913952e-05	0.0	0.0	0.0	0.0	0.0	8.7942026e-05	0.0	0.001353576784	0.0	7.7014547e-05	0.0	7.7076194e-05	0.0	0.015017698579	0.00084705504	0.00228182788	4.400448e-05	0.019618770586	0.0	0.013018838601	0.001617090384	0.018842337546	0.001694068896	0.005852643723	0.000418015416	0.011732195983	0.0	0.020734771793
1.1001744e-05	0.007389028449	4.4002296e-05	0.000571604659	0.000110004336	0.007094909377	0.0	0.000648589208	0.000154005696	0.038714586936	0.0	0.002509846588	0.00041802228	0.003343449518	0.0	0.029188353649	0.000814047936	0.003369677626	3.300336e-05	0.040019572617	0.0	0.013767756699	0.002013105744	0.022429316948	0.002596107072	0.006019147244	0.00126505236	0.012945629815	0.000440725375	0.020954908716
0.004620200832	0.007351029603	0.00444418884	0.003960108046	0.000187007184	0.00505263033	0.0	0.005741980532	0.001496054664	0.037130918654	0.00037401624	0.006427293335	0.000869039496	0.039928942548	0.001034065656	0.019941648555	0.003003164112	0.013957649667	0.001870101168	0.01107073	0.002860130208	0.015211888935	0.001452077328	0.012812209233	0.001991120976	0.00440200991	0.001111070064	0.009278464146	0.00041868775	0.018289939406
0.0	0.0	0.0	0.0	0.0	0.0	0.0	8.797219e-05	0.0	0.0	0.0	6.5991425e-05	0.0	6.6100979e-05	0.0	0.002806614905	0.000110011824	0.002215229946	0.0	0.00468762154	0.0	0.012886603294	0.001188062928	0.014046889321	0.000429017472	0.004410025619	0.000429022776	0.008552967734	0.0	0.01824616871
0.004433191776	0.007338812712	0.004257183528	0.003960191712	0.00014300676	0.005084730457	0.0	0.005653722266	0.001595058192	0.037241574216	0.00035201556	0.006340209354	0.000814044816	0.039951776578	0.0011660688	0.020139325283	0.002882161152	0.013902684732	0.001969123104	0.011169951382	0.002783119248	0.014958933741	0.001562080416	0.012722721923	0.0020681232	0.004333255834	0.001067074008	0.009334459696	0.000385634875	0.018200887141
1.1000808e-05	0.000659528774	0.0	0.000164946873	2.200068e-05	0.00056137207	0.0	0.000571018398	0.000176006376	0.001176880235	0.0	5.5006164e-05	0.0	0.003036800721	0.0	0.00277282353	0.000143002704	0.002177394184	0.0	0.004654628252	0.0	0.012688766875	0.00113307792	0.011843050631	0.000473037552	0.004355941685	0.000429051792	0.008639572214	0.0	0.018200629028
0.0	0.0	0.0	0.0	0.0	0.0	0.0	9.8995614e-05	0.0	1.101186e-05	0.0	5.5026501e-05	0.0	6.601597e-05	0.0	0.002761999544	0.000132003456	0.002168780027	0.0	0.004698422791	0.0	0.013095698025	0.001166094384	0.011833185042	0.00045103656	0.004928021234	0.00044005572	0.008562265607	0.0	0.018211089259
0.0	0.0	0.0	0.0	0.0	0.0	0.0	9.90128e-05	0.0	0.0	0.0	4.3979216e-05	0.0	6.6040535e-05	0.0	0.002817044899	0.00012099984	0.002103439978	0.0	0.0046547215	0.0	0.012844617809	0.001177072416	0.011887933177	0.000473040048	0.004410133957	0.000429050856	0.008574350889	0.0	0.018221970691
0.004191187104	0.007393217625	0.004070192256	0.003937851421	0.000198017352	0.004909601352	0.0	0.005751600182	0.001452059856	0.037043127686	0.00038501892	0.00646103177	0.000814045752	0.039952167814	0.001012060296	0.020129297914	0.002926156896	0.014133413619	0.001947069696	0.011016777836	0.002827133712	0.015073842972	0.001485090672	0.012759273823	0.0019911372	0.004411619788	0.001067070576	0.009201277146	0.00042971175	0.018267689087
0.0	0.000659474326	0.0	0.000164874024	1.1000808e-05	0.000528353883	0.0	0.000638195531	8.800272e-05	0.001166091043	0.0	5.5029331e-05	0.0	0.00313682568	0.0	0.002806857994	0.000121001088	0.002116740572	0.0	0.004720362315	0.0	0.012910331573	0.001199074032	0.011822385609	0.00042902496	0.00437665864	0.00044003544	0.008539819913	0.0	0.018236333721
0.0045871956	0.007340215441	0.004411182672	0.003916719589	0.000187007184	0.005031314908	0.0	0.005632839776	0.001551056832	0.037172583619	0.000374014368	0.006428050383	0.0008250372	0.039940895966	0.00106705872	0.019951953632	0.0029811444	0.014160794726	0.001848076464	0.010995003052	0.002816133216	0.015041863282	0.001452082944	0.012790130506	0.001980151056	0.004400009835	0.001100069568	0.009222801595	0.000429712375	0.018277620597
0.0	0.006270643125	5.5002168e-05	1.1014892e-05	0.000121005144	0.0005181105	0.0	0.000362550628	2.200068e-05	0.011531592909	0.0	0.002289373288	0.0	0.000175973628	0.0	0.029198165023	0.00082504656	0.003390012278	2.200224e-05	0.040151988002	0.0	0.01363454129	0.001991104128	0.022385104743	0.002596107072	0.005963624531	0.00126505236	0.012876537261	0.000418689375	0.021031099281
0.0	0.0	0.0	0.0	0.0	0.0	0.0	9.8915802e-05	0.0	0.0	0.0	5.4984422e-05	0.0	6.6127994e-05	0.0	0.002828296995	0.000110001216	0.002170833	0.0	0.004697837081	0.0	0.012799318308	0.001188063552	0.011857688536	0.000473028192	0.004409843598	0.000385032336	0.008540642735	0.0	0.018147407602
0.0	0.0	0.0	0.0	0.0	0.0	0.0	9.8483298e-05	0.0	0.0	0.0	5.5003716e-05	0.0	5.5258911e-05	0.0	0.002783824266	0.000143004576	0.00218960821	0.0	0.004677294864	0.0	0.012701116179	0.001133064816	0.011820405669	0.000473021952	0.004355828542	0.000429015288	0.008650593979	0.0	0.018213156097
0.0	0.0	0.0	0.0	0.0	0.0	0.0	7.6610031e-05	0.0	0.0	0.0	3.301548e-05	0.0	5.5347558e-05	0.0	0.002873503557	0.000132002208	0.002038850491	0.0	0.004633310867	0.0	0.012743399035	0.001144076544	0.011767437807	0.000473037552	0.004400028522	0.000418051296	0.008683619994	0.0	0.018178843688
0.0	0.0	0.0	0.0	0.0	0.0	0.0	0.000121046582	0.0	0.0	0.0	4.4017326e-05	0.0	7.7063611e-05	0.0	0.002839186918	9.9001344e-05	0.002212036055	0.0	0.004599891762	0.0	0.012676941015	0.001177065552	0.011838644248	0.000407022096	0.004421910922	0.000451021896	0.00861859402	0.0	0.018278733493
0.004213199952	0.007349896232	0.004059187704	0.003992788494	0.000198008928	0.004963467255	0.0	0.005709052016	0.001452056112	0.037039230951	0.000385021728	0.006428429032	0.000814042944	0.03991835675	0.001034063784	0.020151340149	0.002904165888	0.013998133684	0.001958073936	0.011015716132	0.002805122112	0.015041900934	0.001496086176	0.012754707759	0.002013144432	0.004411190221	0.00105607944	0.009322841159	0.00042970975	0.018301418211
0.004246202376	0.007426570183	0.004125189744	0.003960043353	0.000176008248	0.004929878881	0.0	0.005686506404	0.001485056664	0.037077652722	0.000374019984	0.00648262645	0.000792046944	0.039885915439	0.001034059104	0.02010862495	0.002871160032	0.014080717437	0.00202411248	0.011037569613	0.002816113872	0.015318134444	0.001485075072	0.01279230822	0.002024123712	0.004489014274	0.00103408032	0.009233539733	0.000440723625	0.018248381984
0.0	0.0	0.0	0.0	0.0	0.0	0.0	8.7510628e-05	0.0	0.0	0.0	6.5988576e-05	0.0	6.6086944e-05	0.0	0.002883074365	0.000143002704	0.002146172171	0.0	0.004653918205	0.0	0.012720380112	0.001177065552	0.011886764078	0.00050602344	0.004322104475	0.000429028392	0.008705495501	0.0	0.018266266024
0.004301316864	0.007679934721	0.004136234544	0.00393843953	0.000176007312	0.006678230431	0.0	0.008548634331	0.001551069	0.043330477809	0.00138606624	0.012626031523	0.004202210376	0.03993088599	0.00105605604	0.029985936566	0.002827143696	0.014639495593	0.002035121712	0.026880626778	0.00275017392	0.01530706868	0.002090107344	0.019853122959	0.00262910544	0.005830114552	0.001012037832	0.01238218696	0.000418687625	0.020743281221
0.004554205344	0.007317567637	0.004389233472	0.003982173236	0.000154011312	0.005064333401	0.0	0.005566794552	0.001606061808	0.037210634942	0.000385029216	0.006394618116	0.000825050304	0.039982767687	0.001111056336	0.020050744219	0.002959144656	0.013901391584	0.001870071216	0.011124638004	0.00282711312	0.015078743072	0.001452078576	0.012853131581	0.0020131488	0.004323848163	0.001089075312	0.009321817569	0.00040767725	0.018232645326
0.0	0.0	0.0	0.0	0.0	0.0	0.0	7.7084465e-05	0.0	1.1041254e-05	0.0	5.5016235e-05	0.0	6.5917381e-05	0.0	0.002829429474	0.000109999968	0.002214786275	0.0	0.004666341516	0.0	0.012908412183	0.001199079648	0.011912393563	0.000440034816	0.004432179326	0.000429053664	0.0085845793	0.0	0.018243190133
0.0	0.000659414838	0.0	0.000153847557	0.0	0.000550546125	0.0	0.000616070336	0.0001100034	0.001176932546	0.0	4.3979216e-05	0.0	0.003168809608	0.0	0.002916952449	0.000143001456	0.002037604697	0.0	0.00469980459	0.0	0.012801585987	0.001199077152	0.011785591184	0.000484038672	0.004355173016	0.000385048872	0.008650528799	0.0	0.01819150349
0.0	0.0	0.0	0.0	0.0	0.0	0.0	7.6795722e-05	0.0	0.0	0.0	4.3977146e-05	0.0	5.5020614e-05	0.0	0.002917150539	0.00014301144	0.002059931302	0.0	0.004698692464	0.0	0.012769691412	0.001210064544	0.011743718621	0.000506021568	0.004300658471	0.000385013616	0.008674084741	0.0	0.018134997396
0.0	0.0	0.0	0.0	0.0	0.0	0.0	8.7866976e-05	0.0	0.0	0.0	4.397378e-05	0.0	7.7118049e-05	0.0	0.002905569573	0.000132002208	0.002048835682	0.0	0.004688086884	0.0	0.012635348365	0.001210067664	0.01181164481	0.000484029312	0.004376801079	0.000385034208	0.008683782569	0.0	0.01818264648
0.0	0.0	0.0	0.0	0.0	0.0	0.0	9.9021858e-05	0.0	1.1042262e-05	0.0	6.5991299e-05	0.0	6.59761e-05	0.0	0.002795709357	9.9001968e-05	0.002160073875	0.0	0.004645156679	0.0	0.012788230293	0.001188065424	0.011776140495	0.000407021472	0.004377975164	0.00044002452	0.008541260371	0.0	0.018223329244
0.0	0.0	0.0	0.0	0.0	0.0	0.0	9.8749944e-05	0.0	0.0	0.0	4.3986411e-05	0.0	5.4924471e-05	0.0	0.002872156314	0.000132004704	0.002136209443	0.0	0.004677817198	0.0	0.012678350856	0.00121006392	0.011821548626	0.00050602968	0.004388873049	0.000396014112	0.008563308585	0.0	0.018290384892
1.1000808e-05	0.000626736467	0.0	0.00016490792	1.1000808e-05	0.000550261684	0.0	0.000692363443	5.5002168e-05	0.001188196896	0.0	5.5016766e-05	0.0	0.003057479702	0.0	0.002783918753	0.000132002832	0.002159214837	0.0	0.004676841306	0.0	0.012787285796	0.001166065056	0.011853883683	0.00045102408	0.004389550689	0.000440015472	0.008661746264	0.0	0.018279100644
0.0	0.0	0.0	0.0	0.0	0.0	0.0	9.870736e-05	0.0	4.4006631e-05	0.0	5.501712e-05	0.0	5.5179598e-05	0.0	0.00641582057	0.00013201032	0.002180453526	0.0	0.013409634931	0.0	0.012665516572	0.001188066672	0.015938184661	0.000715030368	0.004873706102	0.000440015472	0.010652965317	0.0	0.019732185105
0.0	0.000670317428	0.0	0.000175768366	0.0	0.000583416553	0.0	0.000659627224	8.8003656e-05	0.001177262038	0.0	7.6991174e-05	0.0	0.003071863714	0.0	0.002795565879	9.9001968e-05	0.002170435288	0.0	0.004643473982	0.0	0.012754390151	0.001199069664	0.011797148758	0.000407021472	0.004399486817	0.000440034504	0.008595291212	0.0	0.01823407599
0.0	0.0	0.0	0.0	0.0	0.0	0.0	9.8730782e-05	0.0	0.0	0.0	5.4992225e-05	0.0	5.5000561e-05	0.0	0.003344917888	0.000132010944	0.002113562172	0.0	0.006671753355	0.0	0.012645490309	0.001221060672	0.01489012098	0.00051702144	0.004432054001	0.000396014112	0.009785728022	0.0	0.018554948674
0.0	0.0	0.0	0.0	0.0	0.0	0.0	0.00012100252	0.0	0.0	0.0	4.4017326e-05	0.0	7.7133442e-05	0.0	0.002817277251	9.9001344e-05	0.002189429473	0.0	0.00463316859	0.0	0.012642049735	0.001177074288	0.011880265144	0.00040702272	0.004432788011	0.000451037496	0.008629913736	0.0	0.018246043919
0.0	0.0	0.0	0.0	0.0	0.0	0.0	8.7675628e-05	0.0	0.0	0.0	5.5007226e-05	0.0	4.39895e-05	0.0	0.002794993349	0.00013200408	0.002093111377	0.0	0.004643872021	0.0	0.012645591733	0.001133066064	0.011910972706	0.000473021952	0.004312394202	0.000429014664	0.008704865075	0.0	0.018300854986
0.004543193304	0.007415853584	0.004301240112	0.012882974104	0.004224241944	0.008979495765	0.001199050632	0.011564443666	0.004279269384	0.038728883452	0.000429033384	0.006318075834	0.000869046984	0.039881975876	0.001155057696	0.020083344597	0.00292615128	0.014131713149	0.001892124624	0.011170447883	0.002827148064	0.021426945147	0.00151812024	0.013903731829	0.001991142192	0.016285085028	0.001089056592	0.011577230635	0.000396654875	0.024736306788
0.0	0.000659656565	0.0	0.000164863821	1.1000808e-05	0.000528458469	0.0	0.0006706243	6.600204e-05	0.00117737338	0.0	5.5016766e-05	0.0	0.003045739043	0.0	0.002807024331	0.000132012192	0.002104667406	0.0	0.004664953659	0.0	0.012768929438	0.001155063936	0.012931013511	0.000451019712	0.004345685721	0.00044001516	0.008662725542	0.0	0.018190208329
0.0	0.0	0.0	0.0	0.0	0.0	0.0	0.000110138438	0.0	0.0	0.0	5.4998888e-05	0.0	5.516556e-05	0.0	0.002794211819	9.9010704e-05	0.00217865799	0.0	0.004666158745	0.0	0.012621966665	0.001199066544	0.011887001815	0.000451017216	0.004433361502	0.000429022152	0.008597100451	0.0	0.018332213175
0.004191174	0.00747167322	0.004070249352	0.003905587113	0.0001760148	0.004953438388	0.0	0.00574123559	0.001419059304	0.037042672076	0.000418025088	0.006383746209	0.000847054728	0.039996283696	0.00101206872	0.020052586878	0.002948166	0.014003712323	0.00193607856	0.011026595714	0.002860123344	0.015626601785	0.001474108272	0.012779882849	0.002002138944	0.005004629364	0.001067076816	0.009222534261	0.00042971275	0.01824345534
0.0	0.0	0.0	0.0	0.0	0.0	0.0	9.848595e-05	0.0	0.0	0.0	5.4969813e-05	0.0	5.5133889e-05	0.0	0.002794293606	0.000154003824	0.002199928619	0.0	0.004665877139	0.0	0.012599348942	0.001133062944	0.011843693241	0.00047302008	0.004356376687	0.000418013856	0.008628489525	0.0	0.018234252295
0.0	0.0	0.0	0.0	0.0	0.0	0.0	0.000109939855	0.0	0.0	0.0	5.4989858e-05	0.0	6.6124538e-05	0.0	0.002828502076	0.000110000592	0.002159329197	0.0	0.004687616648	0.0	0.012809554202	0.001188076656	0.011854147134	0.000462039552	0.004399343574	0.000396047808	0.008551711231	0.0	0.018178422996
1.1000808e-05	0.000659792411	0.0	0.002694931761	1.1000808e-05	0.000572354678	0.0	0.002210280021	0.00018699876	0.001176825066	0.0	0.0006492364	0.0	0.031090580377	0.000605036016	0.003763637549	0.00137506512	0.006683354814	9.9002592e-05	0.004676242523	0.0	0.018257792266	0.00118809912	0.012999932694	0.000506054016	0.016274264044	0.000429038688	0.010897005554	0.0	0.02470247752
0.0	1.0946712e-05	0.0	0.0	0.0	0.0	0.0	0.000110105575	0.0	0.00031907135	0.0	7.7043013e-05	0.0	5.5149286e-05	0.0	0.015061247576	0.0008140548	0.002311271245	2.200224e-05	0.019419668398	0.0	0.012675016073	0.00160608864	0.018821629852	0.001672066032	0.00589788943	0.000440016096	0.011635393603	0.0	0.020731633987
0.0	0.0	0.0	0.0	0.0	0.0	0.0	8.7868146e-05	0.0	0.0	0.0	4.4011605e-05	0.0	3.3221559e-05	0.0	0.002828552987	0.000110002464	0.002280130766	0.0	0.004653932398	0.0	0.013149931275	0.001166092512	0.011768385594	0.000418031952	0.004971400918	0.000451056216	0.008685203235	0.0	0.018243150828
1.1000808e-05	0.00064847337	0.0	0.0001427873	0.0	0.000572320632	0.0	0.000593655824	0.000132005016	0.001188080089	0.0	3.2987166e-05	0.0	0.003080142867	0.0	0.002839037475	0.000132002208	0.002093428748	0.0	0.004666160779	0.0	0.012667000496	0.00121006392	0.011777539471	0.000506027184	0.004388565539	0.000396030024	0.008520323068	0.0	0.018224550013
0.0	0.0	0.0	0.0	0.0	0.0	0.0	7.7097955e-05	0.0	0.0	0.0	6.5991842e-05	0.0	7.7256223e-05	0.0	0.002785220285	0.000121002336	0.002082349781	0.0	0.004699492033	0.0	0.012879642003	0.001177066176	0.011820857707	0.000451026576	0.004367171075	0.000440023272	0.008606469062	0.0	0.018246172645
1.1000808e-05	0.00064854476	0.0	0.000164766607	1.1000808e-05	0.000550428054	0.0	0.00078018393	0.000165003696	0.001187989487	0.0	3.3020613e-05	0.0	0.003036831171	0.0	0.002873047752	0.000132004704	0.002535540759	0.0	0.004621079585	0.0	0.014341109024	0.001133089776	0.011756922634	0.000473036928	0.006732571804	0.000418051296	0.008674588683	0.0	0.018992053603
0.0	0.0	0.0	0.0	0.0	0.0	0.0	8.8143366e-05	0.0	0.0	0.0	5.5012886e-05	0.0	6.6056087e-05	0.0	0.002795786887	0.000121013568	0.002081500606	0.0	0.004720644267	0.0	0.012856778207	0.001188064176	0.011811873421	0.000451015968	0.004344636576	0.000440022336	0.00861821273	0.0	0.018244756859
0.0	0.0	0.0	0.0	0.0	0.0	0.0	9.8594858e-05	0.0	0.0	0.0	5.5010205e-05	0.0	5.4991844e-05	0.0	0.002784085313	0.000132009072	0.00211486285	0.0	0.004643366503	0.0	0.012843644079	0.001133062944	0.012989759589	0.00046201896	0.004334535707	0.00042901404	0.008748936807	0.0	0.018301095354
0.0045432036	0.007273182155	0.004411181736	0.004026336018	0.00016500744	0.005086769786	0.0	0.005575453025	0.00156206232	0.037260043714	0.000385010496	0.006428208159	0.000836046432	0.039900619805	0.00110006676	0.020096770449	0.002970155136	0.014211019527	0.00185908008	0.011070229241	0.002827121232	0.015242794724	0.00148509504	0.012734119436	0.00198014856	0.004421970874	0.001045074264	0.009290452331	0.0004297145	0.018211298428
0.004312316736	0.007361227073	0.004136234544	0.00394900996	0.000154006632	0.005073907959	0.0	0.005620987408	0.001463064408	0.03704580096	0.000418020408	0.006483309817	0.000792045072	0.040072034101	0.001067055912	0.020502772977	0.0028271412	0.013957861166	0.002068123824	0.011181567731	0.00273913224	0.015209921255	0.001551079296	0.014992502288	0.002035088016	0.004378676084	0.001001054496	0.009343271331	0.000440725125	0.018235863082
0.0	0.000637538788	0.0	0.000175854267	0.0	0.000572424811	0.0	0.000637794158	0.000110004336	0.001177132304	0.0	4.3993941e-05	0.0	0.003101008645	0.0	0.002795262934	0.000121003584	0.002071330817	0.0	0.004633343154	0.0	0.012698505979	0.001177064928	0.011855466048	0.000440024208	0.004366328218	0.000418021656	0.008672301356	0.0	0.018255108168
0.0	0.000681458312	0.0	0.000175851468	0.0	0.000583183025	0.0	0.001076460526	0.0001100034	0.001154980039	0.0	0.000297070452	0.0	0.006667957499	0.0001870128	0.002817188625	0.000110001216	0.003674624104	0.0	0.004655828159	0.0	0.014966460984	0.001221075648	0.011810027979	0.0004730388	0.006941393829	0.000407035512	0.009334383185	0.0	0.022042692488
0.0	0.000659487715	0.0	0.0001868812	0.0	0.000605519809	0.0	0.000593979614	0.000132005016	0.00116581471	0.0	6.6048334e-05	0.0	0.003125720226	0.0	0.002861094912	0.000132002208	0.002167000539	0.0	0.004719699568	0.0	0.012663498209	0.001210066416	0.011899853494	0.000495029184	0.004388800215	0.000396033768	0.008672851522	0.0	0.018258852483
0.0	0.0	0.0	0.0	0.0	0.0	0.0	0.000570783528	0.0	0.0	0.0	0.00034100889	0.0	0.001562821062	0.000209015352	0.002795285116	9.900072e-05	0.003707084389	0.0	0.004677457403	0.0	0.014864466058	0.001210071408	0.011859121005	0.000440039808	0.006963757684	0.00042903432	0.009300950851	0.0	0.021985335266
0.0	0.0	0.0	0.0	0.0	0.0	0.0	0.000110077936	0.0	0.0	0.0	5.5012355e-05	0.0	6.615292e-05	0.0	0.002761432138	0.000132002832	0.002135705817	0.0	0.004654844313	0.0	0.0127784209	0.001188069792	0.01180022914	0.000451024704	0.004410801575	0.000451036248	0.008694651628	0.0	0.018234637717
0.004356188928	0.007306296387	0.004191175872	0.003905434962	0.000143005824	0.005052696499	0.0	0.005710085989	0.001529055216	0.037236418974	0.000363015432	0.006373849643	0.000836043624	0.039974676354	0.00112205808	0.020261307771	0.002838162288	0.014013671614	0.001991082288	0.011203500079	0.002761070208	0.015131653644	0.001540083168	0.012647089003	0.002079147408	0.004322577589	0.001023074832	0.009289363348	0.000396655375	0.018158446751
0.004323190248	0.007306164524	0.004158247392	0.00389449605	0.000187020288	0.005063345946	0.0	0.00569800427	0.001573054704	0.037158050022	0.000374027472	0.006483530889	0.000803042136	0.039842084285	0.001100059272	0.02020369923	0.002827164912	0.014163682402	0.001980071808	0.011236402721	0.002717122512	0.014941511066	0.001606099248	0.012746413981	0.002090137296	0.004422017527	0.00103406472	0.009267512313	0.0003856375	0.018256529013
0.0	0.0	0.0	0.0	0.0	0.0	0.0	8.7805264e-05	0.0	0.0	0.0	5.4956732e-05	0.0	5.4992531e-05	0.0	0.002828834826	0.000132001584	0.002094634696	0.0	0.004765773269	0.0	0.012875321607	0.001199064048	0.011822905799	0.000473026944	0.004376561914	0.000385031088	0.008638509053	0.0	0.018100646315
0.0	0.0	0.0	0.0	0.0	0.0	0.0	0.00010977554	0.0	0.0	0.0	6.5972167e-05	0.0	5.5007692e-05	0.0	0.002861541265	0.000132011568	0.002170341557	0.0	0.004731813613	0.0	0.012731846544	0.001210058928	0.011889566801	0.000473019456	0.004333576457	0.000396014424	0.008618320687	0.0	0.018257956205
0.0	0.0	0.0	0.0	0.0	0.0	0.0	9.8835141e-05	0.0	0.0	0.0	4.400187e-05	0.0	4.4051851e-05	0.0	0.00272846766	0.000154011936	0.002179146058	0.0	0.004556175067	0.0	0.012686496522	0.001144064688	0.0129483197	0.00042901872	0.004389070613	0.00044001516	0.008617945954	0.0	0.018256247094
0.0	0.0	0.0	0.000121329829	0.0	0.0	0.0	0.000560023494	0.0	0.0	0.0	0.000484031124	0.0	0.004391446667	0.000253023264	0.002784236837	0.000132003456	0.005480032078	9.9002592e-05	0.00461055953	0.0	0.016881040576	0.001188090384	0.0117990065	0.00044003232	0.007217369709	0.000440040432	0.010281383836	0.0	0.022547520447
0.0	0.0	0.0	0.0	0.0	0.0	0.0	0.000109884326	0.0	0.0	0.0	6.5994683e-05	0.0	6.6046922e-05	0.0	0.002804997313	0.00011000184	0.002156820919	0.0	0.004643801614	0.0	0.012687238461	0.001221061296	0.011801320887	0.000473023824	0.004398489796	0.000407031456	0.008618104589	0.0	0.018311145844
0.0	0.0	0.0	0.0	0.0	0.0	0.0	9.8952629e-05	0.0	0.0	0.0	5.5017297e-05	0.0	5.5097081e-05	0.0	0.002783944054	0.000132001584	0.002090328491	0.0	0.004698331179	0.0	0.012765495921	0.001155070176	0.011791077228	0.000451025328	0.004323090666	0.000440035128	0.008562355363	0.0	0.018235165289
0.0	0.000659501531	0.0	0.000175816838	0.0	0.000572531668	0.0	0.000659865132	9.9003528e-05	0.001177098956	0.0	4.4016422e-05	0.0	0.003090792444	0.0	0.002839060253	0.000110002464	0.002155981499	0.0	0.004654370249	0.0	0.012633007815	0.001199066544	0.011831356249	0.000462026448	0.004400035316	0.000429023088	0.008607464673	0.0	0.018366458613
0.004257179784	0.007427023425	0.004103169408	0.003971165253	0.0002090088	0.004930212313	0.0	0.005675922008	0.001518052536	0.037069590649	0.000396019728	0.006516340681	0.00081404388	0.039972670758	0.001045056168	0.02010604741	0.002849147808	0.014084523369	0.002024121216	0.010971768543	0.002816131344	0.014972537748	0.001529079552	0.012793735103	0.002013115104	0.004399529166	0.00105608412	0.009212354683	0.000418687375	0.018222208541
0.0	0.000659643122	0.0	0.000175907989	0.0	0.000605530184	0.0	0.000593492155	0.000143004888	0.001188069105	0.0	5.4989511e-05	0.0	0.00302326563	0.0	0.00282805567	0.000154004448	0.002160820228	0.0	0.004753947863	0.0	0.012822809572	0.001188063552	0.011811731317	0.000495026688	0.00430074279	0.0003960138	0.008617018447	0.0	0.018204339177
0.0041693184	0.007471306624	0.004312244664	0.00394925156	0.000176007312	0.006601255708	0.0	0.005939461814	0.001419065856	0.043033713441	0.000374019048	0.006549088441	0.000825045624	0.039939528679	0.00102305268	0.023033393584	0.002992168608	0.013902396371	0.001903123248	0.02057581798	0.002860127712	0.01512138451	0.001485078816	0.01695225714	0.002420096016	0.00480823134	0.001078042056	0.011226093479	0.000418689	0.019740094008
0.0	0.0	0.0	0.0	0.0	0.0	0.0	9.882158e-05	0.0	0.0	0.0	6.5989103e-05	0.0	5.4924327e-05	0.0	0.002883586182	0.000132003456	0.002155831257	0.0	0.004698873574	0.0	0.012673517357	0.001210063296	0.011910141384	0.000473028816	0.004344744371	0.000396017544	0.008717679604	0.0	0.018224993695
0.0	0.000659482799	0.0	0.0001649197	0.0	0.000539301903	0.0	0.000571514572	0.000143004888	0.001188105063	0.0	4.3982582e-05	0.0	0.003113757139	0.0	0.002895188936	0.000154003824	0.002082484976	0.0	0.004698668562	0.0	0.012833596907	0.0011990628	0.01170046906	0.000506030304	0.004321528797	0.0003850158	0.008675540002	0.0	0.018136445513
0.0	0.0	0.0	0.0	0.0	0.0	0.0	7.6702737e-05	0.0	0.0	0.0	4.4006361e-05	0.0	3.3056401e-05	0.0	0.002817775713	0.00012100296	0.002127013345	0.0	0.004678134276	0.0	0.012885392445	0.001133064192	0.011712486477	0.00044002296	0.004433461572	0.00041801448	0.008618264986	0.0	0.018222159987
0.0	0.000637489694	0.0	0.000153917285	2.200068e-05	0.000583384288	0.0	0.000648327312	8.8003656e-05	0.001177341221	0.0	4.4002401e-05	0.0	0.003047250367	0.0	0.00272878451	0.000154005072	0.00218870787	0.0	0.004578219645	0.0	0.012674160049	0.00113306544	0.011847146004	0.000429021216	0.00438907519	0.000440014848	0.008606816165	0.0	0.018254580488
1.1001744e-05	0.000670663624	0.0	0.000164910226	0.0	0.000561401785	0.0	0.000549462033	0.000143005824	0.001210458348	0.0	4.4014272e-05	0.0	0.003067819435	0.0	0.003323461754	0.000143010816	0.002070937057	0.0	0.006604641981	0.0	0.012722844218	0.001210065792	0.01492450292	0.000495020448	0.004344069148	0.000418014792	0.009841477853	0.0	0.018541783864
0.0	0.0	0.0	0.001485329055	0.0	0.0	0.0	0.000923828408	0.0	0.0	0.0	0.000605230608	0.0	0.012653715263	0.000572033592	0.003829723756	0.001386064368	0.006897709701	9.900384e-05	0.004697478891	0.0	0.018059685016	0.00123209112	0.012987261278	0.000539053632	0.016262911452	0.000396034392	0.010962558975	0.0	0.024672141989
0.0	0.0	0.0	0.0	0.0	0.0	0.0	7.6678417e-05	0.0	2.1946922e-05	0.0	3.3015834e-05	0.0	3.3013162e-05	0.0	0.006416557408	0.000132009072	0.002094381546	0.0	0.013320980662	0.0	0.012842743975	0.001166064432	0.015993860931	0.000715029744	0.004873797952	0.000418013856	0.010610709655	0.0	0.019784564365
0.0	0.0	0.0	0.0	0.0	0.0	0.0	8.7521344e-05	0.0	0.0	0.0	5.4983208e-05	0.0	6.6328024e-05	0.0	0.002795059767	0.000165003072	0.002171302458	0.0	0.004610656856	0.0	0.012677664176	0.001144068432	0.011769284888	0.000451019712	0.004333435539	0.000429029952	0.008672366641	0.0	0.018189511236
0.0	0.0	0.0	0.0	0.0	0.0	0.0	9.8922674e-05	0.0	0.0	0.0	4.397378e-05	0.0	6.6125132e-05	0.0	0.002817078874	0.000110002464	0.002134133511	0.0	0.004655122653	0.0	0.012763637163	0.001199067792	0.011810560604	0.00048403992	0.004409738701	0.000407051736	0.008584829044	0.0	0.018322220946
0.0	0.0	0.0	0.0	0.0	0.0	0.0	7.6598922e-05	0.0	0.0	0.0	5.4978918e-05	0.0	6.6194255e-05	0.0	0.002850837482	0.000132002832	0.002016697623	0.0	0.004633332812	0.0	0.012757566806	0.001155060816	0.011745767052	0.000473021328	0.004378380365	0.00041801448	0.008607084663	0.0	0.018212620906
0.0	0.0	0.0	0.0	0.0	0.0	0.0	8.7860132e-05	0.0	0.0	0.0	6.5953393e-05	0.0	7.7037496e-05	0.0	0.002883526795	0.000132002832	0.002060938235	0.0	0.004687883698	0.0	0.012763027801	0.00118805856	0.011776877954	0.000484029312	0.004410556841	0.00039601848	0.008608110993	0.0	0.01822540121
0.0	0.000648403116	0.0	0.000153867458	0.0	0.000594262582	0.0	0.000648795429	0.000110004336	0.001188105977	0.0	6.6001718e-05	0.0	0.003090691209	0.0	0.002773302732	9.9010704e-05	0.002155990818	0.0	0.004720181876	0.0	0.012653651477	0.001199064048	0.014057789409	0.00045101784	0.004388992588	0.000418018224	0.008662500796	0.0	0.018157862989
1.1000808e-05	0.000637581263	0.0	0.000164835155	1.1000808e-05	0.00053946098	0.0	0.000560160761	0.000154005696	0.00118817849	0.0	5.5007226e-05	0.0	0.003014752317	0.0	0.002817368188	0.000132003456	0.002080969771	0.0	0.00465351914	0.0	0.012656981994	0.001111065696	0.011874365844	0.000473021952	0.004301128229	0.000429027768	0.008693847277	0.0	0.018245288478
0.004400193096	0.007262417771	0.00421317936	0.003993599217	0.000165006504	0.005062882849	0.0	0.005698558772	0.001562060448	0.037194022328	0.000363014496	0.00642861177	0.000847048176	0.0399498345	0.001122061824	0.020204912417	0.002860148928	0.014056707331	0.002002081536	0.011225798033	0.00277212312	0.015121539694	0.001584079536	0.012747602997	0.002024119344	0.004312073933	0.001067070888	0.009255560132	0.00036359875	0.018236126868
0.0	0.0	0.0	0.0	0.0	0.0	0.0	0.000307612103	0.0	0.0	0.0	6.5955692e-05	0.0	6.6007423e-05	0.0	0.002839937704	0.000132003456	0.002499659296	0.0	0.004687109371	0.0	0.0141095255	0.00122108688	0.011744970109	0.000506036544	0.006644325399	0.000407052048	0.008673868465	0.0	0.018968487885
0.004323191184	0.007262788923	0.00416923884	0.003893970279	0.000154015992	0.005074567915	0.0	0.005664811692	0.001507096656	0.037144380557	0.000429025896	0.006472530365	0.000792042264	0.039930879691	0.001067056848	0.020140115765	0.00282715992	0.014069840805	0.002035092384	0.011192879705	0.002761114512	0.017244739727	0.001551091776	0.012726116408	0.00205714392	0.007007133243	0.001012054056	0.010038052089	0.000396657625	0.021931025145
0.004444316136	0.007371406714	0.0042792516	0.004037190992	0.000154006632	0.005051847382	0.0	0.00564309138	0.001584065808	0.037197622559	0.000385017984	0.006318069591	0.000847040688	0.03992706398	0.001155063312	0.020238189102	0.00289315104	0.014079918377	0.001958125104	0.011137958482	0.002783126736	0.015184872177	0.001540081296	0.012801612912	0.002057085264	0.004367961822	0.001034051616	0.009322955601	0.0004076715	0.018104072228
0.004367183184	0.007339645937	0.004180172256	0.003883537539	0.000165013992	0.005041417948	0.0	0.00569870847	0.00156205296	0.037226949828	0.00036302292	0.00640685588	0.000803042136	0.039940841575	0.001133059824	0.020172033797	0.00284917152	0.013867673399	0.002013082032	0.011169938124	0.0027281124	0.015042227819	0.001573087152	0.012692224879	0.002079144912	0.004390106177	0.001034075328	0.009268326673	0.000385639	0.018154962576
0.0	0.000648633367	0.0	0.000164903126	0.0	0.000594399792	0.0	0.000582419268	0.000132005016	0.001177292242	0.0	5.4993405e-05	0.0	0.00307995964	0.0	0.002827896197	0.00014301144	0.002145940132	0.0	0.00466473621	0.0	0.012577739673	0.001188065424	0.011866389247	0.00051702144	0.004345589737	0.000385013616	0.008716370637	0.0	0.018301020354
0.0	0.0	0.0	0.0	0.0	0.0	0.0	8.7654776e-05	0.0	0.0	0.0	6.603528e-05	0.0	7.6968796e-05	0.0	0.002862015304	0.000165003696	0.002138298273	0.0	0.004698686651	0.0	0.01294075095	0.001177064304	0.011711559053	0.000495035424	0.00433376481	0.000407050488	0.008684181564	0.0	0.018146121798
0.004279316184	0.007371780406	0.004114229184	0.003894417717	0.00018700812	0.004974371148	0.0	0.005675138239	0.0015070536	0.037112908244	0.000407021472	0.006515827849	0.000781043328	0.039972685891	0.001078059528	0.020226372609	0.002827201728	0.013881412488	0.002035121088	0.011104792636	0.002739130368	0.015133850312	0.001540079424	0.01285653456	0.002068084512	0.004378115319	0.00102305424	0.009189534939	0.000429707	0.01825815645
0.004510385568	0.009846941291	0.004312271808	0.003949470792	0.000176008248	0.007073861894	0.0	0.014952798444	0.001628074656	0.043505107957	0.001166033232	0.018460512906	0.00448823232	0.045431485798	0.001980108	0.050063584363	0.00292615752	0.017688752343	0.001914122496	0.045099001209	0.002816170032	0.016344810445	0.002761143216	0.022429089867	0.00259610208	0.005963741195	0.001309052472	0.01285425876	0.000440725375	0.02100817935
0.0	0.0	0.0	0.0	0.0	0.0	0.0	0.000110056189	0.0	0.0	0.0	5.5012355e-05	0.0	6.5933571e-05	0.0	0.002750889257	0.000132002832	0.002125063734	0.0	0.004655167053	0.0	0.012775951145	0.00117706368	0.011788868765	0.000440023584	0.00442262962	0.000451022832	0.008696004265	0.0	0.018265888431
0.0	0.0	0.0	0.0	0.0	0.0	0.0	0.000559569323	0.0	0.0	0.0	0.000319017915	0.0	0.00160633838	0.000198013608	0.002817947209	0.000121001088	0.003634010668	0.0	0.004721449213	0.0	0.015153810706	0.001210074528	0.011876988703	0.000462040176	0.007040593634	0.000407034264	0.009399481002	0.0	0.022021718927
0.0	0.000648483852	0.0	0.000186808978	0.0	0.000583557387	0.0	0.000626922173	0.000110004336	0.00114426227	0.0	5.4976407e-05	0.0	0.003146289028	0.0	0.002839806166	0.000110011824	0.002160412369	0.0	0.004731564662	0.0	0.013006879509	0.0011880648	0.011834731214	0.000451016592	0.004421979233	0.000418019784	0.008594866675	0.0	0.018236077929
0.0	0.0	0.0	0.0	0.0	0.0	0.0	8.7684362e-05	0.0	0.0	0.0	5.499708e-05	0.0	6.6013132e-05	0.0	0.003280635726	0.00015401256	0.002171805425	0.0	0.006758699517	0.0	0.012841750747	0.001210064544	0.01492658674	0.000495021072	0.004377730248	0.0003960138	0.009794873115	0.0	0.018511691915
