0.0	0.0	0.0	0.0	0.0	0.0	0.0	0.0	0.0	0.0	0.0	0.000166365522	0.0	0.00118638714	0.0	0.003184086835	0.000592246512	0.008827135038	0.000360894144	0.007860892847	0.000185072784	0.01254304012	0.000490449648	0.011515014126	0.001674932064	0.002820756339	0.000527465328	0.003619548288	0.0002873325	0.011644680273
0.0	0.0	0.0	0.0	0.0	0.0	0.0	0.0	0.0	0.0	0.0	0.001387773914	0.0	0.001204339394	0.0	0.003128454564	0.000582979488	0.008852334163	0.000342380064	0.007822576484	0.000212831424	0.012605663473	0.000499701696	0.012814525968	0.00157314144	0.002813334006	0.000527467512	0.003657973751	0.00030586225	0.011690091658
0.00078656292	0.003387705578	0.001730471184	0.0003609438	0.001165986432	0.000101604554	0.0	0.00248102888	0.00017581824	0.027313170789	0.0	0.004988955088	6.4782432e-05	0.039716349314	0.001323324288	0.008851427382	0.0018322668	0.011295490531	0.001165990176	0.00856383329	0.00119374944	0.014141117779	0.000518215152	0.011487872779	0.001600920672	0.006006932605	0.000508954992	0.003666845467	0.00031513475	0.014449563322
0.0	0.000259441533	0.000138805992	0.0	0.000749551608	0.0	0.0	0.0	0.0	0.000655995361	0.0	0.00018498246	0.0	0.002297534832	0.0	0.00317444696	0.00058297512	0.008864922382	0.000388649664	0.00785833383	0.000194325456	0.012505052418	0.000499703568	0.014432698401	0.001619425392	0.002887396289	0.000508961232	0.003519290674	0.00026878775	0.0116616018
0.0	0.0	0.0	0.0	0.0	0.0	0.0	0.0	0.0	0.0	0.0	0.000194364628	0.0	0.00121353805	0.0	0.003165309539	0.000601508544	0.00888290824	0.000351643968	0.007767882851	0.000203578128	0.012635884713	0.000527469072	0.011530011432	0.001582402848	0.002766493739	0.000536717688	0.00348153304	0.00029660275	0.01163501998
0.0	0.0	0.0	0.0	0.0	0.0	0.0	9.242352e-06	0.0	0.0	0.0	0.001637349263	0.0	0.005378045238	7.4029176e-05	0.003462372573	0.001073447232	0.010010855491	0.000360906	0.007822858322	0.000212833296	0.014162688225	0.000536722368	0.011563564255	0.001610173968	0.005951503089	0.000481196976	0.003610289056	0.000305867875	0.014507510471
0.0	0.000250267452	0.000101792808	0.0	0.00074031984	0.0	0.0	9.190384e-06	0.0	0.000683812483	0.0	0.000231403032	0.0	0.002388628629	0.0	0.003286181315	0.000592257744	0.008921077945	0.000351644592	0.007786672342	0.000203579376	0.013200687297	0.000527472816	0.01155872613	0.00158241408	0.002914430319	0.000545971296	0.003491086216	0.000296604	0.011644699111
0.0	0.002913804502	0.00012955176	0.0	0.000721789848	0.0	0.0	0.0	0.0	0.021880195932	0.0	0.001479793975	0.0	0.002334702416	0.0	0.025993193197	0.000592228416	0.013890849264	0.000453423984	0.029751833077	0.000268361184	0.014137257916	0.001499115696	0.021294643894	0.00161016336	0.003756029323	0.000731059056	0.004760277162	0.00030586275	0.014021971423
0.0	0.0	0.0	0.0	0.0	0.0	0.0	0.0	0.0	0.0	0.0	0.001378054982	0.0	0.00115860491	0.0	0.003230782856	0.000610756848	0.008873302239	0.000370149936	0.007851651382	0.000203579376	0.012579971438	0.000490450272	0.011632495652	0.001674941424	0.002804634964	0.000499703568	0.003620007513	0.000287334875	0.01163451314
0.0	0.000250155564	0.00015731352	0.001536142571	0.00075882924	0.0	0.0	9.183664e-06	0.0	0.000656168146	0.0	0.000370052642	0.0	0.017379934684	0.00010179	0.003406618081	0.001434378816	0.010018212563	0.000351660192	0.007953338577	0.000203584368	0.014503073582	0.000499712304	0.011666574899	0.001665679392	0.006349285974	0.0004996992	0.00371197546	0.000287323625	0.015477426689
0.0	0.0	0.0	0.0	0.0	0.0	0.0	0.0	0.0	0.0	0.0	0.001369102973	0.0	0.001186264228	0.0	0.003156301062	0.000610753104	0.008863206047	0.000351640224	0.007841822349	0.000185070912	0.01258922047	0.000499702944	0.011413534609	0.001674926448	0.002821066135	0.000508957176	0.003619798112	0.00027806325	0.011679835259
0.0	0.000250279061	0.000148059288	0.0	0.000768068496	0.0	0.0	0.0	0.0	0.000665273909	0.0	0.000184890195	0.0	0.002345409051	0.0	0.003229928588	0.000601505424	0.008891470443	0.000379402608	0.007877930287	0.000185071536	0.012598467574	0.00049045152	0.011582228958	0.001656429216	0.002848730954	0.000518210784	0.003582774853	0.000278065125	0.011671275228
0.0	0.00025004257	0.000157312584	0.0	0.000786566664	0.0	0.0	0.0	0.0	0.004367939097	0.0	0.001397162878	0.0	0.002342440929	0.0	0.006515871255	0.000601481712	0.009232770437	0.000351634608	0.016714838668	0.00023134176	0.012793048539	0.001406574624	0.018166136455	0.001619416656	0.003590123641	0.000508966224	0.004742075569	0.000287327	0.013625856609
0.0	0.000250294215	0.00012955176	0.0	0.000749551608	0.0	0.0	0.0	0.0	0.001257254438	0.0	0.000166505147	0.0	0.002285553739	0.0	0.005006676788	0.000601483584	0.009056463822	0.000351635232	0.012468103711	0.00020358	0.012571906895	0.00053672112	0.016332908857	0.001647184032	0.003008598078	0.000499709184	0.004333605486	0.000259519	0.012336750297
0.0	0.0	0.0	0.0	0.0	0.0	0.0	0.0	0.0	0.0	0.0	0.001387905915	0.0	0.001176593156	0.0	0.00317519515	0.000592251504	0.008888850081	0.000342388176	0.007887881444	0.000203578128	0.012561418773	0.000490447776	0.01168438705	0.001610153376	0.002832193534	0.000499701384	0.00350865012	0.000315137	0.011653854515
0.000879101496	0.003416025004	0.001859992056	0.000369610008	0.0011659986	9.2499981e-05	0.0	0.002536056572	0.00012955176	0.027336722202	0.0	0.004785576664	5.5522584e-05	0.039689470642	0.001425103992	0.008970083008	0.001758239808	0.01136226968	0.001184502384	0.008554699065	0.001249282944	0.012579141395	0.000490450272	0.011639068111	0.001665680016	0.00283062993	0.000527462832	0.003610511564	0.000278064375	0.011653424316
0.0	0.0	0.0	0.0	0.0	0.0	0.0	0.0	0.0	0.0	0.0	0.000184982649	0.0	0.001131091849	0.0	0.003183721861	0.00058297512	0.008825885859	0.00039790296	0.007868339715	0.000203578752	0.012550509642	0.000481195728	0.01440098508	0.001637933856	0.002831987733	0.000499707	0.00356511723	0.000287325875	0.011653035582
0.000786580704	0.003471566393	0.001721218824	0.000332710509	0.001175226624	0.000101601727	0.0	0.002489930123	0.000175820112	0.027314608624	0.0	0.004988820669	5.5521648e-05	0.039566792038	0.001341772848	0.008850200719	0.001860026688	0.011371388609	0.001175215392	0.008516722676	0.001202960928	0.01250520121	0.00052746408	0.011545558678	0.001563886896	0.002877336825	0.000536722056	0.003462966161	0.000296592	0.011680780039
0.00074029644	0.003518341648	0.001721185128	0.000351497754	0.001202987448	8.3206669e-05	0.0	0.00254525253	0.000138805992	0.027332329238	0.0	0.004785696122	8.3282472e-05	0.039585691221	0.001443599352	0.008767377569	0.00182301912	0.011317826536	0.001156728768	0.008498627353	0.001230759504	0.012580698446	0.000481193856	0.011792747632	0.001610160864	0.002766772266	0.000536716128	0.003491324432	0.000305867875	0.011662369433
0.000758820816	0.003535660294	0.001674946728	0.000360342865	0.001156711608	0.000101575723	0.0	0.002508373641	0.000175821048	0.027322491399	0.0	0.004878492696	8.3282472e-05	0.039689127699	0.001360282248	0.008766569576	0.001832234976	0.011268563588	0.00117519792	0.008451146635	0.001184456208	0.012507250334	0.000508955616	0.012714719704	0.001582394736	0.002785446178	0.000527470008	0.00362118307	0.000287324	0.011736432533
0.0	0.000250257192	0.000120301272	0.0	0.000712555272	0.0	0.0	9.242352e-06	0.0	0.000683904463	0.0	0.000407375574	0.0	0.006052593825	7.4029176e-05	0.003425236389	0.001064195184	0.010027846547	0.000351652704	0.007868501104	0.000203580624	0.014051245902	0.000536723616	0.011548991516	0.001591670496	0.005997484297	0.000490450896	0.00369427462	0.000324404875	0.01447749055
0.000805071384	0.003388348339	0.001739692656	0.000370098616	0.001165990176	0.000101671407	0.0	0.002480868616	0.000175821048	0.02725907799	0.0	0.004989326708	6.477588e-05	0.03967281208	0.001351070136	0.008842449805	0.001813763952	0.011250357798	0.001175245344	0.008591102393	0.00120300024	0.012514885423	0.000508960608	0.011536360629	0.001600910064	0.002858987707	0.000490448712	0.003610896375	0.0003151375	0.011643540936
0.0	0.0	0.0	0.0	0.0	0.0	0.0	0.0	0.0	0.0	0.0	0.000166595076	0.0	0.001194456905	0.0	0.003146735354	0.000583002576	0.008871493583	0.000342386304	0.007767507891	0.000203578752	0.012551961976	0.000499702944	0.011611141246	0.001563894384	0.00278366658	0.000527463144	0.003611145238	0.000305871125	0.01169886666
0.000879106176	0.003406726668	0.001832292072	0.000378924801	0.001175250024	0.000101607078	0.0	0.002518127531	0.000120298464	0.027358879077	0.0	0.00479414917	5.5522584e-05	0.039680863369	0.00139734972	0.008970963276	0.001748985888	0.011333037141	0.001203010224	0.0085642497	0.001249277328	0.013145459279	0.000499706688	0.011610441855	0.001674936432	0.002840129366	0.000508955616	0.003499309938	0.000278065125	0.011663334921
0.0	0.00025021605	0.00012955176	0.0	0.000731054376	0.0	0.0	0.0	0.0	0.000665489807	0.0	0.000194376448	0.0	0.002315621726	0.0	0.0032210602	0.000601504176	0.008910029319	0.000351643968	0.007832196868	0.000194326704	0.012578773977	0.000545974416	0.011546528624	0.00162866808	0.002831130058	0.00049970388	0.003463554687	0.000268795625	0.011699845597
0.0	0.0	0.0	0.0	0.0	0.0	0.0	0.0	0.0	0.0	0.0	0.001387769436	0.0	0.001166915182	0.0	0.003138170781	0.000583003824	0.008854206426	0.000323881584	0.007759850453	0.000212832048	0.01258627916	0.00051821952	0.011466808555	0.001545393408	0.002802310733	0.000536715816	0.003537207325	0.00028733225	0.011709620285
0.0	0.0	0.000129554568	0.004999289201	0.000555246432	0.000786600252	0.000897606216	0.004458806572	0.000305372808	0.0	0.0	0.007345040005	0.0	0.021410114498	7.4029176e-05	0.003453441579	0.001388080512	0.010056589688	0.000333146112	0.007878687181	0.000185074032	0.016559364352	0.000536720496	0.016507634815	0.001610168976	0.011830782174	0.000499704504	0.003888811457	0.00027806025	0.016420911809
0.0	0.0	0.0	0.0	0.0	0.0	0.0	0.0	0.0	0.0	0.0	0.000166505337	0.0	0.00113001163	0.0	0.00502518801	0.000610736256	0.009030008887	0.000360889152	0.012550370991	0.00020358	0.012525731911	0.000536719872	0.016490628995	0.00164718528	0.002979623108	0.000499708248	0.004277263248	0.000268787375	0.01233707424
0.00077731056	0.003554489465	0.001674918648	0.000360291817	0.00112897512	0.000101606994	0.0	0.002526931231	0.000175820112	0.027334373031	0.0	0.00482230569	7.4029176e-05	0.039648423601	0.001378824408	0.008784997233	0.001823029104	0.011324012048	0.00118449864	0.008489468226	0.001175242848	0.012469322001	0.000508955616	0.011557101301	0.001573142688	0.00280515639	0.000527461896	0.003647371735	0.000278062875	0.011708607341
0.0	0.0	0.0	0.0	0.0	0.0	0.0	0.0	0.0	0.0	0.0	0.001359769895	0.0	0.001167405094	0.0	0.003211784096	0.000592245888	0.00893637003	0.000379398864	0.007832448751	0.000185070912	0.01316186896	0.000471946176	0.011594000017	0.001656425472	0.00285019369	0.000508956864	0.003518131984	0.00028733525	0.01169085159
0.0	0.000250123193	0.000101790936	0.0	0.000740308608	0.0	0.0	0.0	0.0	0.000683808922	0.0	0.000194368768	0.0	0.002371134073	0.0	0.003220779798	0.000583002576	0.008871917082	0.000351643344	0.007850764425	0.000203578128	0.012525524928	0.000518215152	0.011341444327	0.001573148928	0.00282247025	0.000545971296	0.003454105058	0.000296602375	0.011699190921
0.0	0.0	0.0	0.0	0.0	0.0	0.0	0.0	0.0	0.0	0.0	0.00017565454	0.0	0.001176536616	0.0	0.003183992607	0.000592245888	0.008908578619	0.000388654656	0.007859913204	0.000194325456	0.013135208709	0.000471947424	0.011612833299	0.001647176544	0.002887295235	0.000499702944	0.003508489927	0.000287335	0.011708591787
0.0	0.0	0.0	0.0	0.0	0.0	0.0	0.0	0.0	0.0	0.0	0.00140593623	0.0	0.001203463121	0.0	0.003146608535	0.00060150792	0.008922085784	0.000351643344	0.007804629137	0.0002128308	0.012577188853	0.000545976288	0.01155520866	0.001591653648	0.002813236919	0.000527463144	0.003453472745	0.00031513975	0.0116727209
0.0	0.0	0.0	0.0	0.0	0.0	0.0	0.0	0.0	0.0	0.0	0.000166516476	0.0	0.00118728664	0.0	0.003174319717	0.000601504176	0.008881907118	0.000370146816	0.007898384754	0.00019432608	0.012424004617	0.000499703568	0.011584154562	0.001637923872	0.002858867061	0.000490451208	0.003584093196	0.000287331625	0.011661998111
0.0008328528	0.005755934068	0.001767492792	0.000370181633	0.00116596584	0.001896326967	0.0	0.005599972808	0.000268356816	0.041520017859	0.001610141832	0.01026552847	0.002776106736	0.040206048923	0.001480576968	0.031612132199	0.001795193712	0.016499946188	0.001184452464	0.030402326962	0.001721199168	0.014276622957	0.001684193472	0.021317274507	0.001619411664	0.003765738205	0.000721805448	0.004731443879	0.000305861375	0.014041424898
0.0	0.0	0.0	0.0	0.0	0.0	0.0	0.0	0.0	0.0	0.0	0.001396626634	0.0	0.001204109324	0.0	0.003192696497	0.000610756848	0.008891641642	0.000351637728	0.007730510841	0.000203577504	0.012561495032	0.00054597504	0.011502478516	0.001619410416	0.002803853876	0.000499709808	0.003417451742	0.000296590875	0.011709441679
0.0	0.0	0.0	0.0	0.0	0.0	0.0	0.0	0.0	0.0	0.0	0.001424247678	0.0	0.001185222689	0.0	0.003211600445	0.000592248384	0.00891714971	0.000370145568	0.007869244626	0.000203577504	0.012467072761	0.000536719248	0.011569639178	0.001610161488	0.002868616125	0.00049970544	0.003592599525	0.00029659625	0.0116904856
0.000953131608	0.003397476892	0.001897006176	0.000370484782	0.001202994936	0.000110837628	0.0	0.002517339778	0.00012955176	0.027333555258	0.0	0.004665761361	7.4029176e-05	0.039713292219	0.001434347928	0.008915935989	0.001804508784	0.011342620474	0.001128970128	0.008461872207	0.001258508784	0.012646892308	0.00051821016	0.011611951522	0.001637922624	0.002831066246	0.000508956552	0.003639707344	0.000287332	0.01169951393
0.0	0.0	0.0	0.0	0.0	0.0	0.0	0.0	0.0	0.0	0.0	0.000184927494	0.0	0.001196058347	0.0	0.00318353584	0.000601502304	0.008891031992	0.000370148064	0.007868557023	0.00018507216	0.012524175902	0.000490449024	0.0116467674	0.001674943296	0.002775535959	0.000508965912	0.003583336465	0.000296595375	0.011644725645
0.0	0.0	0.0	0.0	0.0	0.0	0.0	0.0	0.0	0.0	0.0	0.000166583525	0.0	0.001204617108	0.0	0.003119127672	0.000573726192	0.008871252763	0.000333126768	0.00780437261	0.000203579376	0.012664042725	0.000518212032	0.012766516499	0.001573143312	0.002803460967	0.000545976912	0.003610847207	0.00028732425	0.011746508579
0.0	0.000250099435	0.000148058352	0.0	0.000777326472	0.0	0.0	0.0	0.0	0.000665438241	0.0	0.00019413207	0.0	0.002325220697	0.0	0.00316515065	0.000582995088	0.008844861493	0.000370148688	0.007896135174	0.00018507216	0.012561556087	0.000481195728	0.011593357628	0.001674945168	0.002813296479	0.000508965288	0.003584678727	0.000296596625	0.011634477291
0.0	0.000250243372	0.000166566816	0.0	0.000777318984	0.0	0.0	0.0	0.0	0.000683812611	0.0	0.000175831579	0.0	0.002333383116	0.0	0.003165790759	0.0005737368	0.00892091913	0.000342383808	0.007832492887	0.000203579376	0.012618907552	0.000499704816	0.011464809847	0.001610159616	0.002793145079	0.000545972232	0.003583440723	0.00028733025	0.011662466918
0.000879113664	0.003416145322	0.001813754592	0.00035163109	0.001193726664	0.000101620312	0.0	0.002509063716	0.000111044232	0.027286833149	0.0	0.004897362415	4.6268352e-05	0.039689527927	0.0013880412	0.008850042713	0.001758177408	0.011344415518	0.001258481952	0.00857241793	0.001249228656	0.012505327106	0.000499702944	0.014443791212	0.00162867432	0.002878125958	0.000499707	0.003527694113	0.000268788125	0.011680653375
0.000925369848	0.003388648803	0.001850754672	0.000369853175	0.001184487408	9.2373435e-05	0.0	0.002545319115	0.00012955176	0.027314718363	0.0	0.00473041078	5.5521648e-05	0.039676101652	0.001443561912	0.008970577599	0.001776738912	0.011325934569	0.001110439824	0.008599792592	0.001249229904	0.012512905511	0.00048119448	0.011495126468	0.001665688752	0.002794738008	0.000499709808	0.003529197785	0.00027805775	0.011671580771
0.0	0.0	0.0	0.0	0.0	0.0	0.0	0.0	0.0	0.0	0.0	0.00135973516	0.0	0.001167166699	0.0	0.00317423244	0.000610756848	0.008873729164	0.000388654032	0.007878743549	0.000185070288	0.012598051935	0.000481196352	0.011593029482	0.001647170928	0.002841275888	0.000508955928	0.003527671855	0.000287334625	0.011690358621
0.000749561904	0.003517650612	0.001674941112	0.00035151965	0.001193725728	9.2403752e-05	0.0	0.002536100366	0.00015731352	0.027313298523	0.0	0.004822754943	9.2536704e-05	0.039649270423	0.001397294496	0.009822672601	0.00184145832	0.011315775073	0.001156692576	0.010628244061	0.001212217968	0.012578458325	0.000490447776	0.015565641154	0.001573143312	0.002766762972	0.00054597816	0.003759407157	0.000296594	0.011670714011
0.0	0.0	0.0	0.0	0.0	0.0	0.0	9.2442e-06	0.0	0.0	0.0	0.000231384354	0.0	0.001213280055	0.0	0.003286214994	0.000601509792	0.008864328506	0.000342390672	0.007813765759	0.000203579376	0.013170055111	0.000518218272	0.01159950721	0.00158241408	0.002887437237	0.000545970672	0.003509717215	0.00031514	0.011682670914
0.0	0.0	0.0	0.0	0.0	0.0	0.0	0.0	0.0	0.0	0.0	0.001359938798	0.0	0.00113992412	0.0	0.003193127488	0.000601481712	0.008843475172	0.000388647792	0.00789542117	0.000194324208	0.012644041768	0.00048119448	0.014445831617	0.001628676816	0.002776505042	0.000490452456	0.003564620766	0.0002965945	0.011661940719
0.0	0.0	0.0	0.0	0.0	0.0	0.0	0.0	0.0	0.0	0.0	0.000175820151	0.0	0.001157928886	0.0	0.003175057069	0.000610750608	0.008874070637	0.000351637728	0.007888924241	0.000203579376	0.0126739338	0.00049970544	0.011516572094	0.001610160864	0.002793847548	0.000536718936	0.003602802326	0.000287331	0.011680533672
0.0	0.000240911322	0.000129552696	0.0	0.000740302992	0.0	0.0	0.0	0.0	0.000656108676	0.0	0.000194282323	0.0	0.00229596001	0.0	0.003174974411	0.000601506672	0.008826080508	0.000397912944	0.007832730966	0.000194326704	0.012523647268	0.000490449024	0.011541031908	0.001637924496	0.0028595847	0.000481197288	0.003574116337	0.00029660175	0.011643181566
0.0	0.000250087271	0.000129552696	0.0	0.000731059992	0.0	0.0	0.0	0.0	0.000665392586	0.0	0.000194281025	0.0	0.002324300312	0.0	0.003184555674	0.00057374304	0.008862445478	0.000379405728	0.007869549475	0.000185073408	0.012635865162	0.000508959984	0.011731182498	0.001637930736	0.002897009243	0.000490449336	0.003582534873	0.00029660425	0.01165385389
0.0	0.0	0.0	0.0	0.0	0.0	0.0	0.0	0.0	0.0	0.0	0.000166487164	0.0	0.001158608374	0.0	0.003156540159	0.00059225088	0.008899944055	0.000351642096	0.00795338738	0.000194326704	0.01240322939	0.000490449024	0.011695619863	0.00162866496	0.002830948896	0.000499701696	0.003509041649	0.0002873305	0.011662806131
0.0	0.000240887029	0.000111044232	0.0	0.000712536552	0.0	0.0	0.0	0.0	0.000702296603	0.0	0.000166592261	0.0	0.002373191681	0.0	0.003156097016	0.000573724944	0.008805899617	0.000342381312	0.007766521607	0.00019432608	0.012497966203	0.000508957488	0.01275986626	0.001582397232	0.002785925414	0.00053672424	0.003620286226	0.0002965925	0.011708845806
0.0	0.000259541798	0.000166566816	0.0	0.000786579768	0.0	0.0	0.0	0.0	0.000674639442	0.0	0.000166491745	0.0	0.002354775408	0.0	0.003193125266	0.000582995088	0.008900170794	0.00036089352	0.007879174967	0.00019432608	0.012526257177	0.000499703568	0.011576652798	0.001647177792	0.002831388685	0.000499704816	0.003564601472	0.0002966	0.011691187404
0.00094388112	0.003397433876	0.001897013664	0.000360922742	0.001193753808	0.000110840811	0.0	0.002535920353	0.000129552696	0.027312729524	0.0	0.004655715554	7.402824e-05	0.039634616802	0.00142511616	0.008944301904	0.001804511904	0.011334637369	0.001119723696	0.008508260758	0.001249281696	0.012628245304	0.00049970232	0.011548622644	0.001665675024	0.002785339694	0.000499701384	0.003610206777	0.000287330125	0.011663221771
0.0	0.000240947205	0.000120298464	0.0	0.00073105344	0.0	0.0	0.0	0.0	0.000693281089	0.0	0.000194367952	0.0	0.002390052814	0.0	0.003184669962	0.000582995712	0.008844783999	0.00035164272	0.00790677265	0.000212832672	0.012494730929	0.000518215776	0.011523377724	0.001600914432	0.002812037884	0.00049044996	0.003619995653	0.000315138	0.011690391848
0.000795818088	0.003518133472	0.001721186064	0.000332922086	0.001175240664	0.000110822876	0.0	0.0025177682	0.000175820112	0.027222726681	0.0	0.00497129063	7.4029176e-05	0.039604962685	0.001332566352	0.008841103526	0.001860042912	0.01133440452	0.001156738752	0.008536479162	0.001203005232	0.01248762191	0.000527466576	0.011551225315	0.001563891888	0.002877693523	0.00052746252	0.00348222483	0.000315140375	0.011698559457
0.0	0.00025001891	9.2539512e-05	0.0	0.000712554336	0.0	0.0	0.0	0.0	0.000711528963	0.0	0.000185093173	0.0	0.002342971062	0.0	0.003156567403	0.000592258368	0.008880587651	0.000342388176	0.007804545705	0.000203579376	0.012604898425	0.00049971168	0.01163951059	0.00156390312	0.002774559283	0.0005182086	0.003592068872	0.00030586875	0.011671523197
0.0	0.0	0.000129555504	0.004999979883	0.0005645016	0.000786592047	0.000869846328	0.004394136864	0.00028686528	0.0	0.0	0.002683322733	0.0	0.021509094855	7.4029176e-05	0.003453076506	0.001378829088	0.01003851942	0.000333146736	0.007896474393	0.0001943292	0.016672007458	0.000545976288	0.016594097129	0.001628683056	0.01178356641	0.000499703568	0.003861416531	0.000287329625	0.016402337125
0.0	0.000250200544	0.00014806116	0.0	0.000768088152	0.0	0.0	0.0	0.0	0.000674510113	0.0	0.000166448349	0.0	0.002335118052	0.0	0.003230318755	0.000620008896	0.00886344767	0.00037940136	0.007906176337	0.000194325456	0.013163793967	0.00048120072	0.011585102346	0.00165643296	0.002895343357	0.000499702944	0.00348052243	0.000287334625	0.011681510895
0.0	0.000240876203	0.000101790936	0.0	0.000731051568	0.0	0.0	0.0	0.0	0.000683817512	0.0	0.000175847852	0.0	0.002361849785	0.0	0.003248241669	0.000601506048	0.008917798567	0.000351638352	0.00782295631	0.000212832048	0.012562033268	0.000527466576	0.011532148588	0.00156389064	0.002794361776	0.000518216712	0.003455195466	0.000315129	0.011699503012
0.0	0.0	0.0	0.0	0.0	0.0	0.0	9.2442e-06	0.0	0.0	0.0	0.001452377579	0.0	0.001213327668	0.0	0.003240318283	0.000592256496	0.008817554183	0.000342391296	0.007814686767	0.000203578752	0.013201980317	0.000508963104	0.011548916453	0.001582410336	0.002877721932	0.000527462832	0.003518579335	0.000324410625	0.011710471292
0.0	0.0	0.0	0.0	0.0	0.0	0.0	0.0	0.0	0.0	0.0	0.00143345471	0.0	0.001203923847	0.0	0.0032120923	0.000601502304	0.008873062594	0.000370149312	0.007832408279	0.000203578128	0.012441322922	0.000527467824	0.011656457572	0.00161941728	0.002831568638	0.000499703568	0.003666924678	0.000305870625	0.011681959968
0.000851342544	0.003388726439	0.001785970368	0.000369766038	0.001184516424	0.000110953042	0.0	0.002518627534	0.000111045168	0.027283016928	0.0	0.004886985201	5.5522584e-05	0.039696816124	0.0013695786	0.008878304627	0.001730476176	0.011306650367	0.001258533744	0.008499312689	0.001230764496	0.012477260217	0.000508958112	0.011560105748	0.001628673696	0.002896286698	0.000490448712	0.003545506128	0.000296603375	0.011690629338
0.0	0.002229575776	0.0	0.0	0.0	0.0	0.0	0.0	0.0	0.00521929193	0.0	0.001433577966	0.0	0.001166574218	0.0	0.026019244159	0.000592228416	0.013898325546	0.000481183872	0.029670555141	0.000259104768	0.014059743544	0.001462095024	0.021394166216	0.001610162112	0.003765995708	0.000740312976	0.004787471426	0.000296594	0.014005427877
0.0	0.000240800641	0.00012955176	0.0	0.000712545912	0.0	0.0	0.0	0.0	0.000684109133	0.0	0.000175902811	0.0	0.002333812528	0.0	0.003202322265	0.000573742416	0.00878925247	0.0003516396	0.007878562783	0.000203578128	0.012495317649	0.000518217024	0.011544553621	0.001619416032	0.002821724461	0.000499708248	0.00356540634	0.00030586425	0.011642812299
0.00075880116	0.003536800786	0.001702713168	0.000323718229	0.001184497704	0.000101621722	0.0	0.002517482826	0.000175820112	0.027283244964	0.0	0.004971112113	8.3283408e-05	0.039698905219	0.001323314928	0.008757526864	0.001869299952	0.011324465088	0.00115674	0.008554668455	0.001193756928	0.013203085654	0.000518217648	0.0115541408	0.001573155168	0.002923850925	0.000536716128	0.00349061845	0.000305872	0.011670989361
0.0	0.0	0.0	0.0	0.0	0.0	0.0	0.0	0.0	0.0	0.0	0.001424064333	0.0	0.001158072989	0.0	0.003239687127	0.000601502304	0.008911157574	0.00035164272	0.007879075319	0.000185071536	0.012543327517	0.00054597192	0.011568685888	0.00161941104	0.002821043671	0.000508955928	0.003509030113	0.000268797	0.011691604251
0.0	0.0	0.0	0.0	0.0	0.0	0.0	0.0	0.0	0.0	0.0	0.00136941816	0.0	0.001195251499	0.0	0.003192682094	0.000592248384	0.008908861055	0.000342386304	0.007869866633	0.000203577504	0.012402872939	0.000508956864	0.011685104079	0.001600904448	0.002841267678	0.000508958112	0.003508996253	0.00029660075	0.01168982365
0.0	0.0	0.0	0.0	0.0	0.0	0.0	0.0	0.0	0.0	0.0	0.000203641715	0.0	0.001195590732	0.0	0.003184457725	0.000582995712	0.008889777334	0.00035164272	0.007870437846	0.000222086592	0.012422684402	0.000527469072	0.011566040068	0.001600913184	0.002878129407	0.000471942432	0.003639117348	0.0003244075	0.011681267853
0.0	0.0	0.0	0.0	0.0	0.0	0.0	0.0	0.0	0.0	0.0	0.001368917494	0.0	0.001129129799	0.0	0.005025111242	0.000601481712	0.009048801565	0.000360887904	0.012579170588	0.000185070912	0.012484884975	0.000527465952	0.016463585258	0.001665688752	0.003006777652	0.0005182164	0.004212508139	0.00025951925	0.012356739007
0.0	0.0	0.0	0.0	0.0	0.0	0.0	9.241792e-06	0.0	0.0	0.0	0.000286664049	0.0	0.00114884605	9.253764e-05	0.003397726443	0.001138237776	0.008881722087	0.000351649584	0.007869917135	0.00018507216	0.013748125315	0.000499710432	0.011469386735	0.00166568376	0.004440084542	0.000508957488	0.003648102324	0.00027805975	0.012311340427
0.0	0.000250075199	0.000129555504	0.005045571094	0.001776759192	0.001165880057	0.000990143856	0.004440627583	0.000296120448	0.000684112482	0.0	0.002636917413	0.0	0.021499081422	6.4774944e-05	0.003471513012	0.001378828464	0.010058979647	0.00034240128	0.007869126439	0.000203582496	0.01662605282	0.000545976912	0.016493822363	0.00160092192	0.011773897572	0.000481196352	0.003860913386	0.000296597875	0.016366442787
0.0	0.000241009165	0.000138805056	0.0	0.000786573216	0.0	0.0	0.0	0.0	0.000693069995	0.0	0.000166572632	0.0	0.002362038745	0.0	0.003072884273	0.000592246512	0.008937435988	0.0003516396	0.007888653015	0.00020358	0.012598033823	0.000490447776	0.011656811639	0.001610164608	0.002784838169	0.000536718624	0.003546829264	0.000305869375	0.01168891769
0.0	0.0	0.0	0.0	0.0	0.0	0.0	0.0	0.0	0.0	0.0	0.000185014276	0.0	0.001158408951	0.0	0.003193745846	0.000601503552	0.008844652956	0.000379405728	0.007850784008	0.000194326704	0.012624663355	0.00049970544	0.01161851433	0.001637930736	0.002841084318	0.000490450272	0.003592392713	0.000287335	0.011626256031
0.0	0.0	0.0	0.0	0.0	0.0	0.0	0.0	0.0	0.0	0.0	0.001387152047	0.0	0.001148526537	0.0	0.003303753043	0.000620010144	0.008918799286	0.00037014744	0.007869886159	0.000185070912	0.012550886841	0.000536718	0.011553794441	0.001656432336	0.002822051125	0.000490446528	0.00349140053	0.000268796625	0.011690217631
0.0	0.0	0.0	0.0	0.0	0.0	0.0	0.0	0.0	0.0	0.0	0.000184877665	0.0	0.001177394253	0.0	0.003192971705	0.000620011392	0.008881843726	0.000379401984	0.007924663203	0.000194324832	0.012591394586	0.00049045152	0.011592667655	0.001637921376	0.002896126077	0.000508956552	0.003528220948	0.000287333875	0.011689047866
0.0	0.0	0.0	0.0	0.0	0.0	0.0	0.0	0.0	0.0	0.0	0.001406473002	0.0	0.001185463109	0.0	0.004081578941	0.000592227792	0.008908019221	0.000342381312	0.010079414998	0.000194324208	0.012589878746	0.00050895624	0.015605888393	0.001563888768	0.002868430702	0.000527470632	0.003722760174	0.000305862375	0.0117172328
0.0	0.0	0.0	0.0	0.0	0.0	0.0	0.0	0.0	0.0	0.0	0.000185080298	0.0	0.001194890495	0.0	0.003100893387	0.000583005072	0.008862121626	0.000342388176	0.007758196718	0.000203579376	0.012678897958	0.000508966224	0.01150566595	0.001554649824	0.00279326619	0.000527461896	0.003555336997	0.0002966	0.011689957424
0.0	0.0	0.0	0.0	0.0	0.0	0.0	0.0	0.0	0.0	0.0	0.000194336533	0.0	0.001148619768	0.0	0.003239678768	0.000601504176	0.008901567804	0.000370151184	0.007897451234	0.000185073408	0.012571319434	0.000555226464	0.011616178332	0.001619413536	0.002820715257	0.000508956552	0.003508562904	0.0002687965	0.011672260137
0.0	0.0	0.0	0.0	0.0	0.0	0.0	0.0	0.0	0.0	0.0	0.00019424898	0.0	0.00113087476	0.0	0.003193426453	0.000582998832	0.008862380219	0.000397912944	0.007851132681	0.00020358	0.012644773836	0.000481195104	0.011557285818	0.001647178416	0.002831907223	0.000499704816	0.003601086599	0.00029660175	0.011597624333
0.002766874968	0.003388439611	0.002674368216	0.00389602315	0.00118449864	9.2388686e-05	0.0	0.00255420534	0.000120298464	0.027294450357	0.0	0.004683499889	7.403292e-05	0.039611881408	0.001443621816	0.008952928675	0.001786026528	0.011332137429	0.001101218976	0.008564422169	0.001258538112	0.014523693538	0.000499709808	0.011618664575	0.001674929568	0.006303302105	0.000499698888	0.003795952486	0.00028732325	0.015450290097
0.0	0.000240894215	0.000138806928	0.0	0.000777334896	0.0	0.0	9.241344e-06	0.0	0.000674696713	0.0	0.000286704128	0.0	0.002315252223	9.253764e-05	0.00339775248	0.001119729312	0.008844711626	0.000360902256	0.007851686071	0.00018507216	0.013738727136	0.000490456512	0.011562909121	0.001665683136	0.004384745735	0.000518211408	0.003638203059	0.000278060625	0.012292544101
0.000879107112	0.003387694601	0.001804478832	0.000351346442	0.001193734152	0.000110931656	0.0	0.002545975552	0.000111044232	0.027269792221	0.0	0.004906183626	5.5521648e-05	0.039639242367	0.001369575792	0.008860011765	0.001748988384	0.0112520245	0.001249283568	0.008470731175	0.00124927608	0.012541289253	0.000518210784	0.011572062901	0.001637921376	0.002896133904	0.00049044996	0.003518611176	0.000278063375	0.011681428095
0.0	0.000250358029	0.00015731352	0.0	0.000786577896	0.0	0.0	0.0	0.0	0.00065616806	0.0	0.000166467472	0.0	0.002316674864	0.0	0.003175202088	0.00059225088	0.00889056526	0.000370149936	0.00796265832	0.000185072784	0.012433698119	0.000490449024	0.011612959174	0.001637917632	0.002812423747	0.000499701696	0.003573529669	0.00029659925	0.011719536561
0.0	0.0	0.0	0.0	0.0	0.0	0.0	0.0	0.0	0.0	0.0	0.001369261672	0.0	0.001176971715	0.0	0.003146873083	0.00059224776	0.008818791998	0.00037014744	0.007869317231	0.000194324208	0.012624819364	0.000490447152	0.011563590055	0.001656430464	0.002794082013	0.000518218584	0.003620490247	0.000296597125	0.011625149492
0.0	0.000240758009	0.000148058352	0.0	0.000777322728	0.0	0.0	0.0	0.0	0.000674697723	0.0	0.000166347131	0.0	0.002335297662	0.0	0.003184072243	0.000601500432	0.008863786165	0.000379401984	0.007869542517	0.000185072784	0.012496872098	0.000490449024	0.01170172881	0.001674933312	0.002802889652	0.000518210472	0.003554877478	0.00029660275	0.011597642599
0.0	0.0	0.0	0.0	0.0	0.0	0.0	0.0	0.0	0.0	0.0	0.000175771503	0.0	0.001130408465	0.0	0.003275948121	0.0006015048	0.008927941361	0.000351642096	0.007861119765	0.00018507216	0.012550031554	0.000545972544	0.011564948857	0.001647180912	0.002849802148	0.000508954056	0.003463516419	0.0002595275	0.011689289347
0.0	0.0	0.0	0.0	0.0	0.0	0.0	1.8479114e-05	0.0	0.0	0.0	0.001480237736	0.0	0.00114882477	0.00010179	0.003370222352	0.00112898136	0.008881663663	0.000351648336	0.007870097028	0.000194324208	0.013794065174	0.000499710432	0.011574624414	0.001665678144	0.004422114789	0.000508955616	0.003657233987	0.000287327125	0.012318986853
0.00075880116	0.003527051156	0.001647194328	0.000342205766	0.001138223736	0.000110855403	0.0	0.00249886038	0.00016656588	0.027248500143	0.0	0.004841259133	7.402824e-05	0.039650947505	0.001388089872	0.008776630231	0.001850791488	0.011342112679	0.001156742496	0.008480781936	0.001193756928	0.01270896964	0.00049971168	0.011647309324	0.001563898128	0.002823284009	0.00053671488	0.003611740874	0.000296599375	0.011681672238
0.000832833144	0.003397285546	0.00178596288	0.000369893073	0.001156715352	0.00010159504	0.0	0.002536597445	0.000101790936	0.027305861225	0.0	0.004897341317	5.5521648e-05	0.039641386551	0.001378811304	0.008924719456	0.00175823544	0.011306583295	0.00123077136	0.008480223861	0.001221493728	0.012581503999	0.000545973792	0.011434870808	0.00162866808	0.002823239417	0.000499698264	0.003583931247	0.00026879575	0.011661516406
0.0	0.0	0.0	0.0	0.0	0.0	0.0	0.0	0.0	0.0	0.0	0.000184879693	0.0	0.001167244868	0.0	0.003174443936	0.000592234032	0.008928330642	0.00038864904	0.007906561822	0.00018507216	0.012663518813	0.000490450896	0.011629852536	0.001674948288	0.00284035011	0.000518215464	0.003610776478	0.00027805725	0.011671666346
0.0	0.002219779681	0.0	0.0	0.0	0.0	0.0	0.0	0.0	0.005228878754	0.0	0.001461365289	0.0	0.001185585416	0.0	0.026048057175	0.000564468528	0.013851978545	0.000481184496	0.029715945543	0.000240600048	0.014052155927	0.0014898624	0.021339825986	0.001600910688	0.003755883228	0.000731059056	0.0047506942	0.000296593625	0.014022889729
0.0	0.0	0.0	0.0	0.0	0.0	0.0	0.0	0.0	0.0	0.0	0.001406265294	0.0	0.001184700394	0.0	0.003146679517	0.000573748656	0.00887108261	0.00031462392	0.007749720269	0.000203577504	0.012558814413	0.000508955616	0.01146834701	0.001554638592	0.00281149005	0.00052746252	0.003620558629	0.000305872	0.011708400687
0.000925367976	0.003397932048	0.001859990184	0.000369560122	0.001193754744	0.00010166759	0.0	0.002545597995	0.000120298464	0.027343893059	0.0	0.004748565409	4.6267416e-05	0.039622788117	0.001443613392	0.008971094598	0.00177674016	0.011298428256	0.001128973872	0.00857293338	0.00125853624	0.012543561275	0.000481195104	0.011547124561	0.001674930816	0.002776945187	0.000518207976	0.00356532929	0.0002966025	0.011606813909
0.00082357704	0.003406759421	0.001785961008	0.000370045871	0.001156747176	0.000101615427	0.0	0.002527141234	0.000111043296	0.027257549582	0.0	0.004905652185	5.5522584e-05	0.039699629099	0.001369579536	0.008914770703	0.001795250496	0.011325387362	0.001203008352	0.008442854209	0.001212255408	0.012579874218	0.000545973792	0.011577694921	0.001619408544	0.00282301889	0.0004904484	0.003444197697	0.000278063875	0.011708102044
0.000749551608	0.003462241872	0.001804470408	0.000351495583	0.001193751	9.2382154e-05	0.0	0.002563377442	0.000138803184	0.027331434462	0.0	0.004757860167	8.32806e-05	0.039621840747	0.001480627512	0.008822915048	0.001823017872	0.011306104935	0.001156733136	0.008498987727	0.00124001904	0.012616405388	0.000490449024	0.011610031618	0.001619410416	0.002747622975	0.000536715816	0.003574094924	0.00029659875	0.011700293269
0.0	0.0	0.0	0.0	0.0	0.0	0.0	0.0	0.0	0.0	0.0	0.000175828395	0.0	0.001186219396	0.0	0.004063113542	0.00059222904	0.008945017316	0.000360888528	0.010032587765	0.00020358	0.012561032115	0.000499702944	0.015627947883	0.001563893136	0.002840649952	0.000536726112	0.003732802884	0.00030586175	0.011708363401
0.0	0.00024093222	0.000101790936	0.0	0.000712547784	0.0	0.0	0.0	0.0	0.000711540438	0.0	0.00016660671	0.0	0.002341893486	0.0	0.003137635407	0.000583001328	0.008891540645	0.000333132384	0.007767494918	0.000203578752	0.012664797985	0.000499703568	0.011637935855	0.001573147056	0.0028036249	0.000527463768	0.003630008021	0.0002966015	0.011699232633
0.000832851864	0.003397492304	0.001795256424	0.000369972276	0.00116596584	0.000101583584	0.0	0.002509310666	0.000101790936	0.032367630996	0.0	0.004860904116	5.5521648e-05	0.039612349634	0.001415801088	0.010775577029	0.001739672688	0.011490480536	0.001230720192	0.013080392001	0.001573103376	0.012664213516	0.000536719872	0.016510513033	0.001637925744	0.003007745307	0.00049970856	0.004296594925	0.000268786	0.012364866699
0.0	0.0	0.0	0.0	0.0	0.0	0.0	0.0	0.0	0.0	0.0	0.000185100799	0.0	0.001213524566	0.0	0.003266713942	0.000592252128	0.008871120572	0.000351638352	0.007739942218	0.000212832048	0.012545552993	0.000527468448	0.011405597973	0.001582396608	0.002775488248	0.000499709808	0.003426259971	0.00031512875	0.011718925056
0.0	0.0	0.0	0.0	0.0	0.0	0.0	9.242352e-06	0.0	0.0	0.0	0.000416650138	0.0	0.005386497412	6.4774944e-05	0.003462256001	0.001073449728	0.010019567208	0.000370161168	0.007850371903	0.00022208784	0.014016879125	0.000536722992	0.011628577455	0.001600923792	0.00602572329	0.000490451208	0.003676248673	0.000315136	0.014460021137
0.0	0.000250125896	8.3283408e-05	0.0	0.00075880584	0.0	0.0	0.0	0.0	0.000693044933	0.0	0.000175845498	0.0	0.002390200993	0.0	0.004016907085	0.000582974496	0.00889142476	0.000360887904	0.009986743977	0.000212833296	0.012571995101	0.00048119448	0.015737697737	0.001573146432	0.002784885029	0.000555233328	0.003732101734	0.0003058625	0.011670622009
0.0	0.0	0.0	0.0	0.0	0.0	0.0	0.0	0.0	0.0	0.0	0.001359716769	0.0	0.001139441672	0.0	0.003239810278	0.00058299696	0.008797799169	0.000388657152	0.007870490892	0.000203578752	0.012587441224	0.0004904484	0.011591266958	0.001647174048	0.00278631196	0.000499704816	0.003583326636	0.000296602	0.011661635885
0.0	0.0	0.0	0.0	0.0	0.0	0.0	0.0	0.0	0.0	0.0	0.00017591821	0.0	0.001195561229	0.0	0.003202475833	0.000592249632	0.008788895524	0.000360892896	0.007888263292	0.000194324832	0.012438465867	0.000518215152	0.011541920171	0.0016286712	0.00283104337	0.000499707936	0.003573802763	0.0002965955	0.011699234354
0.0007403058	0.003434832157	0.001897026768	0.000379444144	0.001193726664	0.001757482646	0.0	0.002610061088	0.000148059288	0.040993393267	0.0	0.006488937041	7.4029176e-05	0.039684989753	0.001452816144	0.01250634216	0.001813697184	0.011583368173	0.00112893144	0.017302855426	0.00163788144	0.012921965407	0.001425079344	0.018152455471	0.001637921376	0.003571149984	0.000518220144	0.004695780463	0.000287327	0.013644014522
0.0	0.0	0.0	0.0	0.0	0.0	0.0	0.0	0.0	0.0	0.0	0.001378719335	0.0	0.001204238261	0.0	0.006534163476	0.000592227168	0.009233128799	0.00036088728	0.016699555551	0.000222085968	0.01256217098	0.001443587808	0.018130030814	0.001610158368	0.003645648318	0.000499711056	0.004676439636	0.000268790375	0.013607467664
0.0	0.000250283357	0.000138805992	0.0	0.000749556288	0.0	0.0	0.0	0.0	0.000683932881	0.0	0.000175796397	0.0	0.00229568768	0.0	0.00325753266	0.00059225088	0.008891151024	0.000342388176	0.007851124336	0.00018507216	0.012571326528	0.000555228336	0.011527451672	0.001637927616	0.002841109707	0.000490445904	0.003490452159	0.00026879675	0.011688788693
0.0	0.0	0.0	0.0	0.0	0.0	0.0	0.0	0.0	0.0	0.0	0.000175828069	0.0	0.001176604301	0.0	0.003128462739	0.000582993216	0.008891663248	0.00036089352	0.007907592563	0.00020358	0.012636868463	0.00049970232	0.011631545335	0.001582402848	0.002812554686	0.000545971296	0.003527316163	0.000296601375	0.011717777747
0.00080507232	0.003388872055	0.001748950632	0.000370068784	0.001147468608	9.2416979e-05	0.0	0.002462379416	0.000175821048	0.027343279362	0.0	0.0049523564	7.4029176e-05	0.039657772225	0.00133254576	0.00886909329	0.001813757088	0.011241673595	0.00117521976	0.008618750668	0.0012029628	0.012591019843	0.000518215152	0.01159194235	0.001600902576	0.00280307604	0.000508962168	0.003546303866	0.000305864	0.01169817804
0.000906865128	0.003360703252	0.0018600426	0.000351248873	0.001203002424	0.000101684561	0.0	0.002517483324	0.000120296592	0.027312408718	0.0	0.004748164955	4.6272096e-05	0.039566341334	0.00144362088	0.008934736784	0.001776757632	0.011251935887	0.00115674	0.008508580585	0.00125853624	0.013728931961	0.000490455888	0.011546323214	0.001647171552	0.004405525084	0.000518212344	0.00357376858	0.000287330125	0.012291792284
0.00263730168	0.006785770918	0.002544804288	0.006432217176	0.00221168376	0.001433908062	0.001369544904	0.00606003729	0.001887767856	0.027330892788	0.0	0.006904396968	5.5527264e-05	0.039640192648	0.001341839304	0.008887687554	0.001785999696	0.011343808339	0.00120299712	0.008472064378	0.00123076824	0.016697291463	0.000545977536	0.016481339726	0.001610172096	0.011746720654	0.00049044996	0.003833313927	0.000296598	0.016412604024
0.0	0.000241095454	0.000148059288	0.0	0.000777322728	0.0	0.0	0.0	0.0	0.000665356591	0.0	0.000184906988	0.0	0.002325068473	0.0	0.003202239848	0.000610740624	0.008917884152	0.000370142448	0.007896672118	0.000185071536	0.01261670059	0.000481196352	0.011648720058	0.001674948288	0.002849625388	0.000518215464	0.003648187594	0.0002873255	0.01168026933
0.0	0.0	0.0	0.0	0.0	0.0	0.0	0.0	0.0	0.0	0.0	0.001350736615	0.0	0.001148758014	0.0	0.003165248131	0.000619995792	0.008890694956	0.000379394496	0.007888383764	0.000185070288	0.012683357486	0.000490449024	0.011566662421	0.001656435456	0.002832075816	0.000508961544	0.003536898218	0.000278057625	0.011690988652
0.000906874488	0.003397599964	0.00183224808	0.000369667283	0.001184482728	0.000101698638	0.0	0.002517964256	0.00012955176	0.027287835195	0.0	0.004748564033	6.4774944e-05	0.039651766629	0.001415803896	0.008951965015	0.001785966	0.011315973571	0.001156695072	0.008507190343	0.001267737744	0.01251679757	0.00048119448	0.011703713271	0.001647183408	0.002840233384	0.000508960608	0.003657372465	0.000287325	0.01163508826
0.0	0.0	0.0	0.001509111703	0.0	0.0	0.0	1.8367328e-05	0.0	0.0	0.0	0.001822209359	0.0	0.016462899861	0.000101789064	0.003369955287	0.001415867232	0.010009769003	0.000360914112	0.007935589743	0.000194328576	0.0145285796	0.000481203216	0.011571301089	0.001656421728	0.006340219907	0.000499698576	0.003777265758	0.000296593375	0.015403953388
0.0	0.0	0.0	0.0	0.0	0.0	0.0	0.0	0.0	0.0	0.0	0.001387942715	0.0	0.001195299297	0.0	0.006534299975	0.000601481712	0.009223672002	0.000351634608	0.016734299305	0.00022208784	0.012580990713	0.001443590304	0.018140839314	0.001619416032	0.003645626406	0.000499711992	0.004666954172	0.000287327	0.013625338571
0.0	0.0	0.0	0.0	0.0	0.0	0.0	0.0	0.0	0.0	0.0	0.001397098667	0.0	0.001185867646	0.0	0.003156316502	0.000592246512	0.008911588383	0.0003516396	0.007916530336	0.000194324832	0.012644140593	0.00049970232	0.011552842054	0.001573145184	0.002831426097	0.000536715504	0.003546548098	0.00029660225	0.011680342541
0.0	0.0	0.0	0.0	0.0	0.0	0.0	0.0	0.0	0.0	0.0	0.001378530799	0.0	0.001166960221	0.0	0.003166104396	0.000601497936	0.008853713546	0.00035163648	0.007926215337	0.000194324832	0.012597864049	0.000508958736	0.011567903455	0.001582395984	0.002831534856	0.00050895624	0.003666871455	0.000287333125	0.011661612952
0.0	0.0	0.0	0.001545080095	0.0	0.0	0.0	9.183664e-06	0.0	0.0	0.0	0.000370063134	0.0	0.016509516701	0.000111044232	0.003378986017	0.001434378192	0.01004789438	0.000342405648	0.007971346846	0.000194329824	0.014549413186	0.000499712304	0.011600615121	0.001647173424	0.006359197994	0.0004996992	0.003722811988	0.00029659275	0.015430226998
