0.0	0.0	0.0	0.0	0.0	0.0	0.0	0.002435446441	0.0	0.000133973934	0.0	0.00299378502	0.0	0.006075536394	0.001268679672	0.004106017041	0.000371312448	0.012342605948	0.0	0.007594270641	2.062944e-05	0.007881016292	0.000825173232	0.006839436683	0.000825157008	0.002774434836	8.2516824e-05	0.002982228346	8.265025e-05	0.007904977215
0.0	0.0	0.0	0.0	0.0	0.0	0.0	0.002394416235	0.0	0.000144233059	0.0	0.002972208516	0.0	0.006127083619	0.001248065208	0.004096379266	0.000402262848	0.012480120622	0.0	0.007594919056	3.0942288e-05	0.009975681082	0.000825138288	0.006748309742	0.000835471728	0.002764734591	7.2198048e-05	0.003086466954	7.2315375e-05	0.007839047418
0.0	0.0	0.0	0.0	0.0	0.0	0.0	0.002735215258	0.0	0.000433743468	0.0	0.004345035665	0.0	0.006095967696	0.001268676864	0.008832142206	0.001000481664	0.012696663735	0.000278491824	0.015204213365	3.0943536e-05	0.008047231422	0.00082517448	0.014979503456	0.000856097424	0.002951833057	8.2516824e-05	0.003353757657	8.2646625e-05	0.008048701666
0.0	0.0	0.0	0.0	0.0	0.0	0.0	0.002673348158	0.0	0.00021703332	0.0	0.004479401957	1.031472e-05	0.0060235782	0.001309930128	0.008995850489	0.000928288608	0.012643244779	0.000268175232	0.01511197677	4.1258256e-05	0.00797706995	0.000856113024	0.014939784616	0.00083547048	0.002918832343	7.2202728e-05	0.003372854274	7.2316125e-05	0.008119383781
0.0	0.0	0.0	0.0	0.0	0.0	0.0	0.002363035301	0.0	8.2441535e-05	0.0	0.003024467704	0.0	0.006022360873	0.001278984096	0.005593134278	0.000412572576	0.012447587188	0.0	0.014572216486	4.1257632e-05	0.007893367472	0.000825166992	0.012639719163	0.000835471728	0.002784836628	6.1887696e-05	0.003239771443	9.2977875e-05	0.007871285337
0.0	0.0	0.0	0.0	0.0	0.0	0.0	0.002415196334	0.0	0.000123658694	0.0	0.003096307176	1.031472e-05	0.006033740435	0.001278991584	0.004519447558	0.000350684256	0.012395532504	0.0	0.009884899512	7.2201792e-05	0.007820650369	0.000814858512	0.009358185534	0.00083548296	0.002784771909	8.2517448e-05	0.003000870185	7.2316125e-05	0.007903746193
0.0	0.0	0.0	0.0	0.0	0.0	0.0	0.002373491501	0.0	0.000103081679	0.0	0.00310646843	1.031472e-05	0.006044405672	0.001320248592	0.004117316121	0.000350685504	0.012377071222	0.0	0.007564352715	5.1572976e-05	0.007839427455	0.000845801424	0.006737268764	0.000804528192	0.002784520789	9.2831544e-05	0.002982542912	6.1988125e-05	0.007862165564
0.0	0.0	0.0	0.0	0.0	0.0	0.0	0.00330317161	0.0	0.000412526965	0.0	0.003075588637	0.0	0.011347689536	0.001289298816	0.004094991944	0.000350689872	0.012407425785	0.0	0.007626111148	5.1571728e-05	0.010502784743	0.000845764608	0.006717967232	0.000825152016	0.002929805968	8.2513704e-05	0.003105741128	8.264725e-05	0.008038166163
8.2514016e-05	0.000660331042	0.0	0.0	0.0	6.1912997e-05	0.0	0.003528816279	0.0	0.018681402574	0.0	0.002951538649	0.0	0.039084054017	0.001309944168	0.004157932235	0.000361004592	0.01235709686	0.0	0.007595688495	1.0314096e-05	0.007912783281	0.00081483792	0.006644168924	0.000825157008	0.002723286517	8.2515576e-05	0.002990508693	7.2316e-05	0.007860954819
0.0	0.0	0.0	0.0	0.0	0.0	0.0	0.002414781021	0.0	0.000144277532	0.0	0.002973273268	0.0	0.006066216567	0.001258362144	0.004095412649	0.000360998352	0.012354346209	0.0	0.007624759061	2.0628816e-05	0.007933389478	0.000814859136	0.006624115354	0.000814843536	0.002826299464	7.2202104e-05	0.002960156126	7.231975e-05	0.007893794485
0.0	0.0	0.0	0.0	0.0	0.0	0.0	0.002394819926	0.0	0.000103047913	0.0	0.003127095201	1.031472e-05	0.006053985747	0.001289310048	0.004127675723	0.000371321808	0.012469054526	0.0	0.007556641862	5.1571104e-05	0.008036842445	0.00083546736	0.006726795192	0.000814842912	0.002815946286	9.282936e-05	0.003032250099	6.19855e-05	0.007902372158
0.0	0.0	0.0	0.0	0.0	0.0	0.0	0.002373434488	0.0	0.000103042698	0.0	0.002972508636	0.0	0.006054235738	0.001279003752	0.00409495575	0.000371318064	0.012509647292	0.0	0.007656338893	2.0628816e-05	0.007943684131	0.000814862256	0.00672562475	0.000804527568	0.002775389048	7.2201168e-05	0.003002448431	7.231625e-05	0.007884629377
0.0	0.0	0.0	0.0	0.0	0.0	0.0	0.002384170794	0.0	8.2474501e-05	0.0	0.00310688451	0.0	0.006053741776	0.001340886456	0.004117249441	0.000371318688	0.012388021415	0.0	0.007606738623	6.1886448e-05	0.007808242867	0.000835466736	0.00668559497	0.000835468608	0.002713721364	8.2515264e-05	0.003033978843	7.2318375e-05	0.007883434008
0.0	0.0	0.0	0.0	0.0	0.0	0.0	0.002373693716	0.0	0.000103061635	0.0	0.002921189736	1.0313784e-05	0.00606513217	0.001299624768	0.004086620409	0.000350691744	0.01236748553	0.0	0.007574084669	4.1257008e-05	0.007911275443	0.000845785824	0.006788911784	0.000804525696	0.002804749662	8.2511832e-05	0.00298297758	7.2316125e-05	0.007851802938
7.2200232e-05	0.000670508099	0.0	0.0	0.0	7.2133147e-05	0.0	0.003550414742	0.0	0.018567480104	0.0	0.00297270741	0.0	0.03909188626	0.001268675928	0.004083794064	0.000371313072	0.012396375016	0.0	0.007655932298	6.1887072e-05	0.007850475287	0.000804543168	0.006676351316	0.000835471728	0.002753408351	8.2517136e-05	0.002960292209	7.2319625e-05	0.007882785397
0.0	0.0	0.0	0.0	0.0	0.0	0.0	0.002394420781	0.0	0.000123617121	0.0	0.003148703341	0.0	0.006126893973	0.001227430152	0.004066006611	0.00039195	0.012449855349	0.0	0.00768986856	5.1571728e-05	0.00782941023	0.0007942116	0.006664909815	0.000835471728	0.002805607119	7.2201792e-05	0.00304285897	8.2646375e-05	0.007862094407
0.0	0.0	0.0	0.0	0.0	0.0	0.0	0.002363320493	0.0	9.2752673e-05	0.0	0.003096277815	1.031472e-05	0.00599181571	0.001299624768	0.004106319405	0.000381632784	0.012448016093	0.0	0.007583816709	4.1258256e-05	0.007911730898	0.000856096176	0.006687549031	0.000856101168	0.002784486753	6.1883952e-05	0.003033943478	8.264725e-05	0.007850805212
0.0	0.0	0.0	0.0	0.0	0.0	0.0	0.002383792515	0.0	0.000144229235	0.0	0.002982898181	0.0	0.006095789681	0.00124804836	0.004510313896	0.000412568208	0.012479134381	0.0	0.009856552889	3.0943536e-05	0.00813984845	0.00082517448	0.009431305349	0.000856114272	0.002765765313	6.1887696e-05	0.003105961993	8.264675e-05	0.007872051394
0.0	0.0	0.0	0.0	0.0	0.0	0.0	0.003251190785	0.0	0.000412555689	0.0	0.002951446363	0.0	0.011397854759	0.0012686778	0.004095097079	0.000361002096	0.012427139017	0.0	0.007669170491	6.1886448e-05	0.010545086988	0.000794196624	0.006634907046	0.000814838544	0.002908371373	7.2198672e-05	0.003127277153	8.2646375e-05	0.008016503114
0.0	0.0	0.0	0.0	0.0	0.0	0.0	0.002394468168	0.0	8.2451456e-05	0.0	0.002942003463	1.0313784e-05	0.005982368661	0.00127899252	0.004115527314	0.000381632784	0.012490115465	0.0	0.007605551103	6.18852e-05	0.008006790909	0.000835487328	0.006674351617	0.00083547048	0.002805390331	5.1572664e-05	0.003013523885	8.2649125e-05	0.007892065423
0.0	0.0	0.0	0.0	0.0	0.0	0.0	0.00240475568	0.0	0.000144223371	0.0	0.002951383064	0.0	0.006075330136	0.001279002816	0.004157518258	0.000361004592	0.012351405956	0.0	0.007614526477	1.031472e-05	0.008953635027	0.000825142032	0.006685970334	0.000825155136	0.002753071015	8.2512456e-05	0.002960002171	7.231625e-05	0.007850983188
0.0	0.0	0.0	0.0	0.0	0.0	0.0	0.00237290785	0.0	8.2488658e-05	0.0	0.002962755498	0.0	0.006064413464	0.001340875224	0.005560520408	0.000371314944	0.012355549061	0.0	0.014460674199	3.0942912e-05	0.007963419048	0.00087674496	0.012576427385	0.000825156384	0.002804964857	8.2517448e-05	0.003177511812	7.231625e-05	0.007871545569
0.0	0.0	0.0	0.0	0.0	0.0	0.0	0.002383651401	0.0	0.000103104534	0.0	0.002962710434	0.0	0.006024386571	0.00129962196	0.004117346104	0.000360998976	0.012479330531	0.0	0.0075850855	1.0314096e-05	0.007954665804	0.00084579768	0.006706171	0.000825156384	0.002793490766	7.2202728e-05	0.003064226178	7.2319e-05	0.007894370567
0.0	0.0	0.0	0.0	0.0	0.0	0.0	0.002404580217	0.0	0.000133945644	0.0	0.002992976135	0.0	0.006116325175	0.001248055848	0.00407571165	0.000391948128	0.012458931344	0.0	0.007617225611	4.1257008e-05	0.008006066367	0.000804526944	0.006684273716	0.000845783328	0.002754399527	9.282624e-05	0.003043383456	6.1985125e-05	0.007883231008
0.0	0.0	0.0	0.0	0.0	0.0	0.0	0.002404578038	0.0	0.000144207218	0.0	0.002982812061	0.0	0.006043987499	0.001268688096	0.004125902343	0.00035069112	0.012365402327	0.0	0.007624727608	2.0628816e-05	0.00792171565	0.000814840416	0.0067166996	0.000825154512	0.002804506341	7.2198672e-05	0.002982551335	7.231575e-05	0.007851619253
0.0	0.0	0.0	0.0	0.0	0.0	0.0	0.002394324887	0.0	0.000123651931	0.0	0.003096835938	0.0	0.006117486755	0.001268675928	0.004169438187	0.0003713112	0.012478703576	0.0	0.00760754969	3.0943536e-05	0.008005826229	0.000845802672	0.00674752672	0.000825154512	0.002837336999	9.2831544e-05	0.003065358448	6.1987625e-05	0.007871988794
0.0	0.0	0.0	0.0	0.0	0.0	0.0	0.002414941489	0.0	0.000154608795	0.0	0.00312825035	0.0	0.006076092232	0.001268674992	0.004114844457	0.000350686128	0.01238458083	0.0	0.007656136566	6.1888944e-05	0.007859414712	0.000804543168	0.006644177853	0.00081484416	0.002805676532	8.2515576e-05	0.002979963272	7.231625e-05	0.007904306687
0.0	0.0	0.0	0.0	0.0	0.0	0.0	0.002393799516	0.0	0.000103091199	0.0	0.002942274104	1.031472e-05	0.006013049155	0.001309937616	0.004116291257	0.000381633408	0.012374704026	0.0	0.007510782765	0.000103145328	0.007758909485	0.000825173856	0.006623171835	0.000845785824	0.002775589047	6.1887696e-05	0.002970405836	8.265025e-05	0.007862212176
6.1885512e-05	0.000670516025	0.0	0.0	0.0	6.1658195e-05	0.0	0.003508946833	0.0	0.018597835559	0.0	0.002962430284	1.031472e-05	0.039127930081	0.001278990648	0.004125571022	0.000381631536	0.0124262647	0.0	0.007583873783	6.1886448e-05	0.010029012219	0.000845771472	0.006728440773	0.00082517136	0.002796286179	7.2199296e-05	0.003003641138	8.2646875e-05	0.007862523669
0.0	0.0	0.0	0.0	0.0	0.0	0.0	0.002383971861	0.0	8.2434756e-05	0.0	0.00310592094	0.0	0.006085935008	0.001330574544	0.004095090146	0.000361003344	0.012417373067	0.0	0.007524801406	4.1257008e-05	0.009820744347	0.000856079328	0.006652739473	0.000835471104	0.002774486113	6.18852e-05	0.003011773022	7.23155e-05	0.007903038733
0.000917973576	0.001310940449	0.00017534088	0.005529254157	0.0	0.000340346227	0.0	0.007356471923	0.0	0.001351604271	0.0	0.006078649773	0.0	0.033524534494	0.001268692776	0.006963199261	0.000361005216	0.012364989804	0.0	0.008223700392	2.0628816e-05	0.011741458909	0.000825142032	0.009804101504	0.000814839168	0.008685554671	0.00010314408	0.004518361748	6.1985125e-05	0.010152765293
0.0	0.0	0.0	0.0	0.0	0.0	0.0	0.002405036592	0.0	0.000134054538	0.0	0.002962915895	0.0	0.006044472161	0.001278988776	0.004086556433	0.0003609996	0.012439020057	0.0	0.007575096509	3.0942912e-05	0.00805766183	0.000835491072	0.006788506619	0.000825158256	0.002846211046	8.2513704e-05	0.003034266609	6.1986125e-05	0.007882320554
0.0	0.0	0.0	0.0	0.0	0.0	0.0	0.002404279607	0.0	0.000123666856	0.0	0.002941426196	0.0	0.006054502721	0.00129963132	0.004064683551	0.000330062928	0.012343974755	0.0	0.007552632877	2.062944e-05	0.007901502075	0.000835472352	0.006737803293	0.000825155136	0.002753347149	0.000103142832	0.002971791607	7.2316875e-05	0.007862797437
0.0	0.0	0.0	0.0	0.0	0.0	0.0	0.002404486134	0.0	0.000123601631	0.0	0.003138790307	0.0	0.006054752325	0.001309924512	0.005652740549	0.000360997104	0.012342563792	0.0	0.014551699199	1.0314096e-05	0.007994318054	0.000825170112	0.012596729916	0.000814839168	0.002732976187	8.2517448e-05	0.003166028883	7.231625e-05	0.007861863009
8.2520568e-05	0.000660171353	0.0	0.0	0.0	6.1891706e-05	0.0	0.003529653979	0.0	0.018578807107	0.0	0.002983176989	0.0	0.039126129815	0.00126867312	0.004096272799	0.000371309952	0.012313189878	0.0	0.007978220032	2.0628816e-05	0.007994526393	0.000835487328	0.008296384677	0.000825153264	0.002804961425	9.2831232e-05	0.00303377424	7.2315875e-05	0.007894668077
7.2199296e-05	0.000670506983	0.0	0.0	0.0	6.17619e-05	0.0	0.003487335342	0.0	0.018721293193	0.0	0.00296241413	0.0	0.03911864766	0.001268684352	0.004055574483	0.000402260352	0.012459777678	0.0	0.007635600627	5.1571728e-05	0.007852232433	0.000783895632	0.006685085001	0.000825153888	0.002794395084	7.2199296e-05	0.003053912314	8.2647e-05	0.007871645688
0.0	0.0	0.0	0.0	0.0	0.0	0.0	0.002404553342	0.0	0.000144224739	0.0	0.00302462606	0.0	0.006095635114	0.001227432024	0.004024672338	0.000391948752	0.012450718948	0.0	0.007636592328	3.0942912e-05	0.008026987716	0.000804527568	0.006643056069	0.000825159504	0.002765311122	8.25162e-05	0.003034187232	8.2646875e-05	0.007853204557
0.0	0.0	0.0	0.0	0.0	0.0	0.0	0.002373015712	0.0	8.2459972e-05	0.0	0.003096844142	0.0	0.006023803346	0.001330564248	0.004107619102	0.000371318688	0.012345523123	0.0	0.007556019259	1.0314096e-05	0.007890673488	0.000856113024	0.006663591839	0.000814842912	0.002794885861	7.2202728e-05	0.003022406772	7.2319125e-05	0.007894058956
0.0	0.0	0.0	0.0	0.0	0.0	0.0	0.002404362042	0.0	0.000103055769	0.0	0.002952463789	0.0	0.006022956494	0.001299632256	0.004125199367	0.000381634032	0.012345048621	0.0	0.007543445661	2.0628816e-05	0.007911198017	0.00080452632	0.00671625747	0.00081484416	0.002744665397	8.2515264e-05	0.003023006212	7.2315875e-05	0.007904953354
0.0	0.0	0.0	0.0	0.0	0.0	0.0	0.002362974988	0.0	0.000113344942	0.0	0.002952267527	0.0	0.006117561914	0.001268676864	0.004107706647	0.000360997728	0.012415740443	0.0	0.007658341616	6.1886448e-05	0.007831092272	0.0007942272	0.007336898634	0.000825160128	0.002795244097	7.2202416e-05	0.003044328873	7.231975e-05	0.007881863146
0.0	0.0	0.0	0.0	0.0	0.0	0.0	0.00236289598	0.0	9.2726831e-05	0.0	0.003003100819	0.0	0.006023016845	0.00126868716	0.004065942017	0.000402260976	0.012447578165	0.0	0.007635278177	4.1257632e-05	0.008945226593	0.000804511968	0.006705684004	0.000835472352	0.002763885669	6.1884576e-05	0.003012717223	9.2977875e-05	0.007902864546
0.0	0.0	0.0	0.0	0.0	0.0	0.0	0.002373486895	0.0	0.000103065456	0.0	0.003118320727	0.0	0.006064286543	0.001248051168	0.004033514357	0.000381630912	0.012416953847	0.0	0.007594221984	1.031472e-05	0.007996958013	0.000825175104	0.006738344944	0.000804525696	0.002785178481	7.2201168e-05	0.00306627254	8.2646875e-05	0.007862569468
0.0010211292	0.000268137645	7.2201168e-05	0.001464731822	0.0	5.1608843e-05	0.0	0.003353913233	0.0	0.000598445156	0.0	0.002972475212	0.0	0.026665232963	0.001289305368	0.005447746022	0.000361002096	0.012477761186	0.0	0.0075752514	1.031472e-05	0.01088465683	0.000835458	0.006705902591	0.000825153888	0.004807051197	6.18852e-05	0.004301894581	7.231625e-05	0.008410827631
7.2202104e-05	0.000670627099	0.0	0.0	0.0	7.201989e-05	0.0	0.003488406937	0.0	0.018556128733	0.0	0.002972745996	0.0	0.039043038659	0.001248049296	0.004066658442	0.000371311824	0.012428220202	0.0	0.007668042722	5.1571728e-05	0.007872661948	0.000794224704	0.006592277647	0.0008457852	0.002712397936	7.2202728e-05	0.003042983163	8.2650625e-05	0.007852664566
0.0	0.0	0.0	0.0	0.0	0.0	0.0	0.002404679618	0.0	0.000123590009	0.0	0.00298323123	0.0	0.006148197014	0.001227430152	0.004085590149	0.000391947504	0.012438720357	0.0	0.007679569531	6.1887072e-05	0.007902803354	0.00078391872	0.006603694995	0.000835469232	0.002722894327	6.188676e-05	0.003043800751	8.2646375e-05	0.007893212237
0.0	0.0	0.0	0.0	0.0	0.0	0.0	0.002383663212	0.0	9.2765306e-05	0.0	0.003096581526	1.031472e-05	0.006034132452	0.001299618216	0.004095913684	0.000371316816	0.012417845476	0.0	0.007532262742	8.2516512e-05	0.007810912522	0.000825170736	0.006728502407	0.00083547048	0.002786444168	6.188676e-05	0.003013006778	8.264875e-05	0.0078831787
9.2834352e-05	0.000670504185	0.0	0.0	0.0	7.2021036e-05	0.0	0.003499200165	0.0	0.01866057054	0.0	0.002962151177	1.0313784e-05	0.039168885804	0.001278988776	0.004158816533	0.000371310576	0.012458045626	0.0	0.007596662993	4.1257632e-05	0.008079308336	0.000845801424	0.006737189903	0.00081484104	0.002856943435	8.2516824e-05	0.003033783621	6.1987e-05	0.007893583482
0.0	0.0	0.0	0.0	0.0	0.0	0.0	0.002414226556	0.0	0.000133927529	0.0	0.00311702118	0.0	0.006033875085	0.001258369632	0.004094815608	0.000381631536	0.012386523768	0.0	0.007655994748	6.1887072e-05	0.007789299597	0.000835467984	0.006696474716	0.00084578208	0.0027531005	8.2511832e-05	0.002970971651	7.231575e-05	0.007873471145
7.2200232e-05	0.000650000716	0.0	0.0	0.0	7.2153125e-05	0.0	0.003529068799	0.0	0.018617102328	0.0	0.002972435706	0.0	0.039051931362	0.001227429216	0.004003241483	0.000391948128	0.01246117816	0.0	0.007667270185	4.1257632e-05	0.007983987257	0.0007942116	0.006716714728	0.000835465488	0.002785357005	8.2515888e-05	0.00306454749	7.2316e-05	0.00790575516
0.0	0.0	0.0	0.0	0.0	0.0	0.0	0.00236357248	0.0	0.000113343215	0.0	0.003105862256	1.031472e-05	0.006085304456	0.001299621024	0.00411647677	0.000340377648	0.012355805893	0.0	0.007553090043	3.0943536e-05	0.007828107574	0.000866409648	0.006738500168	0.000794209104	0.002753807282	9.28278e-05	0.003014237906	7.2316625e-05	0.007872630649
0.0	0.0	0.0	0.0	0.0	0.0	0.0	0.002745588422	0.0	0.008461503013	0.0	0.006295195068	0.0	0.006034306423	0.001299613536	0.010120905463	0.000948916176	0.017460888938	0.000649795536	0.018735819754	0.000907667904	0.009954800412	0.000814847904	0.016332139861	0.000845777712	0.003032925276	0.000350692992	0.003384960424	8.264675e-05	0.008760069137
8.2514952e-05	0.000670583594	0.0	0.0	0.0	6.1866756e-05	0.0	0.003529450664	0.0	0.018576899144	0.0	0.002941340317	1.0313784e-05	0.039138791231	0.001299614472	0.004106857434	0.000340371408	0.012355570553	0.0	0.007574083523	3.0942912e-05	0.007880922893	0.000835487952	0.006747700687	0.000804523824	0.002783995823	0.000103143144	0.002992920895	7.23165e-05	0.007852213744
9.28278e-05	0.000680810783	0.0	0.0	0.0	5.1485563e-05	0.0	0.003529533613	0.0	0.018751767517	0.0	0.002972167045	0.0	0.039121096147	0.001278986904	0.004073837677	0.000381627792	0.012476310578	0.0	0.007593485822	1.0314096e-05	0.010782506859	0.000835452384	0.006653442976	0.0008148348	0.002959866664	7.219992e-05	0.003108153555	8.2647e-05	0.007976612759
7.2199296e-05	0.00066040481	0.0	0.0	0.0	8.2348911e-05	0.0	0.003508850155	0.0	0.018620733864	0.0	0.002972539488	0.0	0.03908623273	0.001258378056	0.004125910082	0.000361004592	0.012418656144	0.0	0.007657296235	6.1885824e-05	0.009728506585	0.000794194752	0.006676083011	0.000814842288	0.002836059498	7.2197736e-05	0.00298146013	7.231525e-05	0.007893071178
0.0	0.0	0.0	0.0	0.0	0.0	0.0	0.002404893696	0.0	0.000123619443	0.0	0.003116384538	0.0	0.00611638591	0.001248054912	0.004034782349	0.00041257632	0.01247963836	0.0	0.007615443061	3.0943536e-05	0.009066443691	0.000814826688	0.00666507525	0.000835466736	0.002776119321	9.282624e-05	0.003053612769	7.231575e-05	0.007903409384
0.0	0.0	0.0	0.0	0.0	0.0	0.0	0.002383713443	0.0	8.2458749e-05	0.0	0.002941988258	1.0313784e-05	0.006012487096	0.001309938552	0.004147506662	0.000361005216	0.012467049312	0.0	0.007585799136	2.0628816e-05	0.008077441988	0.000856098672	0.006694213866	0.000835472976	0.002752700354	6.1884576e-05	0.003045749935	7.231575e-05	0.007882199789
0.0	0.0	0.0	0.0	0.0	0.0	0.0	0.002373658492	0.0	7.2123768e-05	0.0	0.002930825583	0.0	0.006055288951	0.001320255144	0.004157177067	0.000371318688	0.012467459976	0.0	0.007565172679	3.0942912e-05	0.007943724109	0.000845783952	0.006706403982	0.00083547048	0.002763267804	7.2199296e-05	0.003094219702	7.231625e-05	0.007892704918
0.0	0.0	0.0	0.0	0.0	0.0	0.0	0.002383966406	0.0	0.000113374382	0.0	0.002952411879	1.031472e-05	0.006054908338	0.001258364952	0.004188655448	0.000381626544	0.012468429025	0.0	0.007566125611	4.1257632e-05	0.008006302836	0.000866435232	0.006726380318	0.000825158256	0.002796076107	8.2516824e-05	0.003053931652	5.1657125e-05	0.007872834354
8.2514952e-05	0.000680901961	0.0	0.0	0.0	5.1484898e-05	0.0	0.003519707686	0.0	0.018607254961	0.0	0.002951915605	1.031472e-05	0.039116007795	0.001289306304	0.004106478109	0.000381632784	0.012416747633	0.0	0.007583888134	6.1886448e-05	0.007839686377	0.000845798304	0.006728047011	0.000845785824	0.002785130551	7.220148e-05	0.00300270287	8.2648875e-05	0.007892306604
0.0	0.0	0.0	0.0	0.0	0.0	0.0	0.002373385706	0.0	0.000113298596	0.0	0.002941846764	0.0	0.006095023077	0.001299632256	0.004127944393	0.000391945008	0.012407650465	0.0	0.007658501276	6.1887072e-05	0.007830456002	0.000825153264	0.006707349398	0.000825155136	0.002723162589	8.2512456e-05	0.003013703295	7.231575e-05	0.00785118383
7.2201168e-05	0.000660301102	0.0	0.0	0.0	6.1804501e-05	0.0	0.003529061643	0.0	0.018628661837	0.0	0.002941535024	1.0313784e-05	0.039167924386	0.001309932936	0.004127219351	0.00035069112	0.012406670282	0.0	0.007594316027	0.000103142832	0.007860229439	0.000835465488	0.006737876909	0.000814838544	0.002754198249	9.2828112e-05	0.002982836932	7.2315625e-05	0.007892873044
0.001041742728	0.002259995511	0.000175339944	0.00559068278	0.0	0.000340440849	0.0	0.007326662237	0.0	0.018659416223	0.0	0.006057739391	0.0	0.039054357524	0.00124805304	0.006871459819	0.000381632784	0.012447436579	0.0	0.008368872069	4.1258256e-05	0.011834997957	0.000783883152	0.00994738815	0.000845780208	0.008749021275	7.2200232e-05	0.004591312998	9.2977625e-05	0.010059652689
0.0	0.0	0.0	0.0	0.0	0.0	0.0	0.002683451583	0.0	0.008584928059	0.0	0.006295929457	0.0	0.006095334549	0.001278981288	0.010019331678	0.000959232768	0.017534630874	0.000670424352	0.018677679533	0.000928296096	0.009823043445	0.000794217216	0.016468477376	0.00086640528	0.003062430269	0.000350692992	0.003435593183	8.264725e-05	0.008749162573
0.000959234328	0.001187085946	0.000144402336	0.005487759261	0.0	0.000361148835	0.0	0.007325452712	0.0	0.001351764775	0.0	0.017168622337	1.031472e-05	0.033577304128	0.001320257952	0.007026841595	0.000350689872	0.012418536341	0.0	0.00828723153	0.000103143456	0.011781827291	0.00083545488	0.009794815778	0.000814832304	0.008708696847	8.2515888e-05	0.004560181594	6.19855e-05	0.010081466374
0.0	0.0	0.0	0.0	0.0	0.0	0.0	0.003281962623	0.0	0.000422852871	0.0	0.003024141837	0.0	0.011398210425	0.001248047424	0.004107089238	0.000381631536	0.012457515057	0.0	0.007616741474	2.0628192e-05	0.010833180441	0.000825137664	0.006736752345	0.000825155136	0.002950593541	8.2512768e-05	0.003117581713	8.264675e-05	0.007962708512
0.0	0.0	0.0	0.0	0.0	0.0	0.0	0.003260647336	0.0	0.000175300246	0.0	0.002962400444	0.0	0.006518831212	0.0012789972	0.004052905531	0.000391944384	0.012435052594	0.0	0.007636311946	2.062944e-05	0.01012998976	0.000835460496	0.0067281827	0.000835487952	0.002732821052	6.18852e-05	0.003002692492	8.2646875e-05	0.007892893094
0.0	0.0	0.0	0.0	0.0	0.0	0.0	0.002404771779	0.0	0.000134009367	0.0	0.003117148607	0.0	0.006085300341	0.0012789972	0.004116698147	0.000361003344	0.012345623808	0.0	0.007586418823	2.062944e-05	0.007974565561	0.000835491072	0.006737364614	0.000804525072	0.002856867846	0.000113457552	0.003034037191	6.19865e-05	0.007912907095
8.2514016e-05	0.000680984684	0.0	0.0	0.0	7.2093864e-05	0.0	0.003508418445	0.0	0.018681804611	0.0	0.002931512456	0.0	0.039130854864	0.001340879904	0.004086191928	0.000361003968	0.01235392224	0.0	0.007523717944	2.0628816e-05	0.009026091945	0.000856083072	0.006685012592	0.000814841664	0.002815599989	8.2513392e-05	0.003002105141	7.2315875e-05	0.007882813683
8.2514016e-05	0.000660274678	0.0	0.0	0.0	7.2100774e-05	0.0	0.003498740261	0.0	0.018577906531	0.0	0.002962416304	0.0	0.039115722629	0.00126868248	0.004097673796	0.000381630288	0.012481469915	0.0	0.007636054495	3.0943536e-05	0.00803689229	0.000825153888	0.006716400895	0.000835469856	0.002775783107	9.2826552e-05	0.003033752854	6.198525e-05	0.00784972411
0.0	0.0	0.0	0.0	0.0	0.0	0.0	0.002353317484	0.0	9.2767175e-05	0.0	0.002942117719	0.0	0.006084868912	0.001330565184	0.004117175566	0.000381633408	0.012399344002	0.0	0.007534256708	5.1572976e-05	0.007880650739	0.000856114896	0.006736924752	0.00082515576	0.002734270314	8.2514952e-05	0.003014536259	7.2318125e-05	0.007862690928
8.2514016e-05	0.000650072555	0.0	0.0	0.0	7.2037483e-05	0.0	0.003508143322	0.0	0.018537431882	0.0	0.003013780503	0.0	0.039075040084	0.001248054912	0.004147312104	0.000381630912	0.012323578442	0.0	0.007614405275	2.0628816e-05	0.007973995418	0.000804527568	0.006726778364	0.00083546736	0.002815944739	7.2197736e-05	0.003013166882	8.2646625e-05	0.007841676128
0.0	0.0	0.0	0.0	0.0	0.0	0.0	0.002404507456	0.0	9.276661e-05	0.0	0.002931396455	1.0313784e-05	0.006074404053	0.001299622896	0.004066671112	0.000371318688	0.012336436177	0.0	0.007565071223	5.157048e-05	0.007995087897	0.000835468608	0.006727067115	0.000825157008	0.002774365439	6.18852e-05	0.003033168337	6.1985125e-05	0.007851340784
0.0	0.0	0.0	0.0	0.0	0.0	0.0	0.002373387634	0.0	9.2773184e-05	0.0	0.003107481036	0.0	0.00606383245	0.001309939488	0.004168043622	0.000381630288	0.012347177354	0.0	0.007566280301	1.0314096e-05	0.007963310507	0.00083546736	0.006602736351	0.000814839792	0.002733829812	9.2830296e-05	0.002980163758	7.231575e-05	0.007904283144
6.1886448e-05	0.000649825472	0.0	0.0	0.0	6.1707114e-05	0.0	0.003508637899	0.0	0.018682786994	0.0	0.0029413312	0.0	0.039175330149	0.001278994392	0.00412606195	0.000340375152	0.01240682164	0.0	0.007646647716	6.1885824e-05	0.007737313479	0.00082515264	0.006626540083	0.000845784576	0.002784857271	9.2828736e-05	0.003002137389	7.2315625e-05	0.007914017429
0.0	0.0	0.0	0.0	0.0	0.0	0.0	0.002332337291	0.0	7.2123705e-05	0.0	0.002941876609	0.0	0.006022901026	0.001299629448	0.004096431304	0.000391947504	0.012398294778	0.0	0.007615221427	5.1571728e-05	0.007863431258	0.00082515264	0.006716856892	0.000845786448	0.002816717718	8.2515264e-05	0.002991453682	6.198475e-05	0.007839727469
0.0	0.0	0.0	0.0	0.0	0.0	0.0	0.003250907144	0.0	0.000237150895	0.0	0.003076327388	0.0	0.006559841697	0.001309943232	0.004197503004	0.000350686128	0.012365069612	0.0	0.007647367836	4.1258256e-05	0.010160156337	0.000825144528	0.006665611881	0.000825171984	0.002753826756	8.2513392e-05	0.003011802119	7.231625e-05	0.007851252766
0.0	0.0	0.0	0.0	0.0	0.0	0.0	0.002383719875	0.0	9.2794118e-05	0.0	0.002972757299	0.0	0.006065224357	0.001278994392	0.004094890345	0.000381628416	0.012455956443	0.0	0.007603148465	2.0628816e-05	0.008047488391	0.000845799552	0.007365828092	0.000814842288	0.002815455452	7.2202104e-05	0.003045923301	8.265025e-05	0.007882752019
8.2516824e-05	0.00067069538	0.0	0.0	0.0	5.1595664e-05	0.0	0.003539458158	0.0	0.018762515743	0.0	0.002962536627	0.0	0.039099100749	0.001268676864	0.0044874415	0.000381628416	0.012447058247	0.0	0.009894168607	2.0628816e-05	0.007986187551	0.000845795808	0.009462661476	0.000814856016	0.002733046933	6.1887384e-05	0.0030757795	8.2646375e-05	0.007862769457
0.0	0.0	0.0	0.0	0.0	0.0	0.0	0.002373754927	0.0	9.2735711e-05	0.0	0.002972892163	1.0313784e-05	0.006034321203	0.001278999072	0.004155985786	0.00037132056	0.012490133647	0.0	0.00758702348	5.1571104e-05	0.008006537215	0.0008457852	0.006704707753	0.000825155136	0.002795585667	8.2514328e-05	0.003064961008	7.2318375e-05	0.007882398686
0.000938605824	0.001300217616	0.000113459112	0.005497874078	0.0	0.000340481466	0.0	0.007325254612	0.0	0.001362023715	0.0	0.006016892508	0.0	0.033670638619	0.001268693712	0.007119818013	0.00037132056	0.012438120943	0.0	0.00828913162	3.0942912e-05	0.011978781095	0.0008457696	0.009896000536	0.000825153264	0.008698581559	9.2829048e-05	0.004591978381	7.23165e-05	0.010110787664
0.0	0.0	0.0	0.0	0.0	6.1795418e-05	0.0	0.00326139929	0.0	0.000505571273	0.0	0.002920878046	1.0313784e-05	0.015832526712	0.001330563312	0.004096578983	0.000350686752	0.012386543295	0.0	0.007543285911	5.1571104e-05	0.010606196933	0.000845770848	0.006737163086	0.000804525072	0.003280088546	9.2830296e-05	0.003912102881	6.1985125e-05	0.00807011846
0.0	0.0	0.0	0.0	0.0	0.0	0.0	0.002383596687	0.0	9.2778767e-05	0.0	0.002921378513	1.031472e-05	0.006054024923	0.001320248592	0.004066131498	0.000371313696	0.012376610597	0.0	0.00784405268	4.1257632e-05	0.007860134518	0.000856114272	0.008295726425	0.000804527568	0.002846703385	7.2202104e-05	0.002981389612	7.2316125e-05	0.007871805343
8.2515888e-05	0.001083181356	0.0	0.0	0.0	7.2124969e-05	0.0	0.003849176596	0.0	0.032483472895	0.0	0.004335223487	0.0	0.039035139591	0.001299609792	0.008923906236	0.000928284864	0.012569632816	0.000278490576	0.015222200076	1.0314096e-05	0.007924257974	0.00082516824	0.01484712658	0.00079420848	0.00299079883	7.2202416e-05	0.003300044497	7.2315875e-05	0.008089395759
0.0	0.0	0.0	0.0	0.0	0.0	0.0	0.002384552357	0.0	0.000123712299	0.0	0.00295216181	0.0	0.006075381555	0.001268678736	0.004067948489	0.000361000224	0.012510339991	0.0	0.007636731044	3.0942912e-05	0.008036020291	0.000845804544	0.006695852424	0.000825156384	0.002846137783	9.2831544e-05	0.003084801105	6.1987625e-05	0.007892814731
0.0	0.0	0.0	0.0	0.0	0.0	0.0	0.003271525276	0.0	0.000216604821	0.0	0.002931396883	1.031472e-05	0.006487720012	0.001340882712	0.004044405869	0.000371316192	0.012395543909	0.0	0.007554957909	3.0942912e-05	0.010087879672	0.000845773968	0.006665191826	0.000804542544	0.002836354338	7.2199296e-05	0.002992640816	7.231625e-05	0.007862984557
9.2828736e-05	0.000680916779	0.0	0.0	0.0	7.196823e-05	0.0	0.003508547254	0.0	0.018630113627	0.0	0.00293090163	1.0313784e-05	0.039157339177	0.001299625704	0.004146383054	0.00036100584	0.012469488383	0.0	0.007566154365	5.1571104e-05	0.008005258203	0.000835466736	0.00664403439	0.000835468608	0.00275306737	6.1884576e-05	0.003053301493	7.23155e-05	0.007860711089
0.0	0.0	0.0	0.0	0.0	0.0	0.0	0.002373718988	0.0	9.270293e-05	0.0	0.002972995804	0.0	0.006064405355	0.001320249528	0.004116461165	0.000391948752	0.012386847631	0.0	0.007556616122	1.0315344e-05	0.00794231956	0.000856113024	0.006727421129	0.000804530688	0.00272341427	8.2515576e-05	0.00298109239	7.2317125e-05	0.00785179124
0.0	0.0	0.0	0.0	0.0	0.0	0.0	0.002352676183	0.0	0.000113369195	0.0	0.003107883598	0.0	0.006095806126	0.001268676864	0.004055427714	0.000371311824	0.01242850943	0.0	0.007648380674	5.1572352e-05	0.007870667864	0.000773599632	0.006674025206	0.000835469856	0.002804700215	8.2517136e-05	0.003065186383	8.26505e-05	0.007872135433
0.0	0.0	0.0	0.0	0.0	0.0	0.0	0.002353040756	0.0	9.2788497e-05	0.0	0.002942172661	0.0	0.005981363834	0.001299625704	0.004115884228	0.000402260976	0.012426159211	0.0	0.007635634146	4.1257008e-05	0.007758870465	0.00084578208	0.006613948034	0.000856101168	0.002774797009	7.2201792e-05	0.003013011804	8.2646875e-05	0.007860801853
7.2203976e-05	0.00067053924	0.0	0.0	0.0	6.1824686e-05	0.0	0.003518989475	0.0	0.022550023913	0.0	0.002941779148	1.031472e-05	0.03916763706	0.001278990648	0.005622689337	0.000381628416	0.012384969205	0.0	0.01456179685	7.2201168e-05	0.007799396267	0.000845802672	0.012684277713	0.000804524448	0.002796204721	6.1887384e-05	0.003187114364	8.2646875e-05	0.007861650412
0.0	0.0	0.0	0.0	0.0	0.0	0.0	0.002394048956	0.0	0.000133886752	0.0	0.003138270708	0.0	0.006075013458	0.001258368696	0.004064739701	0.00038163216	0.012435416688	0.0	0.007572614214	2.0628816e-05	0.008005051484	0.000804528816	0.006715547017	0.000814840416	0.002775750708	7.2200544e-05	0.003076945509	8.2645875e-05	0.007915618836
0.0	0.0	0.0	0.0	0.0	0.0	0.0	0.002342503024	0.0	0.000103008198	0.0	0.002983503946	0.0	0.006064221691	0.001289310048	0.004096605104	0.000381632784	0.012428859295	0.0	0.007637039569	6.1887072e-05	0.007809045996	0.000804525072	0.006727819644	0.000814842912	0.002754415967	8.2513704e-05	0.003054570274	7.2315125e-05	0.007821328776
0.001021125456	0.000258143003	8.2515888e-05	0.001516071565	0.0	6.1934162e-05	0.0	0.003323168915	0.0	0.00060863987	0.0	0.00296249102	0.0	0.026749166706	0.00125836308	0.005397696191	0.000361003968	0.012449918126	0.0	0.007669501963	5.1571728e-05	0.010822729772	0.000763256208	0.006684375138	0.000835467984	0.004765070747	7.219992e-05	0.00431340481	8.2646875e-05	0.008449824053
9.2828736e-05	0.000691136115	0.0	1.0297599e-05	0.0	4.1205783e-05	0.0	0.003518665151	0.0	0.018701919336	0.0	0.002951673754	0.0	0.039108703956	0.001299624768	0.0041366685	0.000381631536	0.012424216703	0.0	0.007646142684	1.031472e-05	0.007986937851	0.000866409648	0.006727423821	0.0008560968	0.002763748878	6.1883952e-05	0.003034887307	8.2646875e-05	0.007849987771
0.0	0.0	0.0	0.0	0.0	0.0	0.0	0.002404661247	0.0	0.000144217278	0.0	0.002962824701	0.0	0.006116639589	0.001237730832	0.004136373354	0.000391941888	0.012440554864	0.0	0.007658728836	6.1890192e-05	0.007809710801	0.000794232192	0.006634619111	0.00084578832	0.00273276132	5.1572352e-05	0.00303401185	8.2646375e-05	0.007903315352
0.0	0.0	0.0	0.0	0.0	0.0	0.0	0.002383979897	0.0	0.000133906747	0.0	0.003003954354	0.0	0.006106081499	0.001248058656	0.004024442568	0.00039194688	0.01246850321	0.0	0.007687759769	2.0628816e-05	0.008088642481	0.000794215344	0.006676427391	0.000835469232	0.002775436145	6.1884888e-05	0.00304521017	9.2977875e-05	0.00791545839
0.0	0.0	0.0	0.0	0.0	0.0	0.0	0.002383567439	0.0	0.000123655754	0.0	0.002941936794	0.0	0.006116736972	0.00127899252	0.004590844712	0.000350683008	0.012387298823	0.0	0.009909543619	6.1887072e-05	0.007861890859	0.000804541296	0.009400947674	0.000804542544	0.002805183372	8.2517448e-05	0.003012518243	7.2316e-05	0.007882918532
0.0	0.0	0.0	0.0	0.0	0.0	0.0	0.002373431831	0.0	0.000113404092	0.0	0.002952987299	0.0	0.00610642421	0.001248051168	0.004024722947	0.000391947504	0.01243794119	0.0	0.007646124364	4.1260752e-05	0.007912194486	0.000794225952	0.006716530298	0.000814844784	0.002794577051	6.1888008e-05	0.003023210963	8.2646875e-05	0.00784183267
8.2514016e-05	0.000681085563	0.0	0.0	0.0	5.1451004e-05	0.0	0.003550301082	0.0	0.01873312003	0.0	0.002962434601	0.0	0.039096613027	0.001309931064	0.004177683594	0.000381627792	0.012356596047	0.0	0.007586545198	1.0314096e-05	0.007963326832	0.000845795808	0.006633573955	0.000825153888	0.002765055402	8.2516824e-05	0.002969837276	7.2318875e-05	0.007883220905
0.000990181296	0.00199168499	0.00015471612	0.001412353692	0.0	5.1483457e-05	0.0	0.003539834739	0.0	0.018637452305	0.0	0.00295198779	1.031472e-05	0.039087991627	0.001330559568	0.005427868304	0.000371313696	0.012406349943	0.0	0.00753300327	8.2514016e-05	0.010782200167	0.000835455504	0.006696707138	0.000845777088	0.004766917578	7.220148e-05	0.00424095238	6.1984875e-05	0.008419305897
0.0	0.0	0.0	0.0	0.0	0.0	0.0	0.00240530565	0.0	0.000113348401	0.0	0.002941301489	1.0313784e-05	0.006075090049	0.001289318472	0.004094749841	0.00035069112	0.012394953547	0.0	0.007614270436	7.219992e-05	0.009667231204	0.000814823568	0.006633182857	0.000825159504	0.002774766348	7.2198672e-05	0.00296995317	7.2315375e-05	0.007892801183
8.2514016e-05	0.000660349321	0.0	0.0	0.0	6.1811688e-05	0.0	0.003498507931	0.0	0.01868240795	0.0	0.003003382348	0.0	0.039053334347	0.00126867312	0.004055236806	0.000361000848	0.012447678944	0.0	0.007645344237	2.0628816e-05	0.008006688363	0.000814861632	0.006737118074	0.000814841664	0.002785563179	6.1887696e-05	0.003046282651	8.2646125e-05	0.00788416007
0.0	0.0	0.0	0.0	0.0	0.0	0.0	0.002352794599	0.0	9.2775782e-05	0.0	0.003117865601	0.0	0.006033424808	0.001289308176	0.004095087687	0.000391941888	0.01241516764	0.0	0.007976738721	1.0314096e-05	0.007890929094	0.00084579456	0.008287147694	0.000845783952	0.002722352292	6.1887696e-05	0.003022876711	8.264725e-05	0.007861712901
8.251776e-05	0.004373464991	0.0	0.0	0.0	0.000536271605	0.0	0.0038286868	0.0	0.040849446305	0.0	0.006274661651	0.0	0.039150966253	0.001320240168	0.010089843641	0.00095923152	0.017626444019	0.000639478944	0.018671078585	0.00093860832	0.0100081185	0.000866420256	0.016366441945	0.000845773968	0.003062442465	0.000330065736	0.003435228728	8.2646875e-05	0.008780509531
0.0	0.0	0.0	0.0	0.0	0.0	0.0	0.002404079489	0.0	0.000133929524	0.0	0.002962604613	0.0	0.006054478891	0.0012893166	0.004106548438	0.000350691744	0.012375408161	0.0	0.007624267723	7.2201168e-05	0.007861190512	0.000835469232	0.006707454167	0.000835472352	0.002754021146	0.000103144392	0.002959728454	8.2646375e-05	0.007851732721
8.2514952e-05	0.000670541964	0.0	0.0	0.0	5.1470157e-05	0.0	0.0035194754	0.0	0.018578793232	0.0	0.002983149473	0.0	0.039124760057	0.00128930724	0.004106732649	0.000381629664	0.012344300479	0.0	0.007594132891	2.062944e-05	0.010658123822	0.000825141408	0.006818909669	0.00083547048	0.003311343812	9.282936e-05	0.003869818211	7.2316375e-05	0.008140553272
0.0	0.0	0.0	0.0	0.0	0.0	0.0	0.002414809045	0.0	0.000144249593	0.0	0.002951824732	0.0	0.006085502747	0.001258370568	0.004105310314	0.000391945632	0.012449976326	0.0	0.00763784845	5.1572352e-05	0.007891391047	0.000835471728	0.006718154096	0.000845785824	0.002764259617	9.2825928e-05	0.003034317579	6.19855e-05	0.007924070527
0.0	0.0	0.0	0.0	0.0	0.0	0.0	0.002353092004	0.0	7.2129839e-05	0.0	0.003116826319	0.0	0.006043700814	0.001289310984	0.004117958479	0.000391946256	0.012398355883	0.0	0.007688871695	5.1572352e-05	0.007860752559	0.000814839792	0.006695471371	0.00082515576	0.002754394677	8.2513704e-05	0.003054520884	7.2316125e-05	0.007818871635
7.2202104e-05	0.00069119569	0.0	0.0	0.0	6.1750763e-05	0.0	0.003549870431	0.0	0.018649271234	0.0	0.002921542377	1.031472e-05	0.039127028124	0.001330560504	0.004128395985	0.000371313696	0.012386734854	0.0	0.007585689022	7.2201792e-05	0.007818698862	0.000835483584	0.007408956851	0.000814840416	0.00276505261	8.25162e-05	0.003023382946	6.198775e-05	0.007861856774
0.0	0.0	0.0	0.0	0.0	0.0	0.0	0.002394151492	0.0	0.00011339864	0.0	0.00297302869	0.0	0.006086714545	0.001258364952	0.004024127491	0.00038162592	0.012448310224	0.0	0.007646607502	4.1257632e-05	0.007851527044	0.000794228448	0.006747419348	0.000845785824	0.002733044677	7.2202416e-05	0.003043633951	8.265075e-05	0.007851968709
0.0	0.0	0.0	0.0	0.0	0.0	0.0	0.002383442011	0.0	9.2827465e-05	0.0	0.002931535094	1.0313784e-05	0.006014192421	0.001330563312	0.004086057453	0.000371313072	0.012406891838	0.0	0.007543463257	8.2515888e-05	0.007881925471	0.00083548608	0.006697444698	0.000825156384	0.002754670932	7.2202416e-05	0.002981871794	6.1988e-05	0.00788334976
0.0	0.0	0.0	0.0	0.0	0.0	0.0	0.002384554997	0.0	0.000113368	0.0	0.002951500454	1.0313784e-05	0.006024244336	0.001299624768	0.004086129945	0.000340375152	0.012375853032	0.0	0.007624598184	9.2828736e-05	0.007871127277	0.000835467984	0.006697113881	0.000814841664	0.00276396332	7.219992e-05	0.002991259768	6.19855e-05	0.007902503084
0.00104175396	0.000278432906	7.2201168e-05	0.001504541859	0.0	5.1469517e-05	0.0	0.003374268755	0.0	0.000639627231	0.0	0.004707024574	0.0	0.026748319941	0.001248052104	0.005457105444	0.000371316816	0.012321763516	0.0	0.007636626255	2.0628816e-05	0.010915801796	0.000825140784	0.006747667198	0.000825153888	0.00481700085	6.1887072e-05	0.004209968341	9.2977875e-05	0.008416878916
0.0	0.0	0.0	0.0	0.0	0.0	0.0	0.002714494573	0.0	0.008410481411	0.0	0.006315858599	0.0	0.006127091581	0.001237730832	0.010019426557	0.000990167568	0.017637673218	0.000660105888	0.018688268519	0.000917980752	0.009977890023	0.000804534432	0.016477761351	0.000845775216	0.003074697381	0.000361008336	0.003445123328	8.2646875e-05	0.008741467586
0.0	0.0	0.0	0.0	0.0	7.2133629e-05	0.0	0.003261750299	0.0	0.00054679026	0.0	0.00295149131	1.0313784e-05	0.016061199937	0.001258364952	0.004177127603	0.000381631536	0.012479792606	0.0	0.007618075461	5.1571728e-05	0.010836202004	0.000856085568	0.006705319969	0.000825155136	0.003364318925	8.2515264e-05	0.003931113288	7.231625e-05	0.008109443713
8.2514016e-05	0.000670595268	0.0	0.0	0.0	6.1761728e-05	0.0	0.003529271617	0.0	0.018679678972	0.0	0.002982936376	0.0	0.039110538582	0.001320252336	0.004127910497	0.000381631536	0.012388347419	0.0	0.007646879624	6.1886448e-05	0.00787114638	0.000835483584	0.006675979541	0.00083547048	0.002754055111	8.251464e-05	0.003054770325	7.2316875e-05	0.007850825405
0.0	0.0	0.0	0.0	0.0	0.0	0.0	0.002404327968	0.0	0.000144190852	0.0	0.003159077381	0.0	0.006106948429	0.001248046488	0.00407704638	0.00039194064	0.012469487946	0.0	0.007604951981	2.0628816e-05	0.008026406866	0.000825171984	0.007397782588	0.000845783328	0.002826080636	8.2516824e-05	0.003044740274	8.2650875e-05	0.007871696231
0.0	0.0	0.0	0.0	0.0	0.0	0.0	0.002683627965	0.0	0.000268661442	0.0	0.004293522885	1.031472e-05	0.006034362773	0.00129962196	0.008893517957	0.000928286112	0.012592169833	0.000299120016	0.015201012459	9.2830608e-05	0.007901818239	0.000835488576	0.015012998934	0.000814839168	0.002949975643	9.2831232e-05	0.003301527407	7.2316e-05	0.008120662719
0.0	0.0	0.0	0.0	0.0	4.1210771e-05	0.0	0.003281292661	0.0	0.000536659286	0.0	0.004592659958	0.0	0.015903745152	0.001278985032	0.004094194565	0.00038162904	0.012466835393	0.0	0.007594769018	1.031472e-05	0.010918243025	0.000845772096	0.006696348563	0.000825155136	0.00326837831	6.1887072e-05	0.003984317085	8.264725e-05	0.008108983569
0.0	0.0	0.0	0.0	0.0	0.0	0.0	0.002394336122	0.0	0.000103051391	0.0	0.002972694101	1.031472e-05	0.006012888419	0.001268678736	0.004136189569	0.000391942512	0.012438312947	0.0	0.00796722003	6.1886448e-05	0.007779714952	0.000845805792	0.008328016837	0.000825157632	0.002776052337	7.2202104e-05	0.003002997063	8.264725e-05	0.007862373087
