0.0	0.0	0.0	0.0	0.0	0.0	0.0	0.0	0.0	0.0	0.0	0.000118553342	0.0	0.003723373873	0.0	0.019468384969	0.0	0.019330302236	0.000308245392	0.008005313502	0.000248967888	0.001685631629	0.0	0.003387966278	0.0	0.003177021287	0.0	0.003972065677	0.0	0.004519996091
0.0	0.0	0.0	0.0	0.0	0.0	0.0	0.0	0.0	0.0	0.0	0.000130388621	0.0	0.003806379754	0.0	0.020667924933	0.0	0.019145419345	0.000296388768	0.008981145268	0.000260823888	0.001650206611	0.0	0.003520769583	0.0	0.00308282406	0.0	0.004031461108	0.0	0.004482610797
0.0	0.0	0.0	0.0	0.0	0.0	0.0	0.0	0.0	0.000130537784	0.0	0.000996520264	0.0	0.006010103097	0.0	0.020622669525	0.0	0.019087327692	0.000308244768	0.014760635865	0.000260823888	0.001708127542	0.0	0.007575851507	0.0	0.003188987623	0.0	0.004008550097	0.0	0.004435713871
0.0	0.0	0.0	0.0	0.0	0.0	0.0	0.0	0.0	0.0	0.0	8.2962627e-05	0.0	0.003759331203	0.0	0.019433178688	1.1856e-05	0.019167417259	0.000343813392	0.00785316057	0.00024896976	0.001684348239	0.0	0.003363949472	0.0	0.003154608309	0.0	0.004031900941	0.0	0.004495212987
0.0	0.0	0.0	0.0	0.0	0.0	0.0	0.0	0.0	0.000474651918	0.0	0.019421865762	0.0	0.027886838296	0.0	0.023622068271	1.1855376e-05	0.019396960908	0.00037938264	0.007877131493	0.000248973504	0.007094828375	0.0	0.003436258806	0.0	0.003722703701	0.0	0.005371845877	0.0	0.004767982544
0.0	0.0	0.0	0.0	0.0	0.0	0.0	0.0	0.0	0.0	0.0	0.006104772623	0.0	0.003735988469	0.0	0.020582780569	0.0	0.019422388527	0.000367535376	0.007957913562	0.000237118752	0.002181164751	0.0	0.003400952866	0.0	0.003190334527	0.0	0.003983716585	0.0	0.004601334019
0.0	0.0	0.0	0.0	0.0	0.0	0.0	0.0	0.0	0.0	0.0	0.006047019664	0.0	0.003770796079	0.0	0.020526442554	0.0	0.019327724994	0.000296388768	0.007945678982	0.00026082264	0.001638906344	0.0	0.003498077229	0.0	0.00317720706	0.0	0.003983921393	0.0	0.004566244646
0.0	0.000592719955	0.0	0.005050606933	0.0	0.0	0.0	0.004222685376	0.0	0.001042724179	0.0	0.008549573192	0.0	0.029926316576	0.0	0.027009511163	0.0	0.0193091267	0.000296394384	0.01138404731	0.000260828256	0.00753300655	0.0	0.006057432403	0.0	0.00679560577	0.0	0.007756452023	0.0	0.005183000737
0.0	0.0	0.0	0.0	0.0	0.0	0.0	0.0	0.0	0.0	0.0	0.000118599109	0.0	0.00379434652	0.0	0.019411077068	1.1855376e-05	0.019252855671	0.000379377024	0.007796430887	0.000260824512	0.001683942329	0.0	0.003353363121	0.0	0.003071460262	0.0	0.004018644066	0.0	0.004543537931
0.0	0.0	0.0	0.0	0.0	0.0	0.0	0.0	0.0	0.0	0.0	0.000106756774	0.0	0.003783483677	0.0	0.019434314339	1.1856e-05	0.019203641895	0.00034381152	0.007830492567	0.000248967888	0.001707669392	0.0	0.00340114961	0.0	0.003166232254	0.0	0.004018506461	0.0	0.004553742668
0.0	0.0	0.0	0.0	0.0	0.0	0.0	0.0	0.0	0.0	0.0	0.006068224441	0.0	0.003830596095	0.0	0.02065496006	0.0	0.019123627128	0.000296389392	0.00788687508	0.000272677392	0.001685471345	0.0	0.003472710874	0.0	0.003226284643	0.0	0.004030541218	0.0	0.004470310053
0.0	0.0	0.0	0.0	0.0	0.0	0.0	0.0	0.0	0.0	0.0	0.000106800792	0.0	0.003759618311	0.0	0.019445433016	0.0	0.019239068968	0.000331970496	0.007887696605	0.000260833872	0.002087838107	0.0	0.003450282973	0.0	0.003154849315	0.0	0.003995437919	0.0	0.004590918523
0.0	0.0	0.0	0.0	0.0	0.0	0.0	0.0	0.0	0.0	0.0	0.000130454293	0.0	0.003794989202	0.0	0.019444668408	0.0	0.019240294871	0.000343819632	0.00781876598	0.000272680512	0.001697526354	0.0	0.003448838116	0.0	0.003155115785	0.0	0.003959931922	0.0	0.004613972209
0.0	0.000640171909	0.0	0.005062637956	0.0	0.0	0.0	0.004281817345	0.0	0.010874394689	0.0	0.008728571792	0.0	0.030281881012	0.0	0.027092309767	0.0	0.019410350079	0.00032010576	0.011395504986	0.00021340488	0.007459778904	0.0	0.005972478882	0.0	0.006820324124	0.0	0.007756148517	0.0	0.005147670236
0.0	0.0	0.0	0.0	0.0	0.0	0.0	0.0	0.0	0.0	0.0	9.4824454e-05	0.0	0.003806913104	0.0	0.019456985693	0.0	0.019170830249	0.000296390016	0.007888523863	0.000248969136	0.001698479981	0.0	0.003460330732	0.0	0.003083414317	0.0	0.004008571018	0.0	0.004493306932
0.0	0.0	0.0	0.0	0.0	0.0	0.0	0.0	0.0	0.011053151531	0.0	0.000118649855	0.0	0.030417229736	0.0	0.019447938758	0.0	0.019179490028	0.000355666896	0.007804933393	0.000248969136	0.00166220848	0.0	0.003496549227	0.0	0.003189850115	0.0	0.004020106149	0.0	0.004492633599
0.0	0.0	0.0	0.0	0.0	0.0	0.0	0.0	0.0	0.000130612168	0.0	0.000972419643	0.0	0.00592785336	0.0	0.020571574772	0.0	0.019354274026	0.000296389392	0.014748577743	0.000260823888	0.00167342995	0.0	0.007624218043	0.0	0.003165393628	0.0	0.003972525883	0.0	0.00456652622
0.0	0.0	0.0	0.0	0.0	0.0	0.0	0.0	0.0	0.000272815587	0.0	0.000853898113	0.0	0.023228648818	0.0	0.019480935992	1.1855376e-05	0.019386704803	0.000355673136	0.007911993197	0.000213406128	0.00654878727	0.0	0.003412988135	0.0	0.003391711903	0.0	0.00417430912	0.0	0.00453979266
0.0	0.0	0.0	0.0	0.0	0.0	0.0	0.0	0.0	0.014077372167	0.0	0.000118692542	0.0	0.030306931232	0.0	0.020621241985	0.0	0.01908676327	0.000284533392	0.011048178882	0.00021340176	0.001743707795	0.0	0.006295672927	0.0	0.003224613798	0.0	0.003996368691	0.0	0.004566036721
0.0	0.0	0.0	0.0	0.0	0.0	0.0	0.0	0.0	0.010921586058	0.0	0.001600804793	0.0	0.03040601898	0.0	0.022553133923	0.0	0.019406365322	0.000379382016	0.007900931648	0.000237118128	0.007117927119	1.1855376e-05	0.003388842863	0.0	0.003676692621	0.0	0.005384248417	0.0	0.004695565883
0.0	0.0	0.0	0.0	0.0	0.0	0.0	0.0	0.0	0.010885337411	0.0	0.000818496748	0.0	0.030373147833	0.0	0.019480205954	0.0	0.019231372828	0.000308251008	0.00796796782	0.000248974752	0.006595190401	0.0	0.003448735661	0.0	0.00333157857	0.0	0.00412763136	0.0	0.004566337399
0.0	0.0	0.0	0.0	0.0	0.0	0.0	0.0	0.0	0.000118746658	0.0	0.006070507045	0.0	0.005986697478	0.0	0.0205148851	1.1855376e-05	0.019301265783	0.0004030884	0.014655552227	0.000248967888	0.00175770748	1.1855376e-05	0.007650495787	0.0	0.003130545336	0.0	0.00401857215	0.0	0.004483740771
0.0	0.0	0.0	0.0	0.0	0.0	0.0	0.0	0.0	0.0	0.0	0.006083731997	0.0	0.003736129254	0.0	0.020477962198	0.0	0.019327745249	0.000308246016	0.007993499324	0.000248967264	0.001675057751	0.0	0.003387779324	0.0	0.003177080779	0.0	0.003983930392	0.0	0.004507394862
0.0	0.0	0.0	0.0	0.0	0.0	0.0	0.0	0.0	0.0	0.0	0.006070752222	0.0	0.003687910909	0.0	0.020548461933	1.1855376e-05	0.019252954504	0.0003912324	0.007829976976	0.000248967888	0.00166287477	0.0	0.003473361373	0.0	0.003201086522	0.0	0.00401957707	0.0	0.004504963258
0.0	0.0	0.0	0.0	0.0	0.0	0.0	0.0	0.0	0.0	0.0	9.5020363e-05	0.0	0.003711399831	0.0	0.019469653399	0.0	0.019422334382	0.000343810896	0.008005874126	0.000237112512	0.00170946684	0.0	0.0034712472	0.0	0.003166741608	0.0	0.003983111639	0.0	0.004517469721
0.0	0.0	0.0	0.0	0.0	0.0	0.0	0.0	0.0	0.0	0.0	0.00605613886	0.0	0.003735704655	0.0	0.02046849402	0.0	0.019287952077	0.000391233648	0.007818656129	0.000237112512	0.001686462649	0.0	0.003413164313	0.0	0.003154866485	0.0	0.003935650436	0.0	0.004540667467
0.0	0.0	0.0	0.0	0.0	0.0	0.0	0.0	0.0	0.01096964529	0.0	9.4811836e-05	0.0	0.030403990441	0.0	0.019434374478	0.0	0.019181529116	0.000367521024	0.007770665202	0.000248968512	0.001721827957	0.0	0.003496554749	0.0	0.003225020913	0.0	0.004007153442	0.0	0.004482023968
0.0	0.0	0.0	0.0	0.0	0.0	0.0	0.0	0.0	0.010931030229	0.0	8.2990402e-05	0.0	0.030379355104	0.0	0.0205484172	1.1855376e-05	0.019239256367	0.000391231776	0.007820489331	0.000260823888	0.001744629046	0.0	0.003436821794	0.0	0.003176746237	0.0	0.003996232249	0.0	0.004531190308
0.0	0.0	0.0	0.0	0.0	0.0	0.0	0.0	0.0	0.0	0.0	0.006070268873	0.0	0.003747679692	0.0	0.020490026877	0.0	0.019288385835	0.000379377648	0.007878089533	0.000237111264	0.001639066816	1.1855376e-05	0.003473517369	0.0	0.003213879678	0.0	0.003996445055	0.0	0.00461287829
0.0	0.0	0.0	0.0	0.0	0.0	0.0	0.0	0.0	0.000439209594	0.0	0.001600716541	0.0	0.027852472415	0.0	0.022612391339	0.0	0.01918927949	0.000320103888	0.007877794909	0.000272688624	0.007012436055	0.0	0.003438430451	0.0	0.003616871104	0.0	0.005431616108	0.0	0.004553309116
0.0	0.000628393534	0.0	0.005073711319	0.0	0.0	0.0	0.004258385748	0.0	0.001114743005	0.0	0.035013841094	0.0	0.029904228639	0.0	0.028138522591	0.0	0.019329423756	0.000308251008	0.011384743948	0.000237116256	0.007474276213	0.0	0.006032688832	0.0	0.006748408278	0.0	0.007731787012	0.0	0.005098295833
0.0	0.002903110449	0.0	0.0	0.0	0.000841115396	0.0	0.0	0.0	0.000854018242	0.0	0.006093006899	0.0	0.011428869836	0.0	0.020645613399	0.0	0.021972048476	0.000296388144	0.015853540029	0.000248967888	0.004305806641	0.000201543264	0.008192778225	0.0	0.003190809767	0.0	0.003995773104	0.0	0.005122878265
0.0	0.0	0.0	0.0	0.0	0.0	0.0	0.0	0.0	0.010901293271	0.0	0.000106864998	0.0	0.030475535711	0.0	0.019458477551	1.1855376e-05	0.019374223431	0.000355666272	0.007970861074	0.000248967888	0.001721996694	0.0	0.003459725587	0.0	0.003224950925	0.0	0.003984420831	0.0	0.004590568422
0.0	0.0	0.0	0.0	0.0	0.0	0.0	0.0	0.0	0.0	0.0	0.000130454825	0.0	0.003771280843	0.0	0.019456107369	0.0	0.019120708047	0.000320103264	0.007803449208	0.00026082264	0.001779730045	0.0	0.003497401104	0.0	0.003249142878	0.0	0.003983672416	0.0	0.004529787241
0.0	0.0	0.0	0.0	0.0	0.0	0.0	0.0	0.0	0.0	0.0	0.00613147168	0.0	0.003711632422	0.0	0.020513653868	0.0	0.019254513496	0.000403089024	0.007758575303	0.000225256512	0.001685877914	0.0	0.003507013811	0.0	0.003202294651	0.0	0.003994789518	0.0	0.004540280027
0.0	0.0	0.0	0.0	0.0	0.0	0.0	0.0	0.0	0.010875965261	0.0	0.00010690612	0.0	0.03038194673	0.0	0.01946948779	1.1855376e-05	0.019385305357	0.000355666272	0.007972460228	0.000237112512	0.001697113148	0.0	0.003496129436	0.0	0.003213644965	0.0	0.003972344418	0.0	0.004578319707
0.0	0.002939608999	0.0	0.0	0.0	0.000817581516	0.0	0.0	0.0	0.000829480318	0.0	0.004671838835	0.0	0.011512871079	0.0	0.02044407213	0.0	0.02194386778	0.0003793764	0.015841969594	0.000248968512	0.004363176466	0.000177832512	0.008063852157	0.0	0.003226362288	0.0	0.003935548722	0.0	0.005289697028
0.0	0.0	0.0	0.0	0.0	0.0	0.0	0.0	0.0	0.01100430493	0.0	0.000106715903	0.0	0.030321443497	0.0	0.019443647762	1.1855376e-05	0.019384717526	0.00035567376	0.007913390702	0.000213400512	0.001674872022	0.0	0.003400465754	0.0	0.003237745191	0.0	0.003983484941	0.0	0.004516247547
0.0	0.0	0.0	0.0	0.0	0.0	0.0	0.0	0.0	0.0	0.0	0.000106863913	0.0	0.003783210369	0.0	0.019467875479	1.1856e-05	0.019373880399	0.000331956144	0.007972152064	0.000237112512	0.001733359061	0.0	0.003473075194	0.0	0.003248593572	0.0	0.00397214708	0.0	0.004589769191
0.0	0.0	0.0	0.0	0.0	0.0	0.0	0.0	0.0	0.0	0.0	0.000106732595	0.0	0.003818948536	0.0	0.01943590331	1.1855376e-05	0.019228560519	0.000391233024	0.007795217181	0.000260824512	0.001744260111	0.0	0.00342549886	0.0	0.003153098377	0.0	0.004008508289	0.0	0.004519393115
0.0	0.0	0.0	0.0	0.0	0.0	0.0	0.0	0.0	0.0	0.0	0.000106904544	0.0	0.003747954541	0.0	0.019445685541	1.1855376e-05	0.019375421727	0.000355668144	0.007984009601	0.000237112512	0.001709002147	0.0	0.003496624387	0.0	0.00320147366	0.0	0.003984550912	0.0	0.004578248448
0.0	0.0	0.0	0.0	0.0	0.0	0.0	0.0	0.0	0.0	0.0	0.00011876194	0.0	0.003759686216	0.0	0.019444919602	0.0	0.019434879278	0.00036752352	0.0079361632	0.000237111888	0.001708107193	0.0	0.003389280646	0.0	0.003213834261	0.0	0.003983810738	0.0	0.004613446404
0.0	0.0	0.0	0.0	0.0	0.0	0.0	0.0	0.0	0.0	0.0	0.006155645336	0.0	0.003782507147	0.0	0.020633024101	0.0	0.019156140388	0.000296389392	0.007875925625	0.000260823264	0.001638133349	0.0	0.003449670332	0.0	0.003082943865	0.0	0.004031077892	0.0	0.004470521337
0.0	0.0	0.0	0.0	0.0	0.0	0.0	0.0	0.0	0.0	0.0	0.000106815197	0.0	0.003759355345	0.0	0.019468903867	1.1855376e-05	0.019397324346	0.000367527888	0.007828680869	0.000260823264	0.001708802442	0.0	0.0034354544	0.0	0.00318945359	0.0	0.003936547423	0.0	0.004649119926
0.0	0.0	0.0	0.0	0.0	0.0	0.0	0.0	0.0	0.00045087013	0.0	0.001613077535	0.0	0.027777078112	0.0	0.022647489566	0.0	0.019245781908	0.000296393136	0.00796836963	0.000248976	0.007142821528	0.0	0.003495809588	0.0	0.003617029075	0.0	0.005360905473	0.0	0.004623337721
0.0	0.0	0.0	0.000983114088	0.0	0.0	0.0	9.490582e-05	0.0	0.000510322593	0.0	0.02815987486	0.0	0.02926428664	0.0	0.026877995441	0.0	0.019132314829	0.00034381776	0.007830170346	0.000248977248	0.007580124029	0.0	0.00350906983	0.0	0.003984381284	0.0	0.00627352228	0.0	0.004730887017
0.0	0.0	0.0	0.0	0.0	0.0	0.0	0.0	0.0	0.0	0.0	0.006021809254	0.0	0.003676259211	0.0	0.020549982525	0.0	0.019317210394	0.000320100768	0.00801934607	0.000225255264	0.001673298518	0.0	0.00341318772	0.0	0.003225231122	0.0	0.004008100482	0.0	0.004494363786
0.0	0.0	0.0	0.0	0.0	0.0	0.0	0.0	0.0	0.010992913519	0.0	0.000118602198	0.0	0.030280159591	0.0	0.019493123235	0.0	0.019250019791	0.000320100768	0.007831285658	0.000272680512	0.001697420965	0.0	0.003483862404	0.0	0.003131146483	0.0	0.004006985539	0.0	0.00461327915
0.0	0.0	0.0	0.0	0.0	0.0	0.0	0.0	0.0	0.0	0.0	0.00610535912	0.0	0.003712262468	0.0	0.020558045956	1.1855376e-05	0.019423056689	0.000343819008	0.007983224715	0.000237111264	0.001695573931	0.0	0.003437541932	0.0	0.003167635717	0.0	0.003996764887	0.0	0.004540370426
0.0	0.0	0.0	0.0	0.0	0.0	0.0	0.0	0.0	0.011076279538	0.0	0.000106697838	0.0	0.030259528497	0.0	0.019422235191	1.1855376e-05	0.019386307994	0.000343813392	0.007973468895	0.000237111888	0.001698091636	0.0	0.003459757341	0.0	0.003177972724	0.0	0.004019750278	0.0	0.004508255325
0.0	0.0	0.0	0.0	0.0	0.0	0.0	0.0	0.0	0.0	0.0	0.006035560331	0.0	0.003759713662	0.0	0.020549168013	0.0	0.019327300561	0.000308245392	0.007982430895	0.00024896664	0.001638982358	0.0	0.003509028024	0.0	0.003201833011	0.0	0.003997003916	0.0	0.004555179472
0.0	0.0	0.0	0.0	0.0	0.0	0.0	0.0	0.0	0.0	0.0	8.2984423e-05	0.0	0.00372426181	0.0	0.019422730728	0.0	0.019205015266	0.000391233648	0.007782809583	0.000248969136	0.001686043715	0.0	0.003473997372	0.0	0.003212814574	0.0	0.003984090863	0.0	0.004493545777
0.0	0.0	0.0	0.0	0.0	0.0	0.0	0.0	0.0	0.0	0.0	0.006061438746	0.0	0.003700304559	0.0	0.020651863444	0.0	0.019110485545	0.000308252256	0.00785259441	0.000201543264	0.001754142749	0.0	0.003449669763	0.0	0.003201977751	0.0	0.00398497389	0.0	0.004520035093
0.0	0.0	0.0	0.000888697879	0.0	0.0	0.0	0.000107062421	0.0	0.010956593843	0.0	0.004943912836	0.0	0.030442186497	0.0	0.025775841023	0.0	0.019107811649	0.00032010576	0.007898682295	0.000248977248	0.007448758093	0.0	0.003482925989	0.0	0.00394878373	0.0	0.00629769129	0.0	0.004720410059
0.0	0.0	0.0	0.0	0.0	0.0	0.0	0.0	0.0	0.0	0.0	0.000106763422	0.0	0.003688314526	0.0	0.019434036085	1.1856e-05	0.019434745023	0.000320101392	0.007971516551	0.000225255888	0.001696821764	1.1855376e-05	0.00341286908	0.0	0.003178585784	0.0	0.004020473216	0.0	0.004480708686
0.0	0.0	0.0	0.0	0.0	0.0	0.0	0.0	0.0	0.0	0.0	0.000118675444	0.0	0.003770912537	0.0	0.019434444895	0.0	0.019193476417	0.000343812768	0.00775965399	0.000260825136	0.001686213373	0.0	0.003424524166	0.0	0.003154740186	0.0	0.004008250809	0.0	0.004553114688
0.0	0.0	0.0	0.0	0.0	0.000343808463	0.0	0.0	0.0	0.024686755447	0.0	0.000984509716	0.0	0.032535299923	0.0	0.02052782379	1.1855376e-05	0.019228421888	0.0003793764	0.014715449216	0.000260823264	0.001778742042	1.1855376e-05	0.007455722801	0.0	0.003071486387	0.0	0.003983529713	0.0	0.004543382433
0.0	0.0	0.0	0.0	0.0	0.0	0.0	0.0	0.0	0.010900741763	0.0	9.5049578e-05	0.0	0.030394257266	0.0	0.019490050537	0.0	0.019207574581	0.000308251008	0.007907884982	0.000248967888	0.00167501196	0.0	0.003400422983	0.0	0.003296200742	0.0	0.003984609486	0.0	0.004566479876
0.0	0.0	0.0	0.000923835405	0.0	0.0	0.0	5.9101553e-05	0.0	0.000415510164	0.0	0.004789065516	0.0	0.029276110328	0.0	0.025858276715	0.0	0.019183527243	0.000308250384	0.007909148118	0.000248976	0.007509573213	0.0	0.003436130458	0.0	0.004031666417	0.0	0.006274332675	0.0	0.00477996413
0.0	0.0	0.0	0.0	0.0	0.0	0.0	0.0	0.0	0.010890505314	0.0	0.000106738356	0.0	0.030365146102	0.0	0.019483061575	1.1855376e-05	0.01939778665	0.000331956144	0.007925531965	0.000248968512	0.001662403399	0.0	0.003485698371	0.0	0.00315364487	0.0	0.0039612426	0.0	0.004578620806
0.0	0.0	0.0	0.0	0.0	0.0	0.0	0.0	0.0	0.0	0.0	0.000118524804	0.0	0.003795332885	0.0	0.019420771008	0.0	0.019132834605	0.000367524768	0.007889088697	0.000248970384	0.001671820544	0.0	0.003400203185	0.0	0.003188814421	0.0	0.003984796495	0.0	0.004493724229
0.0	0.0	0.0	0.0	0.0	0.0	0.0	0.0	0.0	0.010945023547	0.0	0.000130404389	0.0	0.03040543361	0.0	0.019491359995	0.0	0.01914339794	0.00033195864	0.007864118758	0.000260826384	0.004231980969	0.0	0.003413178832	0.0	0.003142488548	0.0	0.004032549493	0.0	0.004494417187
0.0	0.0	0.0	0.000995402359	0.0	0.0	0.0	9.4716184e-05	0.0	0.000415178346	0.0	0.00489645956	0.0	0.029346839308	0.0	0.025812797399	1.1855376e-05	0.019361181583	0.000391239888	0.007828870299	0.000260830752	0.007450909359	0.0	0.003425698354	0.0	0.003878266327	0.0	0.006237558933	0.0	0.004780524487
0.0	0.0	0.0	0.0	0.0	0.0	0.0	0.0	0.0	0.010932772475	0.0	0.000130511732	0.0	0.030344104564	0.0	0.020643221938	0.0	0.01913504532	0.000272677392	0.007829022859	0.000237113136	0.001709457056	0.0	0.003436994145	0.0	0.003166247571	0.0	0.003996367044	0.0	0.004519490756
0.0	0.0	0.0	0.0	0.0	0.0	0.0	0.0	0.0	0.0	0.0	0.000118663209	0.0	0.003795426119	0.0	0.019410573192	0.0	0.019277171425	0.000355666896	0.007890877425	0.000260825136	0.001720805102	1.1855376e-05	0.003436950089	0.0	0.003202395372	0.0	0.003996606497	0.0	0.004578651662
0.0	0.0	0.0	0.0	0.0	0.0	0.0	0.0	0.0	0.01094665169	0.0	0.000106915931	0.0	0.030353895194	0.0	0.019538278453	0.0	0.019172961892	0.00029639064	0.007909453403	0.000260825136	0.001627149171	0.0	0.003545526842	0.0	0.0032372764	0.0	0.004031976663	0.0	0.004542337187
0.0	0.0	0.0	0.0	0.0	0.0	0.0	0.0	0.0	0.0	0.0	0.00010669899	0.0	0.003723203187	0.0	0.020536808298	0.0	0.019350016072	0.000343810272	0.008015687827	0.000237112512	0.001707749257	0.0	0.003497315602	0.0	0.003155923763	0.0	0.003971120658	0.0	0.004539914121
0.0	0.0	0.0	0.0	0.0	0.0	0.0	0.0	0.0	0.011063464369	0.0	0.00010673293	0.0	0.030318256801	0.0	0.019447337467	1.1856e-05	0.019384544817	0.000343812144	0.00794913605	0.000237111888	0.001674764022	0.0	0.003461264145	0.0	0.003094095409	0.0	0.0040440529	0.0	0.004518367747
0.0	0.0	0.0	0.0	0.0	0.0	0.0	0.0	0.0	0.0	0.0	0.000106732211	0.0	0.003782748151	0.0	0.020511007062	0.0	0.019316723466	0.000308245392	0.008005689723	0.000248967888	0.001662460087	0.0	0.003544315776	0.0	0.003189822674	0.0	0.004007604038	0.0	0.004543589162
0.0	0.0	0.0	0.0	0.0	0.0	0.0	0.0	0.0	0.0	0.0	0.006131660534	0.0	0.003699389541	0.0	0.020585366817	0.0	0.019163928254	0.000260823264	0.011022176922	0.000272679264	0.001709237446	0.0	0.006270476417	0.0	0.003131200964	0.0	0.003983004416	0.0	0.004532998174
0.0	0.0	0.0	0.0	0.0	0.0	0.0	0.0	0.0	0.0	0.0	9.4800223e-05	0.0	0.00370027862	0.0	0.019482194995	1.1855376e-05	0.019303196076	0.000320101392	0.007995122566	0.00022525776	0.001661842011	0.0	0.003448835221	0.0	0.003213542919	0.0	0.003996424923	0.0	0.004506497267
0.0	0.0	0.0	0.0	0.0	0.0	0.0	0.0	0.0	0.010992569751	0.0	0.000106841316	0.0	0.03034632011	0.0	0.019456404615	0.0	0.019383018496	0.000379392624	0.007912447866	0.000225263376	0.002099827273	0.0	0.003473653088	0.0	0.003202019532	0.0	0.003972982469	0.0	0.004528004896
0.0	0.0	0.0	0.0	0.0	0.0	0.0	0.0	0.0	0.0	0.0	0.000118740568	0.0	0.005882584038	0.0	0.019538139432	0.0	0.019160477976	0.000296393136	0.00790864595	0.000260827632	0.004256978691	0.0	0.003533925284	0.0	0.003213672822	0.0	0.00400910114	0.0	0.004530969705
0.0	0.000652053664	0.0	0.005062345569	0.0	0.0	0.0	0.004305304298	0.0	0.001102753986	0.0	0.008762099492	0.0	0.029991440972	0.0	0.027034720139	0.0	0.01953851558	0.000367528512	0.011409869633	0.00023711688	0.007497085415	0.0	0.006046237618	0.0	0.006773601048	0.0	0.007756011176	0.0	0.005108828512
0.0	0.0	0.0	0.0	0.0	0.0	0.0	0.0	0.0	0.0	0.0	0.006058238743	0.0	0.00375928273	0.0	0.020572805024	0.0	0.019315267213	0.000284533392	0.009123641994	0.000260823264	0.001674099944	0.0	0.003544470449	0.0	0.00318950436	0.0	0.003972127388	0.0	0.004579585802
0.0	0.0	0.0	0.0	0.0	0.0	0.0	0.0	0.0	0.0	0.0	0.006107340479	0.0	0.003759574844	0.0	0.020536496904	1.1855376e-05	0.019179036728	0.000343817136	0.007855444547	0.00024896976	0.001708044981	0.0	0.003353101448	0.0	0.003154594792	0.0	0.004019909774	0.0	0.004483686882
0.0	0.0	0.0	0.0	0.0	0.0	0.0	0.0	0.0	0.0	0.0	0.000106801697	0.0	0.00377075174	0.0	0.020514990002	1.1855376e-05	0.01927547172	0.000403087776	0.008947492811	0.000260823888	0.001648411652	0.0	0.003461209548	0.0	0.00321344286	0.0	0.004006949715	0.0	0.004602752341
0.0	0.0	0.0	0.0	0.0	0.0	0.0	0.0	0.0	0.0	0.0	0.000106839781	0.0	0.003724234159	0.0	0.019408797367	1.1856e-05	0.019434859045	0.000355669392	0.007947670233	0.000237113136	0.001707516274	0.0	0.003437362635	0.0	0.003166750137	0.0	0.003984600222	0.0	0.004564346861
0.0	0.0	0.0	0.0	0.0	0.0	0.0	0.0	0.0	0.0	0.0	0.006023729583	0.0	0.003676460864	0.0	0.02054877035	1.1855376e-05	0.019457889268	0.00032010264	0.008006749751	0.000213401136	0.001732456051	0.0	0.003376949096	0.0	0.003190050027	0.0	0.00402061594	0.0	0.004493130195
0.0	0.0	0.0	0.0	0.0	0.0	0.0	0.0	0.0	0.010983942784	0.0	0.000118578613	0.0	0.030369686177	0.0	0.019516851013	0.0	0.019188957086	0.00032010576	0.007903761863	0.000284537136	0.001651189513	0.0	0.003402436084	0.0	0.003118725841	0.0	0.004043884739	0.0	0.004470485963
0.0	0.0	0.0	0.0	0.0	0.0	0.0	0.0	0.0	0.011006701071	0.0	9.4941065e-05	0.0	0.030329964059	0.0	0.019433303979	0.0	0.019214177995	0.00033195552	0.007901536699	0.00026082264	0.001650850018	0.0	0.003390070225	0.0	0.003131374511	0.0	0.004018866781	0.0	0.004590437507
0.0	0.0	0.0	0.0	0.0	0.0	0.0	1.1886944e-05	0.0	0.0	0.0	0.000118725507	0.0	0.003700483165	0.0	0.019575494189	0.0	0.019123669906	0.000320100768	0.007899667351	0.000225257136	0.001695925656	0.0	0.003423812916	0.0	0.003224643083	0.0	0.003949921758	0.0	0.004529581556
0.0	0.0	0.0	0.0	0.0	0.0	0.0	0.0	0.0	0.0	0.0	0.000118601401	0.0	0.003758805631	0.0	0.019375642025	0.0	0.019288889537	0.000367521648	0.007864638647	0.000237113136	0.001639575529	1.1855376e-05	0.003473510505	0.0	0.003202131607	0.0	0.003971695905	0.0	0.004614862328
0.0	0.0	0.0	0.0	0.0	0.0	0.0	0.0	0.0	0.0	0.0	0.0060955429	0.0	0.003818601073	0.0	0.020598916159	0.0	0.019135289022	0.000308246016	0.007900038774	0.000248969136	0.001649030819	0.0	0.003471606061	0.0	0.003260443597	0.0	0.003985282282	0.0	0.004506560023
0.0	0.0	0.0	0.0	0.0	0.0	0.0	0.0	0.0	0.0	0.0	0.000106849567	0.0	0.003747559308	0.0	0.019515416258	0.0	0.019171862536	0.00028453776	0.007945560199	0.000248969136	0.001638965283	0.0	0.003497712486	0.0	0.00314350977	0.0	0.003985028586	0.0	0.004495714386
0.0	0.0	0.0	0.0	0.0	0.0	0.0	0.0	0.0	0.0	0.0	8.3029253e-05	0.0	0.003676076527	0.0	0.020524068317	0.0	0.019218573646	0.000403087776	0.010965034782	0.000237112512	0.001674467607	0.0	0.006397378703	0.0	0.00319011748	0.0	0.003982748604	0.0	0.004540273807
0.0	0.0	0.0	0.0	0.0	0.0	0.0	0.0	0.0	0.0	0.0	0.00013051558	0.0	0.003712189311	0.0	0.019563640105	0.0	0.019147090078	0.00027267864	0.007816475315	0.000237114384	0.001673797612	0.0	0.003436529268	0.0	0.003166560595	0.0	0.003984745526	0.0	0.004531429001
0.0	0.0	0.0	0.0	0.0	0.0	0.0	0.0	0.0	0.0	0.0	0.006083433957	0.0	0.003700502677	0.0	0.020618129775	0.0	0.0190997996	0.000320101392	0.00785322565	0.000213401136	0.001684810823	0.0	0.003376363295	0.0	0.003225175335	0.0	0.003973399012	0.0	0.004529874255
0.0	0.0	0.0	0.0	0.0	0.0	0.0	0.0	0.0	0.000272959245	0.0	0.000841912919	0.0	0.023179685487	0.0	0.019516600218	0.0	0.019130091119	0.000308250384	0.007766542088	0.000248972256	0.006656165722	0.0	0.003437499027	0.0	0.003296787707	0.0	0.004187240287	0.0	0.00458705132
0.0	0.0	0.0	0.0	0.0	0.0	0.0	0.0	0.0	0.0	0.0	9.4862909e-05	0.0	0.003771222205	0.0	0.019504177547	0.0	0.019146896429	0.000296388768	0.007852515601	0.000248968512	0.001638344421	0.0	0.003544348064	0.0	0.003094859459	0.0	0.004020614554	0.0	0.004517764985
0.0	0.0	0.0	0.0	0.0	0.0	0.0	0.0	0.0	0.0	0.0	9.4835196e-05	0.0	0.00374768225	0.0	0.019468815451	1.1855376e-05	0.019373459669	0.000331960512	0.007962320722	0.000237113136	0.001674252234	0.0	0.003450424838	0.0	0.003094202911	0.0	0.004020719269	0.0	0.00453035324
0.0	0.0	0.0	0.0	0.0	0.0	0.0	0.0	0.0	0.0	0.0	8.3054677e-05	0.0	0.003747727405	0.0	0.019491836774	0.0	0.019183953442	0.000308249136	0.007840183138	0.000225259008	0.001720180138	0.0	0.003437734989	0.0	0.003084552451	0.0	0.003961013141	0.0	0.00453050891
0.0	0.0	0.0	0.0	0.0	0.0	0.0	0.0	0.0	0.010968058302	0.0	0.000106711326	0.0	0.030343243626	0.0	0.019504805174	0.0	0.019169343475	0.000296388768	0.007862116615	0.000248967888	0.001662548077	0.0	0.003555472928	0.0	0.003094981738	0.0	0.003996732491	0.0	0.00451707879
0.0	0.0	0.0	0.0	0.0	0.0	0.0	0.0	0.0	0.0	0.0	0.000106877397	0.0	0.003723512437	0.0	0.019565293291	0.0	0.019076812303	0.000284534016	0.007805597133	0.00021340176	0.001743846591	0.0	0.003450857312	0.0	0.003225189161	0.0	0.003984720023	0.0	0.004577704464
0.0	0.0	0.0	0.0	0.0	0.0	0.0	0.0	0.0	0.0	0.0	0.006071436809	0.0	0.003771543014	0.0	0.020561133072	0.0	0.019242291812	0.000355668144	0.007914620733	0.000248968512	0.001696696784	1.1856624e-05	0.003400658226	0.0	0.003214177857	0.0	0.003985223444	0.0	0.004579970727
0.0	0.0	0.0	0.0	0.0	0.0	0.0	0.0	0.0	0.0	0.0	0.000106672413	0.0	0.003829948667	0.0	0.019504630328	0.0	0.019122829811	0.000284533392	0.00791166523	0.000260824512	0.00162825977	0.0	0.003533324708	0.0	0.003154669677	0.0	0.004032081234	0.0	0.004505715502
0.0	0.0	0.0	0.0	0.0	0.0	0.0	0.0	0.0	0.010911442406	0.0	0.000130592231	0.0	0.030319778732	0.0	0.019434032115	0.0	0.019190739154	0.000331954896	0.007782897415	0.00026082264	0.001673777856	0.0	0.003425103744	0.0	0.003154623269	0.0	0.003984620916	0.0	0.00456425729
0.0	0.0	0.0	0.0	0.0	0.0	0.0	0.0	0.0	0.0	0.0	0.006152986656	0.0	0.003854736828	0.0	0.020634173558	0.0	0.019147406047	0.000296390016	0.007925363431	0.000260824512	0.00162822299	0.0	0.003520502676	0.0	0.003155038369	0.0	0.004032681134	0.0	0.004493880729
0.0	0.0	0.0	0.0	0.0	0.0	0.0	0.0	0.0	0.0	0.0	0.000106805251	0.0	0.003735169758	0.0	0.020477612452	0.0	0.019299828046	0.0003912324	0.007853649814	0.000248968512	0.001673519169	0.0	0.003424455873	0.0	0.003143223506	0.0	0.003934875151	0.0	0.00454080759
0.0	0.0	0.0	0.0	0.0	0.0	0.0	0.0	0.0	0.00024910169	0.0	0.009557904702	0.0	0.023240588046	0.0	0.020607509208	0.0	0.019196291385	0.000308252256	0.007804010038	0.000225261504	0.006653577857	0.0	0.00343733116	0.0	0.003191023446	0.0	0.004115618405	0.0	0.004542182112
0.0	0.0	0.0	0.0	0.0	0.0	0.0	0.0	0.0	0.010875289524	0.0	0.000118514454	0.0	0.030390636135	0.0	0.019505531292	0.0	0.019169769922	0.000284532768	0.0078405403	0.000237113136	0.001638120501	0.0	0.003436408213	0.0	0.003095965806	0.0	0.003984775879	0.0	0.004459641307
0.0	0.0	0.0	0.0	0.0	0.0	0.0	0.0	0.0	0.0	0.0	8.3088396e-05	0.0	0.003700299048	0.0	0.01956338833	0.0	0.019100214793	0.000320101392	0.007874783671	0.00021340176	0.001718559576	0.0	0.003436737518	0.0	0.003201754859	0.0	0.004007467684	0.0	0.00451991188
0.0	0.0	0.0	0.0	0.0	0.0	0.0	0.0	0.0	0.0	0.0	0.000106694251	0.0	0.003699850318	0.0	0.019420655126	1.1855376e-05	0.019398655093	0.00033196176	0.007972489836	0.00023711376	0.001662182778	0.0	0.003424099988	0.0	0.003177849506	0.0	0.004008095841	0.0	0.0045201828
0.0	0.0	0.0	0.0	0.0	0.0	0.0	0.0	0.0	0.0	0.0	0.006107285104	0.0	0.003746933077	0.0	0.020643074505	0.0	0.019154555694	0.000284534016	0.007851961291	0.000272678016	0.00166258366	0.0	0.003472123876	0.0	0.003083573907	0.0	0.004006275496	0.0	0.004531726455
0.0	0.0	0.0	0.0	0.0	0.0	0.0	0.0	0.0	0.0	0.0	9.4817514e-05	0.0	0.003783313933	0.0	0.019491942756	0.0	0.019219249918	0.000320112624	0.007897618889	0.000225265248	0.002111080591	0.0	0.003471282258	0.0	0.003131496111	0.0	0.00402002799	0.0	0.004457831716
0.0	0.0	0.0	0.0	0.0	0.0	0.0	0.0	0.0	0.0	0.0	0.006106904909	0.0	0.005858686196	0.0	0.020510114978	0.0	0.019155449597	0.000367526016	0.00786526828	0.000248970384	0.004326397139	0.0	0.003401191909	0.0	0.00317701045	0.0	0.003996261823	0.0	0.004493785863
0.0	0.0	0.0	0.0	0.0	0.0	0.0	0.0	0.0	0.0	0.0	0.000106894382	0.0	0.003735347476	0.0	0.020595567902	0.0	0.019098178759	0.000284534016	0.007865118373	0.000248968512	0.001671444172	0.0	0.003412862585	0.0	0.003225299976	0.0	0.00399522891	0.0	0.004503649888
0.0	0.0	0.0	0.0	0.0	0.0	0.0	0.0	0.0	0.0	0.0	0.000106833545	0.0	0.005811067625	0.0	0.019420921475	1.1855376e-05	0.019386198181	0.000379382016	0.007818035641	0.000260827008	0.004302704033	0.0	0.003472501815	0.0	0.003153876487	0.0	0.003996916783	0.0	0.004543792228
0.0	0.0	0.0	0.0	0.0	0.0	0.0	0.0	0.0	0.0	0.0	0.000118525709	0.0	0.003735192124	0.0	0.020512896841	0.0	0.019373326602	0.000320100144	0.011127851769	0.000213401136	0.001683748905	0.0	0.0062821423	0.0	0.003095229649	0.0	0.003983621763	0.0	0.004541996349
0.0	0.0	0.0	0.0	0.0	0.0	0.0	0.0	0.0	0.0	0.0	0.000118573134	0.0	0.003795132132	0.0	0.019459970944	1.1856e-05	0.019363765071	0.000331957392	0.007949434337	0.000248967888	0.00166217266	0.0	0.00349855396	0.0	0.003189404149	0.0	0.003984323515	0.0	0.00457918287
0.0	0.0	0.0	0.0	0.0	0.0	0.0	0.0	0.0	0.0109798887	0.0	9.5017849e-05	0.0	0.030343293473	0.0	0.020560488149	0.0	0.019398842897	0.000343810896	0.009110637673	0.000237112512	0.001673187912	0.0	0.003459383929	0.0	0.00316644115	0.0	0.003983858187	0.0	0.004517992175
0.0	0.0	0.0	0.0	0.0	0.0	0.0	0.0	0.0	0.0	0.0	0.000106678286	0.0	0.003735930782	0.0	0.019434342816	0.0	0.019192396841	0.000355666896	0.007805912568	0.000248968512	0.001650456474	0.0	0.003521578916	0.0	0.003201832212	0.0	0.004019893428	0.0	0.004480599649
0.0	0.0	0.0	0.0	0.0	0.0	0.0	0.0	0.0	0.011085657929	0.0	0.000118668903	0.0	0.030349155642	0.0	0.019504847677	0.0	0.019159408608	0.000284532768	0.007897277721	0.000248969136	0.001626723786	0.0	0.003473149344	0.0	0.003155234581	0.0	0.003973497443	0.0	0.004495237662
0.0	0.0	0.0	0.0	0.0	0.0	0.0	0.0	0.0	0.0	0.0	0.006047787431	0.0	0.003794969471	0.0	0.020583805277	1.1855376e-05	0.019217231148	0.00036752352	0.007817879178	0.000248967264	0.00171890693	0.0	0.003413161669	0.0	0.003166211788	0.0	0.004006812938	0.0	0.004542590524
0.0	0.0	0.0	0.0	0.0	0.0	0.0	0.0	0.0	0.0	0.0	0.000118613445	0.0	0.003735918543	0.0	0.019517257728	0.0	0.019147191973	0.000284533392	0.007840379349	0.000237113136	0.001626469638	0.0	0.003461625902	0.0	0.003084321291	0.0	0.003985310653	0.0	0.004470457714
0.0	0.0	0.0	0.0	0.0	0.0	0.0	0.0	0.0	0.010946037315	0.0	9.4829776e-05	0.0	0.030367001982	0.0	0.019482554171	0.0	0.019192885977	0.000284533392	0.007900185104	0.000248969136	0.001697232299	0.0	0.003459573899	0.0	0.003083463726	0.0	0.00399705055	0.0	0.004504708285
0.0	0.0	0.0	0.0	0.0	0.0	0.0	0.0	0.0	0.0	0.0	0.000118745699	0.0	0.003771498409	0.0	0.019554219467	0.0	0.019136854764	0.000308245392	0.007911416891	0.00024896976	0.00164902969	0.0	0.003436074373	0.0	0.003260052471	0.0	0.003984951107	0.0	0.00450563075
0.0	0.003294516671	0.0	0.0	0.0	0.001505239057	0.0	0.0	0.0	0.03542719852	0.0	0.004685210188	0.0	0.038759265611	0.0	0.02058546406	0.0	0.022019691315	0.000343810896	0.015944615891	0.000237112512	0.004279589646	0.000213399264	0.008076547519	0.0	0.003156037662	0.0	0.003972855898	0.0	0.005144567927
0.0	0.002880246577	0.0	0.0	0.0	0.000817872152	0.0	0.0	0.0	0.000878045548	0.0	0.004720232099	0.0	0.011476078781	0.0	0.020632613308	0.0	0.0218015357	0.000284532768	0.015790538381	0.000248968512	0.004378078656	0.000189687888	0.008179880271	0.0	0.003071682176	0.0	0.00400676782	0.0	0.005171250245
0.0	0.0	0.0	0.0	0.0	0.0	0.0	0.0	0.0	0.0	0.0	0.000106836242	0.0	0.003806964729	0.0	0.019505896965	0.0	0.019135079629	0.000296389392	0.007911187705	0.000260824512	0.001661585622	0.0	0.003472929981	0.0	0.003225992812	0.0	0.003995686788	0.0	0.004494893829
