0.0	0.0	0.0	0.0	0.0	0.0	0.0	1.1950785e-05	0.0	0.0	0.0	0.014104693337	0.0	0.000474679007	0.0	0.034263985327	0.0	0.011287610067	0.0	0.01279762827	0.0	9.5034024e-05	0.0	0.007361519181	9.500088e-05	0.002767618349	0.0	0.006045354275	0.0	0.001508812445
0.0	0.0	0.0	0.0	0.0	0.0	0.0	0.0	0.0	0.0	0.0	5.9344731e-05	0.0	0.000486485291	0.0	0.025512194981	0.0	0.011325996996	0.0	0.01285765852	0.0	0.000106956144	0.0	0.007419989416	0.000106874352	0.002719899253	0.0	0.005998871094	0.0	0.001532348504
0.0	0.0	0.0	0.0	0.0	0.0	0.0	2.3810825e-05	0.0	0.0	0.0	0.013997646572	0.0	0.00048652215	0.0	0.034277049085	0.0	0.011309715552	0.0	0.012832965704	0.0	8.3137266e-05	0.0	0.007361559099	0.0001068756	0.002755632049	0.0	0.006103817203	0.0	0.001520348098
0.0	1.188793e-05	0.0	0.0	0.0	0.0	0.0	0.0	0.0	0.00404859351	0.0	7.1204341e-05	0.0	0.016401411229	0.0	0.02673427791	0.0	0.011323207493	0.0	0.01280820946	0.0	9.5001826e-05	0.0	0.00726890344	0.000118749072	0.002707121492	0.0	0.006058201597	0.0	0.001449680001
0.000261247896	0.002827663567	4.7503872e-05	0.00506058269	0.000510626376	0.001579206258	0.0	0.001508404949	0.000688758408	0.00356364458	0.000285005448	0.009110196836	0.000724369464	0.020536504941	0.000486876312	0.033958494201	0.000368121936	0.017243971122	0.000439369632	0.030535412372	0.000344372496	0.011586670135	0.000415620816	0.010832453286	0.000154375728	0.004313584831	0.0	0.010690359128	2.378775e-05	0.002006419315
0.0	0.0	0.0	0.0	0.0	0.0	0.0	0.0	0.0	0.0	0.0	7.1276632e-05	0.0	0.000474689048	0.0	0.025428648099	0.0	0.011392156556	0.0	0.012846945611	0.0	0.00010691061	0.0	0.007303789198	8.3124912e-05	0.00272933606	0.0	0.006043973185	0.0	0.001447725125
0.0	0.000225432513	0.0	0.000237509105	0.0	0.0	0.0	1.179834e-05	0.0	0.0	0.0	5.939037e-05	0.0	0.016497330943	0.0	0.027900801779	0.0	0.014198136026	0.0	0.012902677386	0.0	0.006714425748	0.0	0.007315073526	8.3123664e-05	0.002766436996	0.0	0.006474497874	0.0	0.001508680857
0.0	0.000474746833	0.0	0.000225868615	9.499932e-05	0.0	0.0	8.3255541e-05	0.0	0.000106836491	0.0	0.002885632524	0.0	0.016401173683	0.0	0.031247356965	0.0	0.015326107099	0.0	0.012759302543	0.0	0.007964484482	0.0	0.007299878701	9.4997136e-05	0.002909156851	0.0	0.008790662369	0.0	0.001474335774
0.0	0.0	0.0	0.0	0.0	0.0	0.0	0.0	0.0	0.0	0.0	5.9399621e-05	0.0	0.00048658457	0.0	0.032400458821	0.0	0.011370738441	0.0	0.012832286909	0.0	7.1268502e-05	0.0	0.0098550001	9.4999632e-05	0.002730508776	0.0	0.006010799819	0.0	0.001449375427
0.0	0.0	0.0	0.0	0.0	0.0	0.0	0.0	0.0	0.003956849557	0.0	4.7508736e-05	0.0	0.016353776699	0.0	0.025497165339	0.0	0.011343997935	0.0	0.012869858056	0.0	0.000106985377	0.0	0.007314145806	9.4999008e-05	0.002790663306	0.0	0.006033887973	0.0	0.001460483019
0.0	0.000237226209	0.0	0.000214090375	0.0	0.0	0.0	0.0	0.0	0.003941134966	0.0	5.935506e-05	0.0	0.016426788522	0.0	0.027957800473	0.0	0.014294732688	0.0	0.01281984858	0.0	0.006725050841	0.0	0.007360204488	9.4998384e-05	0.002744054685	0.0	0.00641639313	0.0	0.001461623909
0.000213748704	0.00080778359	0.0	0.002516660005	0.000178124544	0.000617697762	0.0	0.000510838695	0.000308756448	0.004515609075	0.000320623056	0.007410289133	0.0	0.016578290674	5.9373288e-05	0.033056878092	0.000296871744	0.015272211432	0.0	0.01282370157	0.0	0.009032081432	0.0	0.007315754066	9.500088e-05	0.002980898388	0.0	0.010560322811	0.0	0.001721818399
0.0	0.0	0.0	0.0	0.0	0.0	0.0	0.0	0.0	0.0	0.0	5.9369994e-05	0.0	0.000450879	0.0	0.025511591838	0.0	0.011417942022	0.0	0.012811382967	0.0	0.000106953073	0.0	0.00743281627	9.4999632e-05	0.002789419925	0.0	0.00596328453	0.0	0.001495247148
0.0	0.0	0.0	0.0	0.0	0.0	0.0	0.0	0.0	0.023229322571	0.0	0.003870629906	0.0	0.024038485572	0.0	0.033537459894	0.0	0.011522709348	0.0	0.013486237782	0.0	9.5026283e-05	0.0	0.013489580543	0.000106874976	0.002765710821	2.3749128e-05	0.006283426393	0.0	0.001544535061
0.0	0.0	0.0	0.0	0.0	0.0	0.0	1.1927896e-05	0.0	0.0	0.0	5.9380869e-05	0.0	0.000474823986	0.0	0.025439770401	0.0	0.011311355952	0.0	0.012856920441	0.0	9.5166117e-05	0.0	0.007339661751	9.4999632e-05	0.002826614121	0.0	0.0059634776	0.0	0.001484600049
0.00026124696	0.002744065912	8.313084e-05	0.005082732492	0.000546246792	0.001603276584	0.0	0.001544201055	0.000617509152	0.003528706902	0.000296873928	0.009098632971	0.000653115528	0.020546760574	0.000510619824	0.033996025998	0.000368123184	0.017208568695	0.000356246592	0.030578563394	0.0003800004	0.011622782514	0.00041562144	0.010880704549	0.00016625232	0.00434700366	0.0	0.010810699207	1.1894e-05	0.002138203091
0.0	0.0	0.0	0.0	0.0	0.0	0.0	2.3629804e-05	0.0	0.0	0.0	7.122149e-05	0.0	0.000474752048	0.0	0.032412222355	0.0	0.011285803686	0.0	0.012859471841	0.0	9.5039826e-05	0.0	0.007457336155	9.5000256e-05	0.002766648829	0.0	0.006011317712	0.0	0.001519436371
0.0	0.0	0.0	0.0	0.0	0.0	0.0	1.190511e-05	0.0	0.0	0.0	5.9366547e-05	0.0	0.000474744173	0.0	0.025464089129	0.0	0.011273654443	0.0	0.012823521153	0.0	9.5088023e-05	0.0	0.007386608362	8.3124288e-05	0.002779140068	0.0	0.006034943711	0.0	0.001496857685
0.0	0.0	0.0	0.0	0.0	0.0	0.0	0.0	0.0	0.0	0.0	0.013999338764	0.0	0.000462625084	0.0	0.03432300822	0.0	0.011360366952	0.0	0.012821428243	0.0	0.000106948746	0.0	0.007301754487	9.5000256e-05	0.002694976488	0.0	0.006082045524	0.0	0.001484372553
0.0	0.0	0.0	0.0	0.0	0.0	0.0	1.1813112e-05	0.0	0.003981135707	0.0	5.9334195e-05	0.0	0.016497649292	0.0	0.025487315488	0.0	0.011242593486	0.0	0.012881383711	0.0	8.317428e-05	0.0	0.007371464266	9.4999008e-05	0.002741850509	0.0	0.00606796588	0.0	0.001508752294
0.0	0.0	0.0	0.0	0.0	0.0	0.0	0.0	0.0	0.0	0.0	0.014069139311	0.0	0.000462904894	0.0	0.034273836035	0.0	0.011404092933	0.0	0.012846983145	0.0	0.000629628061	0.0	0.007360408816	0.000106874352	0.002788562335	0.0	0.005997987724	0.0	0.00146122289
0.0	0.0	0.0	0.0	0.0	0.0	0.0	0.0	0.0	0.003967930307	0.0	7.1262769e-05	0.0	0.016388976425	0.0	0.025451734833	0.0	0.011321307356	0.0	0.012856579059	0.0	9.4971094e-05	0.0	0.007314709655	9.4999632e-05	0.002788235187	0.0	0.006033949556	0.0	0.001507249841
0.0	1.1869204e-05	0.0	0.0	0.0	0.0	0.0	0.0	0.0	0.0	0.0	5.9347158e-05	0.0	0.000462538014	0.0	0.025547288535	0.0	0.011349548692	0.0	0.012833922445	0.0	0.000106892226	0.0	0.007456072962	0.000106874976	0.002707673064	1.1875656e-05	0.006023578046	0.0	0.001544249493
0.0	0.0	0.0	0.0	0.0	0.0	0.0	1.179321e-05	0.0	0.0	0.0	0.014052878136	0.0	0.000462866303	0.0	0.034252905691	0.0	0.011310691316	0.0	0.012918114308	0.0	9.5049611e-05	0.0	0.007469100819	0.0001068756	0.002765663098	0.0	0.006012127669	0.0	0.001483812553
0.0	1.19323e-05	0.0	0.0	0.0	0.0	0.0	0.0	0.0	0.003917825032	0.0	4.7469684e-05	0.0	0.016343252134	0.0	0.025523243105	0.0	0.011369628944	0.0	0.012833178923	0.0	8.3152448e-05	0.0	0.007220115079	0.000106874352	0.002765974507	0.0	0.006092414897	0.0	0.001450025472
0.0	0.0	0.0	0.0	0.0	0.0	0.0	0.0	0.0	0.0	0.0	0.01400418517	0.0	0.000438931969	0.0	0.034274636899	0.0	0.011321471314	0.0	0.012869554864	0.0	0.000107050225	0.0	0.007351444621	0.000106876224	0.002815399235	0.0	0.005988536029	0.0	0.00149649848
0.0	0.0	0.0	0.0	0.0	0.0	0.0	0.0	0.0	0.0	0.0	0.013988659375	0.0	0.000451018368	0.0	0.034266060595	0.0	0.011345599607	0.0	0.01271557502	0.0	0.00011878419	0.0	0.007300708278	0.000106874976	0.002779208351	0.0	0.006056701541	0.0	0.001495966
0.0	1.1821205e-05	0.0	0.0	0.0	0.0	0.0	0.0	0.0	0.0	0.0	7.1216072e-05	0.0	0.000474650375	0.0	0.02548794868	0.0	0.011337515455	0.0	0.0128210174	0.0	9.5053472e-05	0.0	0.007434222902	9.4999008e-05	0.002731427364	0.0	0.006010888507	0.0	0.001521147606
0.0	0.0	0.0	0.0	0.0	0.0	0.0	0.0	0.0	0.0	0.0	0.01407311325	0.0	0.000474613224	0.0	0.034301189762	0.0	0.011416089623	0.0	0.012822769434	0.0	0.000106928352	0.0	0.007386525877	8.3126784e-05	0.002802870006	0.0	0.005975101859	0.0	0.001471770334
0.0	0.0	0.0	0.0	0.0	0.0	0.0	1.1799156e-05	0.0	0.0	0.0	5.9385756e-05	0.0	0.001875209545	0.0	0.02559536434	0.0	0.011667496605	0.0	0.012832996227	0.0	0.003896235152	0.0	0.007315823681	0.000106873728	0.002755394925	0.0	0.006046339986	0.0	0.001496713855
0.0	0.0	0.0	0.0	0.0	0.0	0.0	1.1850064e-05	0.0	0.0	0.0	4.7509237e-05	0.0	0.0004509693	0.0	0.02543939966	0.0	0.011310761897	0.0	0.012882744752	0.0	9.5095581e-05	0.0	0.007375353758	9.4999632e-05	0.00285076971	0.0	0.00596387634	0.0	0.001496597864
0.0	0.0	0.0	0.0	0.0	0.0	0.0	1.19049e-05	0.0	0.003967202435	0.0	4.7526053e-05	0.0	0.016390511234	0.0	0.02539299046	0.0	0.011261135727	0.0	0.012844134597	0.0	0.000106921451	0.0	0.007337313752	0.000118749072	0.00276696146	0.0	0.006069443883	0.0	0.001519848603
0.0	1.1927526e-05	0.0	0.0	0.0	0.0	0.0	0.0	0.0	0.0	0.0	7.1229046e-05	0.0	0.000462642008	0.0	0.025487268591	0.0	0.011278819808	0.0	0.012856821571	0.0	8.3085837e-05	0.0	0.007444416037	0.000106874352	0.002719405009	1.187472e-05	0.006011429468	0.0	0.001520479529
0.0	0.0005105847	0.0	0.000214340626	0.000118749384	0.0	0.0	8.3085519e-05	0.0	0.003907344977	0.0	0.002909532091	0.0	0.01642629615	0.0	0.031247474562	0.0	0.015318528308	0.0	0.012833029659	0.0	0.007936854214	0.0	0.007362370311	9.4999008e-05	0.002872991666	0.0	0.008802312397	0.0	0.001471900556
0.0	0.0	0.0	0.0	0.0	0.0	0.0	0.0	0.0	0.0	0.0	5.9455282e-05	0.0	0.000474785544	0.0	0.032519359986	0.0	0.011326068304	0.0	0.012834468029	0.0	9.5038885e-05	0.0	0.007270020735	9.4998384e-05	0.002765714875	0.0	0.006058528046	0.0	0.001497461739
0.0	1.1927526e-05	0.0	0.0	0.0	0.0	0.0	0.0	0.0	0.0	0.0	0.014117601698	0.0	0.000486243515	0.0	0.034386531493	0.0	0.011256635655	0.0	0.012797711728	0.0	0.000106845015	0.0	0.007445496359	9.500088e-05	0.002694021555	1.1875656e-05	0.006010041174	0.0	0.001543861095
0.0	0.0	0.0	0.0	0.0	0.0	0.0	2.3611452e-05	0.0	0.00396700122	0.0	5.939037e-05	0.0	0.01644925437	0.0	0.025474422784	0.0	0.011255712493	0.0	0.012800678378	0.0	0.000557951602	0.0	0.00743506352	9.4999632e-05	0.002767472567	0.0	0.006046574666	0.0	0.001519739414
0.0	0.0	0.0	0.0	0.0	0.0	0.0	1.1873523e-05	0.0	0.0	0.0	5.9363275e-05	0.0	0.000474808446	0.0	0.025453770138	0.0	0.011264351285	0.0	0.01276310081	0.0	9.5030848e-05	0.0	0.00736017439	9.4999632e-05	0.002742945732	0.0	0.006044628061	0.0	0.001520044483
0.0	0.0	0.0	0.0	0.0	0.0	0.0	0.0	0.0	0.0	0.0	0.014009078233	0.0	0.00046266543	0.0	0.034300821989	0.0	0.011369362159	0.0	0.01284417017	0.0	8.3186058e-05	0.0	0.007398438282	9.500088e-05	0.002743643178	0.0	0.005938765151	0.0	0.001449221185
0.0	0.0	0.0	0.0	0.0	0.0	0.0	0.0	0.0	0.003991545369	0.0	4.7474905e-05	0.0	0.016388516412	0.0	0.025450851659	0.0	0.011372237957	0.0	0.012774528273	0.0	0.000106989669	0.0	0.007503748929	9.4998384e-05	0.002769020603	0.0	0.005962895573	0.0	0.001437328064
0.0	1.1927352e-05	0.0	0.0	0.0	0.0	0.0	0.0	0.0	0.003943465828	0.0	5.9339595e-05	0.0	0.016414648578	0.0	0.025513193536	0.0	0.011302749495	0.0	0.012833037303	0.0	8.3162578e-05	0.0	0.007373973175	9.4999632e-05	0.002731448078	1.187472e-05	0.006046136971	0.0	0.001531896393
0.0	0.0	0.0	0.0	0.0	0.0	0.0	0.0	0.0	0.003919328504	0.0	7.1276558e-05	0.0	0.016412577843	0.0	0.025488868529	0.0	0.011442300657	0.0	0.012835094383	0.0	0.000106948434	0.0	0.007277218099	9.4999008e-05	0.002766299505	0.0	0.006080787356	0.0	0.001436104965
0.0	0.0	0.0	0.0	0.0	0.0	0.0	0.0	0.0	0.003965905851	0.0	5.9336222e-05	0.0	0.016484936833	0.0	0.025463207385	0.0	0.011348568332	0.0	0.012834167993	0.0	0.000248811906	0.0	0.007301466291	0.000106873104	0.002671428926	0.0	0.006094135503	0.0	0.001484872115
0.0	0.0	0.0	0.0	0.0	0.0	0.0	0.0	0.0	0.0	0.0	4.747927e-05	0.0	0.000439041588	0.0	0.025488650628	0.0	0.011404665138	0.0	0.012796775813	0.0	8.3176199e-05	0.0	0.007409325133	0.000118749696	0.002742862478	0.0	0.006011686338	0.0	0.001460761232
0.0	0.0	0.0	0.0	0.0	0.0	0.0	0.0	0.0	0.0	0.0	5.9373305e-05	0.0	0.000474755546	0.0	0.025500193766	0.0	0.011347040009	0.0	0.01284643084	0.0	0.000107000645	0.0	0.007329303927	0.000106874352	0.00282670834	0.0	0.005963840137	0.0	0.001507805205
0.0	0.0	0.0	0.0	0.0	0.0	0.0	0.0	0.0	0.003993384372	0.0	7.1294132e-05	0.0	0.016377498702	0.0	0.032410337932	0.0	0.011406510248	0.0	0.012798691297	0.0	9.5022419e-05	0.0	0.007384913763	0.000106874976	0.00280064027	0.0	0.00603497186	0.0	0.001449669446
0.0	0.0	0.0	0.0	0.0	0.0	0.0	0.0	0.0	0.0	0.0	7.1277566e-05	0.0	0.000486559638	0.0	0.025428145515	0.0	0.011417630983	0.0	0.012834486048	0.0	9.5012952e-05	0.0	0.007280757024	0.000106874976	0.002766026587	0.0	0.006020210597	0.0	0.001436408706
0.0	0.0	0.0	0.0	0.0	0.0	0.0	1.1813112e-05	0.0	0.0	0.0	5.9330636e-05	0.0	0.000486394888	0.0	0.025440836261	0.0	0.011266670195	0.0	0.01272764861	0.0	8.3223255e-05	0.0	0.007325174872	9.5000256e-05	0.002755920714	0.0	0.00609341385	0.0	0.00154442006
0.0	1.1869892e-05	0.0	0.0	0.0	0.0	0.0	0.0	0.0	0.0	0.0	5.9330997e-05	0.0	0.001886793315	0.0	0.025632112284	0.0	0.011658830105	0.0	0.012821142045	0.0	0.003967864796	0.0	0.007373686342	0.000106874352	0.002696927212	0.0	0.006069748141	0.0	0.001519553906
0.0	0.0	0.0	0.0	0.0	0.0	0.0	1.190518e-05	0.0	0.0	0.0	5.9412426e-05	0.0	0.000462704157	0.0	0.025439612985	0.0	0.01127373584	0.0	0.01281894683	0.0	9.5050101e-05	0.0	0.007348563874	9.4999008e-05	0.002766777312	0.0	0.00602095083	0.0	0.001507667492
0.0	0.0	0.0	0.0	0.0	0.0	0.0	0.0	0.0	0.0	0.0	5.9377049e-05	0.0	0.000474609284	0.0	0.025477659489	0.0	0.011355935081	0.0	0.012847712698	0.0	9.5041281e-05	0.0	0.007374027659	0.000106874352	0.002801405756	0.0	0.005975251762	0.0	0.001519048863
0.0	1.1869806e-05	0.0	0.0	0.0	0.0	0.0	0.0	0.0	0.0	0.0	5.9331476e-05	0.0	0.000462667446	0.0	0.025463308967	0.0	0.011361977731	0.0	0.012822005381	0.0	0.000581532554	0.0	0.007349231439	0.000106874976	0.00271949588	0.0	0.006080688968	0.0	0.001496581873
0.0	0.0	0.0	0.0	0.0	0.0	0.0	1.1798612e-05	0.0	0.0	0.0	0.014040151917	0.0	0.000474504006	0.0	0.03432593039	0.0	0.011302178033	0.0	0.012820714674	0.0	8.3143264e-05	0.0	0.007456380979	0.0001068756	0.002730494882	1.187472e-05	0.006023219364	0.0	0.00152109463
0.0	0.0	0.0	0.0	0.0	0.0	0.0	2.3730489e-05	0.0	0.001236044541	0.0	0.003882373523	0.0	0.003966676079	0.0	0.033516676386	0.0	0.011498580635	0.0	0.013489313511	0.0	9.5048049e-05	0.0	0.013409551578	9.4999632e-05	0.002801660383	2.3749128e-05	0.006283532959	0.0	0.00164009241
0.0	0.0	0.0	0.0	0.0	0.0	0.0	0.0	0.0	0.0	0.0	7.1215672e-05	0.0	0.000462701505	0.0	0.025465167898	0.0	0.011323282509	0.0	0.012822910051	0.0	8.3194945e-05	0.0	0.007245924955	0.000118749696	0.002729951048	0.0	0.006056045029	0.0	0.001437185205
0.0	1.1940096e-05	0.0	0.0	0.0	0.0	0.0	0.0	0.0	0.0	0.0	0.014082497134	0.0	0.000463019053	0.0	0.034241861116	0.0	0.011420778006	0.0	0.012868516925	0.0	7.1293924e-05	0.0	0.007361537811	9.500088e-05	0.00273172795	0.0	0.005999209035	0.0	0.0014726834
0.0	0.0	0.0	0.0	0.0	0.0	0.0	0.0	0.0	0.0	0.0	5.9341655e-05	0.0	0.000462489377	0.0	0.025488163448	0.0	0.011337924858	0.0	0.012820746775	0.0	7.123149e-05	0.0	0.007197668092	9.4999008e-05	0.002766208197	0.0	0.006080132204	0.0	0.001437812212
0.0	0.0	0.0	0.0	0.0	0.0	0.0	2.3703488e-05	0.0	0.003919184557	0.0	7.1214532e-05	0.0	0.01646201444	0.0	0.025425326393	0.0	0.011310571016	0.0	0.012857158895	0.0	9.5021791e-05	0.0	0.007445048134	0.000106874976	0.002766661929	0.0	0.005999826503	0.0	0.00148438247
0.0	1.1926743e-05	0.0	0.0	0.0	0.0	0.0	0.0	0.0	0.0	0.0	7.1204362e-05	0.0	0.000450919371	0.0	0.025487515212	0.0	0.011276513605	0.0	0.01279707906	0.0	9.4976627e-05	0.0	0.007337438975	0.000106874976	0.002719849001	0.0	0.006141126854	0.0	0.001508778225
0.0	1.1926482e-05	0.0	0.0	0.0	0.0	0.0	0.0	0.0	0.003977120575	0.0	5.9350577e-05	0.0	0.016425912013	0.0	0.025462719077	0.0	0.011278786585	0.0	0.012776701244	0.0	0.00010697453	0.0	0.007347743885	0.000106874352	0.002682726508	0.0	0.00608206045	0.0	0.001508897139
0.0	0.0	0.0	0.0	0.0	0.0	0.0	1.1873523e-05	0.0	0.004004150002	0.0	5.9360565e-05	0.0	0.016436612235	0.0	0.025465479231	0.0	0.01127726023	0.0	0.012836011099	0.0	0.000106851472	0.0	0.007384192469	9.4999632e-05	0.002742752828	0.0	0.006091749876	0.0	0.001520260961
0.0	0.0	0.0	0.0	0.0	0.0	0.0	0.0	0.0	0.0	0.0	0.014097414702	0.0	0.000474725544	0.0	0.034300125716	0.0	0.011347859459	0.0	0.012811261194	0.0	0.000106944493	0.0	0.007386764501	0.0001068756	0.002780389305	0.0	0.005987591712	0.0	0.001508178798
0.0	1.182095e-05	0.0	0.0	0.0	0.0	0.0	0.0	0.0	0.015474334411	0.0	0.000344440487	0.0	0.016402695474	0.0	0.032505812365	0.0	0.011278855573	0.0	0.01283200892	0.0	8.3117643e-05	0.0	0.011389386163	8.3123664e-05	0.002719634365	0.0	0.006046740878	0.0	0.001471719701
0.000748117656	0.004300207868	0.000356254704	0.007102427494	0.000510623568	0.001579528204	0.0	0.002471822647	0.00064126296	0.003505318417	0.000368125992	0.043306466264	0.000688747176	0.02059618285	0.000510621696	0.042807068575	0.000380001024	0.017277005584	0.000356249088	0.030438434588	0.000415627056	0.011586808525	0.00040374984	0.010843672684	0.00014250288	0.004358349838	0.0	0.010773453686	1.1894125e-05	0.001995526708
0.0	0.0	0.0	0.0	0.0	0.0	0.0	0.0	0.0	0.0	0.0	0.014039445293	0.0	0.000474690554	0.0	0.034203706609	0.0	0.0113805616	0.0	0.012845752593	0.0	9.506586e-05	0.0	0.00732571213	9.500088e-05	0.002730141045	0.0	0.00600829128	0.0	0.00146028781
0.0	0.0	0.0	0.0	0.0	0.0	0.0	1.1836517e-05	0.0	0.005558397361	0.0	7.1221825e-05	0.0	0.016400269497	0.0	0.032505236219	0.0	0.01127569743	0.0	0.012878239497	0.0	8.3120155e-05	0.0	0.009938935518	0.000106874352	0.002731614851	1.187472e-05	0.006046993913	0.0	0.001531686505
0.0	0.0	0.0	0.0	0.0	0.0	0.0	0.0	0.0	0.0	0.0	5.9369242e-05	0.0	0.000450579523	0.0	0.025475825005	0.0	0.011352991626	0.0	0.0128096081	0.0	0.000106957231	0.0	0.00742030756	9.499776e-05	0.002743490549	0.0	0.005975248849	0.0	0.001471928919
0.0	0.0	0.0	0.0	0.0	0.0	0.0	2.3720477e-05	0.0	0.000308846439	0.0	0.014096780426	0.0	0.000486577835	0.0	0.034254968823	0.0	0.011306943473	0.0	0.012880787157	0.0	0.000106912915	0.0	0.011507623275	9.4999632e-05	0.002777501746	0.0	0.00603476051	0.0	0.00150862474
0.0	0.00051059115	0.0	0.00021384724	0.000106874352	0.0	0.0	7.146913e-05	0.0	0.000106880744	0.0	0.0029331639	0.0	0.016447818358	0.0	0.031261312016	0.0	0.015278118331	0.0	0.012844563208	0.0	0.007939024226	0.0	0.00740791729	0.000106873104	0.002931750898	0.0	0.008861142142	0.0	0.001497725178
0.0	0.0	0.0	0.0	0.0	0.0	0.0	0.0	0.0	0.0	0.0	5.939086e-05	0.0	0.000462898836	0.0	0.025474339501	0.0	0.01138268855	0.0	0.012893899951	0.0	0.00030867293	0.0	0.007384193174	0.000118747824	0.002777077608	0.0	0.005998770773	0.0	0.001461370666
0.0	1.1926656e-05	0.0	0.0	0.0	0.0	0.0	0.0	0.0	0.0	0.0	0.014072974574	0.0	0.000474611511	0.0	0.034325594692	0.0	0.011278713432	0.0	0.012810659087	0.0	7.1321336e-05	0.0	0.00738516163	9.5000256e-05	0.002708436592	0.0	0.006092329549	0.0	0.001531678278
0.00018999864	0.000879158509	0.0	0.002541453111	0.000166248576	0.000569978481	0.0	0.000474966816	0.000368134416	0.000796003046	0.000273126672	0.007422206084	0.0	0.016616867006	4.7500128e-05	0.033031205468	0.000284997024	0.015308339085	0.0	0.012842862791	0.0	0.00906657403	0.0	0.007385658764	0.0001068756	0.002872586188	0.0	0.010500163203	0.0	0.001650446389
0.0	0.0	0.0	0.0	0.0	0.0	0.0	0.0	0.0	0.0	0.0	5.9339774e-05	0.0	0.000450716604	0.0	0.02548768696	0.0	0.011348586287	0.0	0.01281888176	0.0	8.3127213e-05	0.0	0.007256555029	9.4999008e-05	0.002766138371	0.0	0.00606936142	0.0	0.001450138326
0.0	0.0	0.0	0.0	0.0	0.0	0.0	0.0	0.0	0.0	0.0	5.9349657e-05	0.0	0.000462703238	0.0	0.025487331908	0.0	0.011348094846	0.0	0.012799415499	0.0	9.5076437e-05	0.0	0.007280609149	0.000106874352	0.002706714906	0.0	0.0060444596	0.0	0.001449248982
0.0	0.0	0.0	0.0	0.0	0.0	0.0	1.1813112e-05	0.0	0.0	0.0	5.9328761e-05	0.0	0.000486397072	0.0	0.025466555756	0.0	0.011278231187	0.0	0.012763902303	0.0	9.5137793e-05	0.0	0.007324790008	0.000106874352	0.002719481741	0.0	0.006092989729	0.0	0.001509298464
0.000427500216	0.001318252122	0.0	0.003633964924	0.000166250448	0.000558325135	0.0	0.000475319695	0.000356262192	0.000808381844	0.000261252576	0.041650858663	0.0	0.016577409337	4.7500128e-05	0.041852976316	0.0002731248	0.015300654822	0.0	0.012890931785	0.0	0.009082460632	0.0	0.00736072711	0.000118751568	0.00297803471	0.0	0.010584254214	0.0	0.001662616289
0.0	0.0	0.0	0.0	0.0	0.0	0.0	0.0	0.0	0.0	0.0	0.014086046674	0.0	0.000474600697	0.0	0.034264439189	0.0	0.011347805722	0.0	0.012831192501	0.0	8.3124298e-05	0.0	0.007304068772	0.00013062504	0.002706131113	0.0	0.006055460717	0.0	0.001449127171
0.0	0.0	0.0	0.0	0.0	0.0	0.0	0.0	0.0	0.0	0.0	5.9352981e-05	0.0	0.000462873659	0.0	0.02675915702	0.0	0.011404588143	0.0	0.012761780574	0.0	8.3160946e-05	0.0	0.007396726713	0.000106874976	0.002753460918	0.0	0.00603458156	0.0	0.001460979142
0.0	0.0	0.0	0.0	0.0	0.0	0.0	1.1836594e-05	0.0	0.0	0.0	7.122149e-05	0.0	0.00048654552	0.0	0.032481169413	0.0	0.011275760264	0.0	0.012924890792	0.0	8.3122878e-05	0.0	0.007421557278	0.000106874352	0.002731335207	1.187472e-05	0.005986965362	0.0	0.001507043313
0.0	0.0	0.0	0.0	0.0	0.0	0.0	0.0	0.0	0.004016491432	0.0	5.9346522e-05	0.0	0.016401151279	0.0	0.025425420686	0.0	0.011394922346	0.0	0.01281209431	0.0	0.00010697979	0.0	0.007442850435	0.000106874352	0.002720622874	0.0	0.00597554482	0.0	0.001460276633
0.0	0.0	0.0	0.0	0.0	0.0	0.0	0.0	0.0	0.0	0.0	5.9348844e-05	0.0	0.000427045694	0.0	0.025476470997	0.0	0.011418164694	0.0	0.012846427376	0.0	0.000106993145	0.0	0.007325788455	0.000118749696	0.002742089955	0.0	0.006021641174	0.0	0.001412437979
0.0	0.0	0.0	0.0	0.0	0.0	0.0	1.181304e-05	0.0	0.001235921849	0.0	0.013983285868	0.0	0.003990234538	0.0	0.034327485897	0.0	0.011468253851	0.0	0.013510861354	0.0	9.5072559e-05	0.0	0.013348393522	0.000118751568	0.002789908273	1.1875656e-05	0.006343542124	0.0	0.001615156606
0.0	0.0	0.0	0.0	0.0	0.0	0.0	0.0	0.0	0.0	0.0	5.945533e-05	0.0	0.000486599469	0.0	0.032483690278	0.0	0.011314359704	0.0	0.012822534724	0.0	8.3143253e-05	0.0	0.009809821596	8.3123664e-05	0.002778387287	0.0	0.006069696225	0.0	0.001484362277
0.0	0.0	0.0	0.0	0.0	0.0	0.0	0.0	0.0	0.000309005891	0.0	0.000332482785	0.0	0.000474618177	0.0	0.032480119519	0.0	0.011357264502	0.0	0.012796811363	0.0	8.3191443e-05	0.0	0.011409610053	0.000118749696	0.002718271989	0.0	0.006058146666	0.0	0.001449609775
0.0	1.193281e-05	0.0	0.0	0.0	0.0	0.0	0.0	0.0	0.0	0.0	5.9355181e-05	0.0	0.000450811522	0.0	0.025486831548	0.0	0.011431045272	0.0	0.012821294989	0.0	0.000272968072	0.0	0.007431415915	8.312304e-05	0.002766345542	0.0	0.0060574603	0.0	0.001449455752
0.0	0.0	0.0	0.0	0.0	0.0	0.0	0.0	0.0	0.0	0.0	0.014031002824	0.0	0.000462654985	0.0	0.034346104377	0.0	0.011351853972	0.0	0.012798853945	0.0	8.3172764e-05	0.0	0.007361275288	9.500088e-05	0.002742268545	0.0	0.006034817559	0.0	0.00151972131
0.0	0.0	0.0	0.0	0.0	0.0	0.0	0.0	0.0	0.0	0.0	5.9391021e-05	0.0	0.000450979148	0.0	0.025476582287	0.0	0.011346244016	0.0	0.01283069079	0.0	0.000107026827	0.0	0.007314831102	0.000106874352	0.00278989976	0.0	0.006009918128	0.0	0.001448614752
0.0	0.000617250828	0.0	0.000225717626	0.000118749384	0.0	0.0	0.000142595627	0.0	9.4985622e-05	0.0	0.030232535376	0.0	0.016475715789	0.0	0.040065765829	1.1875344e-05	0.01525618024	0.0	0.012821552356	0.0	0.007961900039	0.0	0.007362479229	9.5000256e-05	0.00294520073	0.0	0.008824612232	0.0	0.001532402689
0.0	0.0	0.0	0.0	0.0	0.0	0.0	1.190511e-05	0.0	0.0	0.0	5.9365665e-05	0.0	0.000474665423	0.0	0.02542738404	0.0	0.011298728497	0.0	0.012854201483	0.0	9.5087937e-05	0.0	0.007399860609	8.3124288e-05	0.00280296786	0.0	0.005987809436	0.0	0.001484535127
0.0	0.0	0.0	0.0	0.0	0.0	0.0	0.0	0.0	0.003992956375	0.0	4.7490322e-05	0.0	0.016437509445	0.0	0.0254519702	0.0	0.011371094813	0.0	0.012836827518	0.0	0.000118762062	0.0	0.007397219676	9.4999632e-05	0.002777265524	0.0	0.006034930463	0.0	0.00149626786
0.0	1.182095e-05	0.0	0.0	0.0	0.0	0.0	0.0	0.0	0.003955717164	0.0	7.1219747e-05	0.0	0.016401562845	0.0	0.025474339022	0.0	0.011314571415	0.0	0.012799491559	0.0	9.5058199e-05	0.0	0.007372992602	9.4999632e-05	0.002743969065	0.0	0.005999069586	0.0	0.001508401537
0.0	0.0	0.0	0.0	0.0	0.0	0.0	0.0	0.0	0.003942674772	0.0	5.9382234e-05	0.0	0.016389872176	0.0	0.025462362758	0.0	0.011358471837	0.0	0.012846705835	0.0	9.5134315e-05	0.0	0.007336667373	0.000106874976	0.00277871426	0.0	0.00603190347	0.0	0.001436224778
0.0	0.0	0.0	0.0	0.0	0.0	0.0	2.3602141e-05	0.0	0.0	0.0	0.014096113894	0.0	0.000451030158	0.0	0.03428645588	0.0	0.011253478056	0.0	0.012798194396	0.0	8.3178941e-05	0.0	0.007372681305	9.500088e-05	0.002780301676	0.0	0.006080427389	0.0	0.00152104089
0.0	0.0	0.0	0.0	0.0	0.0	0.0	0.0	0.0	0.0	0.0	4.7509403e-05	0.0	0.000427265636	0.0	0.026733602852	0.0	0.011346521733	0.0	0.012763403902	0.0	0.000106953073	0.0	0.007347863342	0.000106874976	0.002766064143	0.0	0.00604506508	0.0	0.001495814734
0.0	0.0	0.0	0.0	0.0	0.0	0.0	0.0	0.0	0.0	0.0	7.1232618e-05	0.0	0.000474658261	0.0	0.0254761089	0.0	0.011406441008	0.0	0.012893500005	0.0	0.000106989054	0.0	0.00731573893	0.000106874976	0.00273143052	0.0	0.00602050202	0.0	0.00143616255
0.0	1.1869548e-05	0.0	0.0	0.0	0.0	0.0	0.0	0.0	0.003930569992	0.0	5.9350428e-05	0.0	0.016448939101	0.0	0.025511207136	0.0	0.011312187796	0.0	0.012845228278	0.0	9.5005131e-05	0.0	0.007338879237	9.4999632e-05	0.002719979397	1.187472e-05	0.005999117359	0.0	0.001520850951
0.0	0.0	0.0	0.0	0.0	0.0	0.0	0.0	0.0	0.003918864291	0.0	5.9380943e-05	0.0	0.016424131622	0.0	0.032418764044	0.0	0.011294803702	0.0	0.012795802591	0.0	0.000106857007	0.0	0.007372684538	0.000106874352	0.002792217653	0.0	0.006022648024	0.0	0.001496717928
0.0	0.0	0.0	0.0	0.0	0.0	0.0	1.1873523e-05	0.0	0.0	0.0	5.9360707e-05	0.0	0.00047467966	0.0	0.02543086637	0.0	0.011262799551	0.0	0.012773220047	0.0	9.5012667e-05	0.0	0.007326273297	0.000106874352	0.002755724906	0.0	0.006102625175	0.0	0.001520738819
0.000178123608	0.000867162419	0.0	0.002588206492	0.00015437448	0.000617570254	0.0	0.000427481024	0.00027312948	0.000820061756	0.000332499024	0.007457731508	0.0	0.016566499885	5.9374224e-05	0.033052889322	0.0002849964	0.015351352745	0.0	0.012762663869	0.0	0.009153135215	0.0	0.007301274798	8.3124912e-05	0.002968541187	0.0	0.010549208787	0.0	0.001650844472
0.0	0.0	0.0	0.0	0.0	0.0	0.0	2.3832212e-05	0.0	0.003906145875	0.0	7.124058e-05	0.0	0.016435344371	0.0	0.025425889644	0.0	0.011321330512	0.0	0.012811179949	0.0	8.3228828e-05	0.0	0.007326522317	0.0001068756	0.002777179659	0.0	0.005962542216	0.0	0.001495862108
0.0	1.192683e-05	0.0	0.0	0.0	0.0	0.0	0.0	0.0	0.0	0.0	7.1210768e-05	0.0	0.000451002785	0.0	0.025534514811	0.0	0.011304832731	0.0	0.012786767111	0.0	7.1250396e-05	0.0	0.007361056411	0.000106874976	0.002730648564	0.0	0.006094238203	0.0	0.001520476918
0.0	0.0	0.0	0.0	0.0	0.0	0.0	0.0	0.0	0.0	0.0	0.014080927699	0.0	0.000462581624	0.0	0.034286576171	0.0	0.011395779493	0.0	0.012870442076	0.0	9.5110777e-05	0.0	0.007324678292	9.5000256e-05	0.002753775983	0.0	0.006009527998	0.0	0.001413734292
0.0	0.000367851459	0.0	0.000249139766	0.0	0.0	0.0	0.0	0.0	0.0	0.0	0.018755544446	0.0	0.016437669949	0.0	0.036795475981	0.0	0.014226078218	0.0	0.012892089566	0.0	0.006726809421	0.0	0.007362238538	9.5000256e-05	0.00273214193	0.0	0.006414428243	0.0	0.001531277016
0.000261248832	0.002768502196	4.7503872e-05	0.005059221313	0.000558128376	0.001638671726	0.0	0.001520692821	0.00068876028	0.007291983475	0.000261253512	0.00907438251	0.000724368528	0.020485598479	0.000486876312	0.03400828581	0.000344372496	0.01725127588	0.000415620816	0.030593078448	0.000368121936	0.011552228087	0.000451246848	0.010868520226	0.000154375104	0.004346867311	0.0	0.010762250797	3.56815e-05	0.002079402772
0.0	0.0	0.0	0.0	0.0	0.0	0.0	0.0	0.0	0.0	0.0	0.014109293167	0.0	0.001827754602	0.0	0.03444240039	0.0	0.011695454653	0.0	0.012771937686	0.0	0.003849997322	0.0	0.007265762934	9.5000256e-05	0.002742846852	0.0	0.006058213707	0.0	0.001437773471
0.0	0.0	0.0	0.0	0.0	0.0	0.0	0.0	0.0	0.001224658733	0.0	0.003835330668	0.0	0.004061571821	0.0	0.033537795288	0.0	0.011475689337	0.0	0.01347474439	0.0	0.000118882098	0.0	0.013431154805	0.000118749072	0.00276692436	3.5625096e-05	0.006331580201	0.0	0.001627194724
0.0	0.0	0.0	0.0	0.0	0.0	0.0	0.0	0.0	0.0	0.0	5.9380943e-05	0.0	0.000462899155	0.0	0.03244482133	0.0	0.011296385994	0.0	0.012810047079	0.0	0.000107000645	0.0	0.007373045996	0.000106874976	0.002766864785	0.0	0.006046030194	0.0	0.00150827512
0.0	0.0	0.0	0.0	0.0	0.0	0.0	2.3833006e-05	0.0	0.0	0.0	0.014013006935	0.0	0.000474790364	0.0	0.034297019	0.0	0.011310745301	0.0	0.012894525806	0.0	0.000249275378	0.0	0.007338137843	8.3123664e-05	0.002803382594	0.0	0.006046792936	0.0	0.001520415847
0.0	1.1869634e-05	0.0	0.0	0.0	0.0	0.0	0.0	0.0	0.0	0.0	0.014128537731	0.0	0.000450966872	0.0	0.034327816186	0.0	0.011278029747	0.0	0.012785969194	0.0	8.313975e-05	0.0	0.007245497879	9.500088e-05	0.002777987466	0.0	0.00606920232	0.0	0.001508507164
0.0	1.1927526e-05	0.0	0.0	0.0	0.0	0.0	0.0	0.0	0.0	0.0	7.1230599e-05	0.0	0.000462647377	0.0	0.025513020977	0.0	0.011301120461	0.0	0.012855110093	0.0	9.4982873e-05	0.0	0.007516308565	0.000106874352	0.002706536595	1.187472e-05	0.00603581194	0.0	0.001532204505
0.0	1.1887505e-05	0.0	0.0	0.0	0.0	0.0	0.0	0.0	0.0	0.0	5.9367656e-05	0.0	0.000474338355	0.0	0.025451419578	0.0	0.011408681107	0.0	0.012823477878	0.0	9.510116e-05	0.0	0.007432721098	9.4999008e-05	0.002767542769	0.0	0.005964286582	0.0	0.001472169118
0.0	0.0	0.0	0.0	0.0	0.0	0.0	0.0	0.0	0.0	0.0	5.9357917e-05	0.0	0.000474520135	0.0	0.025499746463	0.0	0.011397393775	0.0	0.012739320455	0.0	0.000558031247	0.0	0.007302074344	9.4998384e-05	0.002766019079	0.0	0.006069594961	0.0	0.001437955151
0.0	0.0	0.0	0.0	0.0	0.0	0.0	0.0	0.0	0.0	0.0	0.014097773626	0.0	0.000462805422	0.0	0.034290884001	0.0	0.011357216631	0.0	0.01278256847	0.0	0.000118781858	0.0	0.009723695326	0.000106876224	0.002802184789	0.0	0.006044979304	0.0	0.001495937741
0.0	0.0	0.0	0.0	0.0	0.0	0.0	2.3855069e-05	0.0	0.0	0.0	5.941226e-05	0.0	0.000474555076	0.0	0.025440202447	0.0	0.011275988149	0.0	0.012810538068	0.0	9.5043286e-05	0.0	0.007348896598	8.3124288e-05	0.002790688512	0.0	0.006032837317	0.0	0.001507722732
0.0	1.1869204e-05	0.0	0.0	0.0	0.0	0.0	0.0	0.0	0.0	0.0	5.9355761e-05	0.0	0.000462534329	0.0	0.025526347829	0.0	0.011340297223	0.0	0.012846132297	0.0	0.000106873801	0.0	0.007469529481	0.000106874976	0.002671217234	1.1875656e-05	0.005975645107	0.0	0.001544512585
0.0	0.0	0.0	0.0	0.0	0.0	0.0	0.0	0.0	0.000309120269	0.0	0.000356296792	0.0	0.000462708776	0.0	0.032564939525	0.0	0.011357808493	0.0	0.012751257841	0.0	0.00011884564	0.0	0.011399782307	0.000106874352	0.002766117576	0.0	0.006022859931	0.0	0.001496841456
0.0	1.182027e-05	0.0	0.0	0.0	0.0	0.0	0.0	0.0	0.0	0.0	0.01404847887	0.0	0.000474408458	0.0	0.034336550174	0.0	0.011314642035	0.0	0.012822725126	0.0	7.1247659e-05	0.0	0.007268355212	0.000106876224	0.002753689116	0.0	0.006103699099	0.0	0.001461398683
0.0	0.0	0.0	0.0	0.0	0.0	0.0	0.0	0.0	0.0	0.0	5.9367207e-05	0.0	0.000462706939	0.0	0.025452318136	0.0	0.011417940956	0.0	0.012822788667	0.0	0.000106979416	0.0	0.007398654234	0.000106874976	0.002802970192	0.0	0.005963259176	0.0	0.001471184069
0.0	0.000213655494	0.0	0.000201860323	0.0	0.0	0.0	0.0	0.0	0.0	0.0	5.9363153e-05	0.0	0.016426345539	0.0	0.027910532955	0.0	0.014245411931	0.0	0.012888922266	0.0	0.006726581642	0.0	0.007397634934	0.000106873728	0.002778011279	0.0	0.006414028326	0.0	0.001473538354
0.0	0.0	0.0	0.0	0.0	0.0	0.0	1.1850064e-05	0.0	0.003945353721	0.0	7.1254478e-05	0.0	0.016414885051	0.0	0.025580826652	0.0	0.01166604716	0.0	0.012820950746	0.0	0.003955248576	0.0	0.007386297802	9.4998384e-05	0.002790262597	0.0	0.00604576948	0.0	0.001496421877
