0.0	0.0	0.0	0.0	0.0	0.0	0.0	0.0	0.0	0.000514944849	0.0	0.000411432825	0.0	0.005506510013	0.0	0.016845037561	0.000298882896	0.00571138402	0.000958495824	0.010033981935	0.000803901696	0.001412954915	2.0613216e-05	0.010929647722	0.000123678048	0.003484621497	0.000267973368	0.008113388839	7.22605e-05	0.004546369232
0.0	0.0	0.0	0.0	0.0	0.0	0.0	0.0	0.0	6.2000016e-05	0.0	0.00043209015	0.0	0.003433984223	0.0	0.016835641372	0.00030918888	0.00571161809	0.000958478976	0.010117566836	0.000783280992	0.001495227527	1.0307232e-05	0.010960112908	0.000123678048	0.003483779166	0.000288583464	0.008123117033	7.2261625e-05	0.004566548664
0.0	0.0	0.0	0.0	0.0	0.0	0.0	0.0	0.0	7.2302646e-05	0.0	0.000421826723	0.0	0.003464796322	0.0	0.016823791483	0.00031949424	0.00570190542	0.000979107168	0.009880155184	0.000772975632	0.001392069673	2.0612592e-05	0.010939077738	0.000144291264	0.003494645255	0.0002473614	0.008113120067	5.1614375e-05	0.004648648926
0.0	0.0	0.0	0.0	0.0	0.0	0.0	0.0	0.0	0.000535863017	0.0	0.000462905582	0.0	0.005589924757	0.0	0.016835092413	0.000257657712	0.005639496614	0.001010013888	0.010002329833	0.0008038992	0.001423079442	1.0307232e-05	0.010938445713	0.000123678672	0.003515717401	0.000278275296	0.008041132399	6.1938375e-05	0.004680607177
0.0	0.0	0.0	0.0	0.0	0.0	0.0	0.0	0.0	0.000514700182	0.0	0.000453000707	0.0	0.006629710658	0.0	0.01683451608	0.000278270304	0.007752398026	0.000999723504	0.009970252165	0.000917268144	0.004574666755	7.214376e-05	0.010917776938	0.000133984032	0.003486370048	0.000257659584	0.00814483932	6.1938375e-05	0.004659792882
0.0	0.0	0.0	0.0	0.0	0.0	0.0	0.0	0.0	0.000123614935	0.0	0.000442266146	0.0	0.00346512406	0.0	0.016844043276	0.000309193872	0.0057107673	0.000948190464	0.009898421159	0.000845116896	0.001422918152	1.0305984e-05	0.011125822381	0.000123679296	0.003535530344	0.000278276856	0.008123860054	6.193725e-05	0.004678660477
0.0	0.0	0.0	0.0	0.0	0.0	0.0	0.0	0.0	7.2308582e-05	0.0	0.00043221058	0.0	0.003475048821	0.0	0.016803653634	0.00031949424	0.005763425846	0.000999721632	0.009892240135	0.000803901696	0.001464074805	1.0306608e-05	0.010960063309	0.000113373312	0.003506868306	0.000257663952	0.008124387249	5.1615125e-05	0.004721718478
0.0	0.000855053839	0.00075236148	0.000371157575	1.0306296e-05	9.2823929e-05	0.0	0.000102890154	0.0	0.000144208327	0.0	0.022978673841	0.0	0.003464887524	0.0	0.039130471981	0.00029888664	0.005710880752	0.000948175488	0.00991091839	0.000855435984	0.001454119801	1.0306608e-05	0.010979408599	0.00010306608	0.003536404344	0.000288584712	0.008132654963	7.22615e-05	0.004678590924
0.0	0.0	0.0	0.0	0.0	0.0	0.0	0.0	0.0	9.2782931e-05	0.0	0.000411622308	0.0	0.003433936712	0.0	0.016814299849	0.000309190128	0.005680295931	0.000937862016	0.010017811753	0.000834808416	0.001464122673	1.0306608e-05	0.010899324271	0.00014428752	0.003473477444	0.000267961512	0.008134261549	6.1937125e-05	0.004596842967
0.0	0.0	0.0	0.0	0.0	0.0	0.0	0.0	0.0	0.000494712816	0.0	0.000442669151	0.0	0.005578294335	0.0	0.021132529875	0.000288585648	0.005698817816	0.000999725376	0.009932727479	0.000824514288	0.001433211444	1.0306608e-05	0.013505134558	0.000133980288	0.003536710286	0.000267962448	0.008123549357	6.1938e-05	0.004649682607
0.0	0.0	0.0	0.0	0.0	0.0	0.0	0.0	0.0	0.000504933556	0.0	0.000411434756	0.0	0.005588954034	0.0	0.016813616337	0.000309189504	0.005755080418	0.000968789328	0.009900539415	0.000814205184	0.0014434723	2.0613216e-05	0.01114523389	0.000164899488	0.003516435448	0.000226736328	0.008102411986	5.1614375e-05	0.004691404019
0.0	0.0	0.0	0.0	0.0	0.0	0.0	0.0	0.0	0.000123623266	0.0	0.000462817381	0.0	0.003444195873	0.0	0.016803612003	0.00028857504	0.005794232567	0.00095850144	0.009992652571	0.0008245068	0.002319822802	1.0306608e-05	0.010930322133	0.000113373936	0.003495264003	0.000247356408	0.008100259674	6.1938625e-05	0.004670285546
0.001473815304	0.002504429518	0.001401685272	0.006227758909	8.2451304e-05	0.002577707773	0.0	0.000422045146	6.1837776e-05	0.003815507373	0.001010025432	0.041260652225	0.00151502832	0.009289663265	0.000845120016	0.039166292749	0.000298886016	0.01460236286	0.000958500816	0.011533308047	0.000937895088	0.014801326791	8.2451616e-05	0.011569070416	0.000803907312	0.003566160986	0.000278273112	0.012843918733	6.1938375e-05	0.00523567905
0.0	0.0	0.0	0.0	0.0	0.0	0.0	0.0	0.0	6.2009584e-05	0.0	0.000421820891	0.0	0.003444217897	0.0	0.016824290832	0.000329801472	0.005712009345	0.000979092816	0.009900247943	0.000803887344	0.001412715323	1.0306608e-05	0.010970017446	0.00014428752	0.003495444168	0.000267960264	0.008093714173	5.1615625e-05	0.00467073895
0.0	0.0	0.0	0.0	0.0	0.0	0.0	0.0	0.0	0.000103062174	0.0	0.00042177768	0.0	0.003475760348	0.0	0.019451441334	0.000319505472	0.00571009318	0.00095850144	0.009827407332	0.000834814032	0.001495221597	1.0306608e-05	0.011670082662	0.000144286896	0.003525553645	0.000237043248	0.008102286162	7.2262e-05	0.004710945689
0.0	0.000917015874	0.000680221152	0.000371393112	1.0306296e-05	8.2706753e-05	0.0	9.2705061e-05	0.0	9.2970386e-05	0.0	0.022967540674	0.0	0.003454207327	0.0	0.03914297915	0.000298884768	0.005721784762	0.000958498944	0.010171230265	0.000772982496	0.001464145796	1.0306608e-05	0.010950446185	0.000123678672	0.003472929052	0.000278280912	0.008123344134	6.193925e-05	0.004638584974
0.0	0.00142283455	0.000628685928	0.000391827378	2.0612592e-05	0.000412608703	0.0	0.000113300195	1.0306296e-05	0.000680123852	0.0	0.022986755054	0.0	0.003403176005	0.0	0.039025561517	0.000288588144	0.005680047857	0.000927592848	0.009983615931	0.000845121888	0.001474576089	2.0613216e-05	0.021484439552	0.000164900736	0.003546770245	0.000237044808	0.00877224152	6.1937875e-05	0.006237876792
0.0	0.0	0.0	0.0	0.0	0.0	0.0	0.0	0.0	0.000123606707	0.0	0.000452438956	0.0	0.004001444024	0.0	0.016804287622	0.00028857504	0.007733155195	0.000948194208	0.009970093152	0.000958487712	0.004614926928	8.2450992e-05	0.011065178685	0.000123678048	0.003516967127	0.00024735204	0.008080749094	6.1937625e-05	0.004618512638
0.0	0.0	0.0	0.0	0.0	0.0	0.0	0.0	0.0	9.2602852e-05	0.0	0.000452311317	0.0	0.00346493379	0.0	0.021079756244	0.000257667696	0.005691571672	0.000958499568	0.010177580186	0.000824508672	0.001453900809	1.0306608e-05	0.013751180346	0.000113367696	0.00350561278	0.000257656152	0.008184496839	5.16155e-05	0.004680418722
0.0	0.0	0.0	0.0	0.0	0.0	0.0	0.0	0.0	8.2630193e-05	0.0	0.000463099482	0.0	0.003485513431	0.0	0.016825580789	0.000267963072	0.005679638051	0.000989400048	0.010167861882	0.00078328848	0.001402277432	1.0306608e-05	0.011020329563	0.000113372064	0.003506450158	0.00025766208	0.008143590013	6.1939e-05	0.004659194391
0.0	0.0	0.0	0.0	0.0	0.0	0.0	0.0	0.0	6.1963428e-05	0.0	0.00041164554	0.0	0.003382803728	0.0	0.019421304106	0.000309197616	0.005679763209	0.000948192336	0.01007022075	0.000814205808	0.001412622452	0.0	0.011568885639	0.000123674928	0.003514636437	0.000257655528	0.008052480501	6.1939e-05	0.004577376448
0.0	0.001009964244	0.000649297584	0.000350716398	2.0612592e-05	8.2588182e-05	0.0	9.2769932e-05	0.0	9.2803501e-05	0.0	0.02294743377	1.0306296e-05	0.00346493003	0.0	0.039203790156	0.000319499856	0.005710782951	0.000958481472	0.009931680202	0.00081420456	0.001422921245	1.0306608e-05	0.011011457799	0.00013398528	0.003525005234	0.00022674756	0.00818542137	9.29065e-05	0.004617739785
0.00154593972	0.00177300517	0.001556279712	0.003267876274	0.00049471344	0.002217034123	0.0	0.0	0.0	0.002887449312	0.0	0.002546199883	0.00080388828	0.018804505821	0.001618090344	0.019031408913	0.00091725504	0.019959251977	0.000979106544	0.026818932836	0.000948203568	0.020802756568	0.000958498944	0.014087622916	0.00097911528	0.004175973776	0.000278271864	0.012927827168	6.1938125e-05	0.006258102944
0.0	0.0	0.0	0.0	0.0	0.0	0.0	0.0	0.0	9.2935295e-05	0.0	0.000442894128	0.0	0.003485561598	0.0	0.016793163142	0.000278270304	0.005648376575	0.00098940192	0.010135742363	0.000783287232	0.001381626343	1.0306608e-05	0.010979822931	0.000113372064	0.003526660185	0.000247356096	0.008205288289	5.1615375e-05	0.004587129019
0.0	0.0	0.0	0.0	0.0	0.0	0.0	0.0	0.0	0.000102944319	0.0	0.00042168141	0.0	0.007517323647	0.0	0.01685613079	0.000298884768	0.01134367497	0.000979114032	0.010250453429	0.000937886976	0.006772929942	0.000113369568	0.011053492253	0.00014428752	0.003536275689	0.000216430032	0.008649236781	7.22595e-05	0.004700933723
0.0	0.0	0.0	0.0	0.0	0.0	0.0	0.0	0.0	0.000113331024	0.0	0.000421703826	0.0	0.00347576337	0.0	0.016845063444	0.000319496736	0.005668616192	0.000937867008	0.009887436658	0.000845122512	0.001484795772	1.0306608e-05	0.011092952993	0.000133984032	0.003536420628	0.000247357032	0.008112286508	8.2583375e-05	0.00470001539
0.0	0.000886295977	0.000752371776	0.001226670431	0.000103064832	0.000103082298	0.0	9.2748104e-05	0.0	0.000113366515	0.0	0.023049772926	1.0306296e-05	0.004103189654	0.0	0.039185294995	0.000298882896	0.007723097373	0.000937892592	0.009901875311	0.000968799936	0.004565991312	8.2451616e-05	0.01101202273	0.0001236768	0.003545870154	0.000237046992	0.008132656771	6.193875e-05	0.004638291201
0.0	0.0	0.0	0.0	0.0	0.0	0.0	0.0	0.0	0.001052081157	0.0	0.001205431089	0.000360713808	0.007752321892	0.0	0.016875620458	0.000257657088	0.011764336231	0.000999721632	0.011012114517	0.00091728624	0.009217603621	9.2758224e-05	0.010918784167	0.000123677424	0.003516568449	0.00025765896	0.011597309482	6.19375e-05	0.004650396995
0.0	0.0	0.0	0.0	0.0	0.0	0.0	0.0	0.0	0.000607997564	0.0	0.000534992507	0.0	0.005559892025	0.0	0.022884628817	0.000319505472	0.00575293847	0.000937891344	0.009974766768	0.00083480904	0.001484851948	1.0306608e-05	0.017153907037	0.00014428752	0.003556837647	0.000226736952	0.008247338699	7.2261125e-05	0.005010048127
0.0	0.0	0.0	0.0	0.0	0.0	0.0	0.0	0.0	0.000576520563	0.0	0.000473233923	0.0	0.00551783371	0.0	0.016834793084	0.00025766208	0.005690457283	0.000979106544	0.009994334872	0.000814196448	0.001412792354	1.0305984e-05	0.010938397612	0.000113372688	0.003475052	0.000267969312	0.008123071144	5.1615e-05	0.004669971778
1.0306296e-05	0.000865477058	0.000752362416	0.000360820502	1.0306296e-05	9.2798808e-05	0.0	9.2712175e-05	0.0	0.000123619767	0.0	0.023017809389	1.0306296e-05	0.003434183464	0.0	0.039160355413	0.000309198864	0.005701512419	0.000927587232	0.009952371718	0.000845128752	0.001412907411	1.0306608e-05	0.013669711829	0.00011336832	0.003524613448	0.000267963696	0.008174142941	7.2260625e-05	0.004607590966
0.0	0.00086523025	0.000742058928	0.000422678386	1.0306296e-05	9.2956428e-05	0.0	0.000102926652	0.0	0.000113547082	0.0	0.02298956124	1.0306296e-05	0.003454463817	0.0	0.039054848794	0.000267968688	0.005649207484	0.000968798688	0.00998267918	0.00083482152	0.001381840497	1.0306608e-05	0.011081833461	0.000113368944	0.00349543166	0.000288576288	0.008135046772	7.226075e-05	0.0046793981
0.0	0.0	0.0	0.0	0.0	0.0	0.0	0.0	0.0	0.000113478774	0.0	0.000472952944	0.0	0.003475022275	0.0	0.016824081517	0.00026796744	0.00571166733	0.00091725816	0.01009744979	0.00083481528	0.001433692161	1.0307232e-05	0.011092639819	9.2759472e-05	0.003514959074	0.000309192	0.008134609677	5.1615625e-05	0.004710262624
0.0	0.0	0.0	0.0	0.0	0.0	0.0	0.0	0.0	0.00011333028	0.0	0.000431912367	0.0	0.003444369448	0.0	0.016844988132	0.000298885392	0.005648435264	0.00090694968	0.009992029223	0.000834817152	0.001412771529	1.0306608e-05	0.01100237273	0.000144285648	0.003463595585	0.000247348296	0.008051925144	6.1937e-05	0.004629368439
0.0	0.0	0.0	0.0	0.0	0.0	0.0	0.0	0.0	0.000113512841	0.0	0.000483340966	0.0	0.003444880246	0.0	0.016845922154	0.00025765896	0.005659790098	0.00094817424	0.009961174814	0.000834819648	0.001422878675	2.0612592e-05	0.010940472388	0.000113372688	0.003525531773	0.000267966504	0.008164107019	5.1614375e-05	0.004669387838
0.0	0.0	0.0	0.0	0.0	0.0	0.0	0.0	0.0	0.000597422228	0.0	0.000432000235	0.0	0.007442965505	0.0	0.01683457006	0.000298884144	0.011251676384	0.000927582864	0.010400166201	0.00098942064	0.006692031774	0.000103063584	0.010918624794	0.000113370816	0.003474869425	0.000267962136	0.008689238041	7.2260375e-05	0.004566413859
0.0	0.0	0.0	0.0	0.0	0.0	0.0	0.0	0.0	9.2942063e-05	0.0	0.000463021289	0.0	0.00340309825	0.0	0.016844802458	0.000267964944	0.005689682842	0.00095849208	0.009971441467	0.000845123136	0.001381777355	2.0612592e-05	0.010983362902	0.000113373312	0.003525368667	0.000267969936	0.008174788539	6.19375e-05	0.004649364149
0.0	0.0	0.0	0.0	0.0	0.0	0.0	0.0	0.0	0.001082958051	0.0	0.001153787754	0.000412246224	0.007659380172	0.0	0.016845959234	0.000267963696	0.01176657801	0.000979110288	0.011136997362	0.00096881616	0.009232252239	9.2758224e-05	0.011072484398	9.2758224e-05	0.003495729513	0.000309189192	0.011567773819	6.19375e-05	0.004730966681
0.0	0.0	0.0	0.0	0.0	0.0	0.0	0.0	0.0	0.000113288347	0.0	0.000462784613	0.0	0.00345498919	0.0	0.021163075768	0.000288585024	0.005650263626	0.000937888848	0.009984625101	0.000824512416	0.001453636022	2.0612592e-05	0.013619183155	0.000113367696	0.003514502334	0.000267960264	0.008154773103	5.16145e-05	0.004659595427
0.001442878632	0.001803066561	0.00139137336	0.003369356498	0.00045348732	0.002412327115	0.0	0.0	0.0	0.003875939605	0.0	0.002526518623	0.000865726992	0.018887793509	0.00155625912	0.018938479059	0.00094818048	0.019928084814	0.000968802432	0.026779105326	0.000948197952	0.020780638924	0.00094819296	0.014180217305	0.001020338592	0.004198358999	0.000247352976	0.012876943037	5.161575e-05	0.006298280076
9.2756664e-05	0.0	0.0	0.0	0.0	0.001731980591	0.0	0.0	0.0	0.002650322048	1.0306296e-05	0.001370444131	0.000886338648	0.009155297428	0.00079358292	0.016929036283	0.0002988804	0.014681836442	0.000927581616	0.011334885627	0.000979114032	0.014778006806	9.2756352e-05	0.01150768049	0.00086574072	0.003588311024	0.000267964008	0.012812931643	6.193725e-05	0.005236419332
0.0	0.0	0.0	0.0	0.0	0.0	0.0	0.0	0.0	0.000494604001	0.0	0.000432151514	0.0	0.005527639182	0.0	0.016856739353	0.00030918888	0.005710698198	0.000948169872	0.010053750058	0.000783283488	0.001443937143	1.0306608e-05	0.010888144372	0.000123678048	0.003494360538	0.000288584088	0.008123554084	6.1938e-05	0.004504381936
0.0	0.0	0.0	0.0	0.0	0.0	0.0	0.0	0.0	7.2308582e-05	0.0	0.000432150185	0.0	0.003454808151	0.0	0.016833568559	0.00032980272	0.006155966642	0.0009894144	0.009950592679	0.000793591344	0.002667680453	2.0612592e-05	0.010952217049	0.000113370816	0.003537876511	0.0002473536	0.008102829561	5.1615625e-05	0.004732126157
9.2756664e-05	0.0	0.0	0.0	0.0	0.001690544591	0.0	0.0	0.0	0.002629493661	1.0306296e-05	0.001349989801	0.000865728864	0.009199136825	0.00087603516	0.016898201669	0.000319494864	0.014671718518	0.000979110288	0.011200594966	0.000906967152	0.0148318221	0.000113369568	0.011578475586	0.0008657376	0.003608679667	0.000237045432	0.012803095755	7.2259625e-05	0.005257398692
0.0	0.0	0.0	0.0	0.0	0.0	0.0	0.0	0.0	6.2009584e-05	0.0	0.000401152838	0.0	0.003485262911	0.0	0.016835015718	0.000309187008	0.00570282621	0.000968783088	0.009880945625	0.000814206432	0.00140226378	2.0613216e-05	0.010908245032	0.00014428752	0.003526590673	0.000257654592	0.008112319049	5.16155e-05	0.004701981219
0.0	0.0	0.0	0.0	0.0	0.0	0.0	0.0	0.0	0.00058714484	0.0	0.000442433507	0.0	0.005590102567	0.0	0.016793927768	0.000309189504	0.005761202455	0.000886337088	0.01001230388	0.000845115648	0.001433317283	1.0306608e-05	0.011125306975	0.000123675552	0.00354674024	0.000226734768	0.008102593357	6.193725e-05	0.004700490492
0.0	0.0	0.0	0.0	0.0	0.0	0.0	0.0	0.0	8.2630193e-05	0.0	0.000463045259	0.0	0.003475597003	0.0	0.016845532708	0.000278272176	0.005627338569	0.000979098432	0.009983518685	0.000845124384	0.001433340329	2.0612592e-05	0.010950842311	0.000113367696	0.003506091279	0.000267962136	0.008060533876	6.1937875e-05	0.004691423776
0.0	0.0	0.0	0.0	0.0	0.0	0.0	0.0	0.0	0.000741852208	0.0	0.000915634074	1.0306296e-05	0.003434002076	0.0	0.025978194636	0.0002885844	0.005711026985	0.00094819296	0.009912362858	0.000855423504	0.001392170422	1.0306608e-05	0.021503052681	0.000123674304	0.003555952894	0.00028857348	0.008762161263	8.2583125e-05	0.006339098298
0.0	0.0	0.0	0.0	0.0	0.0	0.0	0.0	0.0	0.001576974927	0.0	0.000926608331	1.0307232e-05	0.006248845736	0.0	0.025947221107	0.000267973056	0.005671232881	0.000968801184	0.010097117768	0.000814196448	0.001423219867	1.0306608e-05	0.02150627291	0.000113367696	0.003556434444	0.000257656152	0.008825182564	5.16155e-05	0.006258263813
0.0	0.0	0.0	0.0	0.0	0.0	0.0	0.0	0.0	0.000123574734	0.0	0.000452747647	0.0	0.003454599027	0.0	0.016794385726	0.000288576912	0.00572066175	0.000958481472	0.009993666596	0.000845113776	0.001423221646	1.0306608e-05	0.011061589539	0.00011336832	0.003566816299	0.000288572544	0.008123697954	7.226075e-05	0.00470010982
0.0	0.000979380184	0.000690526512	0.000401836702	3.0918888e-05	0.000103126084	0.0	0.000103189064	1.0306296e-05	9.2937994e-05	0.0	0.022966993656	0.0	0.003464529151	0.0	0.039025134302	0.000309200112	0.005650720235	0.000989424384	0.009951896135	0.000783290352	0.001402363782	2.0612592e-05	0.011568921219	0.000133981536	0.003495479449	0.000226737576	0.008124154616	5.161475e-05	0.00470096491
0.0	0.0	0.0	0.0	0.0	0.0	0.0	0.0	0.0	8.2643065e-05	0.0	0.000442576003	0.0	0.003475338683	0.0	0.016824780785	0.000298882272	0.005679236323	0.000979094688	0.010117033996	0.000752368032	0.001464364153	1.0306608e-05	0.010929175567	0.000123674928	0.003556335967	0.000288572232	0.008112131228	7.2261625e-05	0.004577356434
0.0	0.0	0.0	0.0	0.0	0.0	0.0	0.0	0.0	0.000123609146	0.0	0.000442403484	0.0	0.003475173113	0.0	0.016835501747	0.00029888664	0.005639832543	0.0009275604	0.009979845418	0.00081420144	0.001443757679	2.0614464e-05	0.010961300351	0.000133986528	0.003473680049	0.000226743504	0.008081349693	7.2260625e-05	0.004618050667
0.0	0.0	0.0	0.0	0.0	0.0	0.0	0.0	0.0	6.1730712e-05	0.0	0.000421870998	0.0	0.003392383684	0.0	0.016814742666	0.000309189504	0.005731639189	0.000948173616	0.010076261703	0.000783280368	0.001402529171	1.0306608e-05	0.010990652717	0.000123678048	0.003484567288	0.000288584088	0.008092557777	6.1938125e-05	0.004514473439
0.0	0.00094830001	0.000649314432	0.000381695011	2.0613528e-05	9.2884423e-05	0.0	0.000103025682	1.0307232e-05	9.2874035e-05	0.0	0.023061073922	1.0306296e-05	0.003413485856	0.0	0.039060229493	0.000278271552	0.005793029314	0.0009481992	0.009994579546	0.000834822768	0.0023101222	2.0613216e-05	0.01089844504	0.000144291264	0.003474239791	0.00024736296	0.00813321371	6.1938625e-05	0.004535372094
0.0	0.0	0.0	0.0	0.0	0.0	0.0	0.0	0.0	0.000102905129	0.0	0.000463121673	0.0	0.003475155498	0.0	0.016813124719	0.000247352352	0.005669007845	0.000989403168	0.009958430203	0.000824508672	0.00142292546	2.0612592e-05	0.011001165843	0.00012367992	0.003525708835	0.000267968376	0.008081316441	6.1937625e-05	0.004629323544
0.0	0.000947853006	0.000690522768	0.000351040803	1.0306296e-05	0.000103180428	0.0	7.2194884e-05	0.0	9.2934633e-05	0.0	0.022969846152	0.0	0.003444583933	0.0	0.039168553713	0.000278273424	0.005720858284	0.001010020752	0.010161913241	0.000762669024	0.001474611654	1.0306608e-05	0.010979718229	0.000123676176	0.003504016525	0.000278268432	0.008176028175	6.19395e-05	0.004680112677
0.0	0.000907491684	0.000690525576	0.000391920285	3.0918888e-05	8.2552491e-05	0.0	9.2800474e-05	1.0306296e-05	0.000103310134	0.0	0.023019375187	1.0306296e-05	0.003464664044	0.0	0.039088066005	0.000288578784	0.005670017753	0.000968796192	0.010003359951	0.000834820896	0.001422888857	2.0612592e-05	0.010991532741	0.000113368944	0.003516693842	0.000278267808	0.008143370411	5.161475e-05	0.004691154623
0.0	0.0	0.0	0.0	0.0	0.0	0.0	0.0	0.0	0.000103273471	0.0	0.000473275735	0.0	0.00346538615	0.0	0.016824155978	0.000267965568	0.005649388518	0.000958482096	0.009990824632	0.000824501808	0.001443533257	1.0306608e-05	0.010980473946	0.00012367368	0.003513267611	0.000257653032	0.00812295009	6.1939125e-05	0.004680546427
0.0	0.001650009057	0.000690549912	0.001256413312	0.00014428908	0.000484754331	0.0	0.000123880669	1.0306296e-05	9.264957e-05	0.0	0.027594379348	0.0	0.007464278868	0.0	0.039030514934	0.000309193248	0.011270900293	0.000989421264	0.010436165161	0.000906975888	0.006659404355	8.2451616e-05	0.010993279399	0.000113370816	0.003537003563	0.000247352976	0.008638180819	6.1938625e-05	0.004700738279
0.0	0.0	0.0	0.0	0.0	0.0	0.0	0.0	0.0	0.000113314227	0.0	0.000442481154	0.0	0.003475156341	0.0	0.016855959942	0.00030918888	0.005772575335	0.0009378876	0.009889615066	0.000845118768	0.002298277255	1.0306608e-05	0.011051704574	0.000123678672	0.003515526603	0.000257666136	0.008152367389	7.226125e-05	0.004689621575
0.0	0.0	0.0	0.0	0.0	0.0	0.0	0.0	0.0	0.001494201389	0.0	0.00114453367	0.000381325464	0.007620964086	0.0	0.016886600706	0.000319494864	0.011774576913	0.000979109664	0.011168248327	0.000896670528	0.009127353732	0.000113370816	0.010971004908	0.00011337144	0.003535852797	0.000288577536	0.011567946913	6.1937875e-05	0.004587573048
0.0	0.000958431676	0.000680216472	0.000412218969	2.0612592e-05	8.2510578e-05	0.0	0.000113297159	1.0307232e-05	7.2290431e-05	0.0	0.023017807678	1.0306296e-05	0.003474767675	0.0	0.039100668358	0.000278271552	0.005710044642	0.000958480848	0.010066787698	0.000814207056	0.001443613404	0.0	0.010990885549	0.000133985904	0.003515243455	0.000247358904	0.008113927117	5.1616e-05	0.004576505656
0.0	0.0	0.0	0.0	0.0	0.0	0.0	0.0	0.0	0.000113241448	0.0	0.000452563132	0.0	0.00345492756	0.0	0.01684531465	0.00028857816	0.005711410477	0.000937872624	0.01002288529	0.00084512376	0.001381904373	1.0306608e-05	0.011154595703	0.000103061712	0.003566179888	0.000298878216	0.008154776626	5.16145e-05	0.004762660144
0.0	0.0	0.0	0.0	0.0	0.0	0.0	0.0	0.0	0.000586948408	0.0	0.000452579784	0.0	0.005516147769	0.0	0.01683516687	0.000267965568	0.005690326069	0.000968785584	0.009973165414	0.00083482152	0.00140219388	1.0306608e-05	0.010907225135	0.000113372064	0.003475074301	0.000257660832	0.008101436073	7.2260375e-05	0.004649153881
0.0	0.0	0.0	0.0	0.0	0.0	0.0	0.0	0.0	0.000556257867	0.0	0.000431872762	0.0	0.005662889268	0.0	0.016844717011	0.000309190128	0.006278874549	0.000968808048	0.009929833017	0.000834812784	0.002751801721	1.0306608e-05	0.011094907724	0.000154595376	0.003525908108	0.00022673976	0.008071666449	6.193725e-05	0.004732092357
0.0	0.0	0.0	0.0	0.0	0.0	0.0	0.0	0.0	9.2913886e-05	0.0	0.00055602271	0.0	0.003475354561	0.0	0.022883408857	0.000329811456	0.005660697323	0.000989419392	0.009943973118	0.00079358136	0.001412592784	2.0612592e-05	0.016907626983	0.000133980288	0.003516410133	0.000237041688	0.008279528528	5.16145e-05	0.004979856445
0.0	0.00098943984	0.000638992224	0.000371412165	2.0612592e-05	7.2116975e-05	0.0	9.266257e-05	0.0	9.2870221e-05	0.0	0.022927914326	1.0306296e-05	0.00345462424	0.0	0.039118496739	0.000329805216	0.005721062843	0.000968793072	0.009920004903	0.000783290352	0.001453839951	2.0613216e-05	0.010949773936	0.000144288768	0.003514879397	0.000247349232	0.008123020406	8.2584375e-05	0.004566163969
0.0	0.000824588188	0.000752364288	0.000371185108	2.0612592e-05	8.2514636e-05	0.0	9.2724648e-05	0.0	0.00014417886	0.0	0.022957345151	0.0	0.003454961174	0.0	0.039098924734	0.000288586272	0.005629152153	0.000906973392	0.010012595878	0.000824516784	0.001412501813	2.0612592e-05	0.011061810474	0.000123674928	0.003555963394	0.000237043872	0.008040774653	6.19375e-05	0.004638685124
0.0	0.0	0.0	0.0	0.0	0.0	0.0	0.0	0.0	7.2308582e-05	0.0	0.000452866224	0.0	0.003423749276	0.0	0.016823759201	0.000288575664	0.005648540173	0.000999719136	0.010126487278	0.00075236928	0.001350752174	1.0306608e-05	0.011032476914	0.000113372064	0.003516394545	0.000267971496	0.008164559569	6.19375e-05	0.004566822526
0.0	0.0	0.0	0.0	0.0	0.0	0.0	0.0	0.0	0.000597556227	0.0	0.000462808439	0.0	0.00557806594	0.0	0.016793710233	0.000278278416	0.005670895007	0.000917275008	0.009980538461	0.000845122512	0.001371362961	1.0306608e-05	0.011103743069	9.2755104e-05	0.003576207385	0.000309186072	0.008093097868	5.16145e-05	0.00464972564
0.0	0.0	0.0	0.0	0.0	0.0	0.0	0.0	0.0	0.000473634466	0.0	0.000422078935	0.0	0.005536697449	0.0	0.016783192491	0.00031949424	0.005721742543	0.000989416272	0.009858943934	0.000803899824	0.001474521281	2.0612592e-05	0.011085616341	0.000133986528	0.003474965635	0.000257663952	0.008144032983	5.161525e-05	0.004720969608
0.0	0.000906610905	0.000721441656	0.000402060168	1.0306296e-05	7.2270869e-05	0.0	8.2422152e-05	1.0306296e-05	0.000103286797	0.0	0.022986947131	0.0	0.003464773411	0.0	0.039035455105	0.000257661456	0.005679038087	0.001010022	0.010065998312	0.000814210176	0.001371589407	1.0306608e-05	0.011133247496	0.00010306608	0.003495251847	0.000257664264	0.008124652736	6.19395e-05	0.004658701248
0.0	0.0	0.0	0.0	0.0	0.0	0.0	0.0	0.0	0.00011341211	0.0	0.000411539649	0.0	0.003443409723	0.0	0.016833901103	0.000298885392	0.005711614139	0.000917265648	0.009977015635	0.000855424752	0.001412710871	1.0306608e-05	0.010889152484	0.00013398528	0.003494316364	0.000257667384	0.008092288166	7.22595e-05	0.004607261433
0.0	0.0	0.0	0.0	0.0	0.0	0.0	0.0	0.0	0.000525542653	0.0	0.000452759075	0.0	0.005526362573	0.0	0.016834518046	0.00027826968	0.005639168196	0.000979095936	0.010074549545	0.000783277248	0.001412526649	1.0306608e-05	0.010908511038	0.000113367696	0.003516137455	0.00024734736	0.008153726387	5.16145e-05	0.004628630582
0.001515021768	0.001731278652	0.001515050784	0.003194835471	0.00051532884	0.002227053761	0.0	0.0	0.0	0.002794646259	0.0	0.002515779546	0.000917257536	0.018685303555	0.001566562608	0.019042694624	0.000927564144	0.020002417478	0.00097910592	0.026920872567	0.000906975264	0.020773733251	0.00093788448	0.0140033471	0.000968809296	0.004217761404	0.000288577536	0.012866655642	6.1938125e-05	0.006308721434
0.0	0.0	0.0	0.0	0.0	0.0	0.0	0.0	0.0	0.000103276751	0.0	0.000452640292	0.0	0.003465220803	0.0	0.019370324967	0.000267974928	0.005690050747	0.00098941752	0.010115939221	0.000834815904	0.001412547817	1.0306608e-05	0.011051122044	0.000113367696	0.003506313671	0.000267960888	0.008113716849	7.22605e-05	0.004731432456
0.0	0.0	0.0	0.0	0.0	0.0	0.0	0.0	0.0	8.2639785e-05	0.0	0.000453220667	0.0	0.003495990801	0.0	0.019390614767	0.000288585648	0.005626970066	0.000989416272	0.009953994033	0.000814205808	0.001443500861	2.0612592e-05	0.010907043755	0.000123674304	0.003526102612	0.000267962136	0.008052066541	6.1938e-05	0.004711612656
0.0	0.0	0.0	0.0	0.0	0.0	0.0	0.0	0.0	0.000133898658	0.0	0.000432076754	0.0	0.003433976704	0.0	0.016824603846	0.000298891632	0.005669315487	0.000917277504	0.009974116853	0.000845122512	0.001391853872	1.0306608e-05	0.010898755417	0.000133979664	0.003505217538	0.000247349544	0.008061094907	7.226075e-05	0.00458754468
0.0	0.000979307661	0.000638992224	0.00040185707	1.0306296e-05	8.2490774e-05	0.0	7.2239694e-05	0.0	7.2030945e-05	0.0	0.022927455176	0.0	0.003475421512	0.0	0.039004368836	0.000319498608	0.005691214602	0.000989421264	0.00991937163	0.000762675264	0.001423026876	2.0612592e-05	0.01094082583	0.000144291888	0.003536909489	0.000267973992	0.008113935589	6.1937125e-05	0.004700510534
0.0	0.0	0.0	0.0	0.0	0.0	0.0	0.0	0.0	0.000545627499	0.0	0.000472924798	0.0	0.005588975477	0.0	0.016772659093	0.000257659584	0.005732828463	0.00096880056	0.010044845846	0.000824509296	0.002288248711	1.0306608e-05	0.01100257095	9.2759472e-05	0.003525731527	0.000288583776	0.008235171893	5.161575e-05	0.004670066073
0.0	0.0	0.0	0.0	0.0	0.0	0.0	0.0	0.0	6.2009584e-05	0.0	0.000442596203	0.0	0.003393455966	0.0	0.0168550953	0.000309191376	0.00562795812	0.000968792448	0.010104349753	0.000752368656	0.001412913807	1.0306608e-05	0.01095929482	0.000123674928	0.00350457711	0.000288574728	0.008112504878	6.1937875e-05	0.004536075751
0.0	0.0	0.0	0.0	0.0	0.0	0.0	0.0	0.0	7.234448e-05	0.0	0.000453103938	0.0	0.003443848608	0.0	0.016824746965	0.000319495488	0.005649312044	0.000968790576	0.010006989153	0.00081420144	0.001505314897	2.0612592e-05	0.01095136903	0.000113373312	0.003496453484	0.000267968688	0.008071484522	6.1938125e-05	0.004732808876
0.0	0.0	0.0	0.0	0.0	0.0	0.0	0.0	0.0	0.0005255534	0.0	0.000411604634	0.0	0.005538335168	0.0	0.01683610151	0.00029888352	0.005713347204	0.000979092816	0.009859137434	0.000824506176	0.001464105436	1.0306608e-05	0.011115106613	0.00016490448	0.003526703427	0.000216441888	0.008060775874	7.226075e-05	0.004680153819
0.0	0.0	0.0	0.0	0.0	0.0	0.0	0.0	0.0	9.2601454e-05	0.0	0.000514345265	0.0	0.003413794665	0.0	0.022884086674	0.000309196368	0.005690726369	0.000948200448	0.010058093419	0.000824499936	0.001412593851	1.0306608e-05	0.017001933826	0.000133981536	0.003516082997	0.000247349232	0.008226420594	6.19385e-05	0.004824695106
0.0	0.0	0.0	0.0	0.0	0.0	0.0	0.0	0.0	0.000123522624	0.0	0.000452619721	0.0	0.003474959618	0.0	0.016804123069	0.000288580656	0.005731849315	0.00095848272	0.01002233922	0.000834813408	0.001423273472	1.0306608e-05	0.01109140346	0.00010306608	0.003525393187	0.00029888664	0.008082914239	6.1938125e-05	0.004731039404
0.0	0.0	0.0	0.0	0.0	0.0	0.0	0.0	0.0	0.00050438597	0.0	0.000452972263	0.0	0.005517334254	0.0	0.016834034465	0.000298882896	0.005690186303	0.000989400672	0.010074152972	0.000721447584	0.001402273822	2.0612592e-05	0.010969526949	0.000113372064	0.003505899721	0.00027827748	0.008102520698	6.1937625e-05	0.004577325283
0.0	0.0	0.0	0.0	0.0	0.0	0.0	0.0	0.0	0.000474065328	0.0	0.000432160346	0.0	0.005516542722	0.0	0.019401426016	0.000319502976	0.005700279916	0.00094819296	0.010075187646	0.00076267464	0.001423149775	2.0612592e-05	0.010980920477	0.000123674928	0.003515398031	0.000288574416	0.008081980044	6.1938e-05	0.004546802707
0.0	0.0	0.0	0.0	0.0	0.0	0.0	0.0	0.0	6.2009584e-05	0.0	0.000442512661	0.0	0.003474520776	0.0	0.016815049472	0.000298881648	0.005679378918	0.00099970416	0.009931907855	0.000814203936	0.001454038784	2.0612592e-05	0.010886540595	0.00012367992	0.003495924301	0.000267968064	0.008114729398	6.1937875e-05	0.004691202505
0.0	0.000885842851	0.000752360544	0.000412348252	1.0306296e-05	9.2819889e-05	0.0	0.00011314847	1.0307232e-05	0.000133918777	0.0	0.023000037934	0.0	0.003474992632	0.0	0.03906906585	0.000298888512	0.005743075637	0.000958497696	0.009921487209	0.000855432864	0.00142314786	1.0306608e-05	0.01106218038	9.276072e-05	0.003474328524	0.00028858596	0.008123219588	7.2260625e-05	0.004667991059
0.0	0.0	0.0	0.0	0.0	0.0	0.0	0.0	0.0	8.2532422e-05	0.0	0.000401139798	0.0	0.00344427117	0.0	0.016835462162	0.000298884768	0.005690323229	0.000948168	0.010047322113	0.000824508048	0.001433299728	1.0306608e-05	0.010959975056	0.000123677424	0.003483147899	0.00027827904	0.008081733982	6.193675e-05	0.00455540308
0.0	0.0	0.0	0.0	0.0	0.0	0.0	0.0	0.0	8.2643478e-05	0.0	0.00045287239	0.0	0.00351642516	0.0	0.016792663323	0.000267963072	0.005761714489	0.000979108416	0.010137250246	0.000772980624	0.001381713335	1.0306608e-05	0.010971414634	0.000113372064	0.00351621091	0.0002576652	0.008175102753	6.193875e-05	0.004618454475
0.0	0.000958990696	0.000680216472	0.000412634042	3.0918888e-05	9.287878e-05	0.0	0.000102950729	1.0306296e-05	9.2970825e-05	0.0	0.023021356258	1.0307232e-05	0.003464979636	0.0	0.039049181445	0.000298884768	0.005648665045	0.000979100928	0.009938649727	0.00084512688	0.001443616431	2.0614464e-05	0.010970259409	0.000113373936	0.003516624127	0.000267970248	0.008070901654	6.193825e-05	0.004700974107
0.0	0.0	0.0	0.0	0.0	0.0	0.0	0.0	0.0	0.000103276959	0.0	0.000462968203	0.0	0.004031047886	0.0	0.016854826726	0.00025765896	0.007774824488	0.000937878864	0.010136414139	0.0009481836	0.004607917592	9.2756976e-05	0.011063256172	9.2758224e-05	0.003485442492	0.00028857816	0.008205015597	5.1614625e-05	0.004699876183
0.0	0.0	0.0	0.0	0.0	0.0	0.0	0.0	0.0	0.000597350207	0.0	0.000452460364	0.0	0.005568905669	0.0	0.016793328899	0.000309192	0.005731881295	0.000896655552	0.01002988859	0.000834814032	0.001423162268	1.0306608e-05	0.011105640874	0.000113372688	0.003525908062	0.000278278104	0.008103153308	6.1938e-05	0.004658361991
0.0	0.0009272186	0.000721446336	0.000361353515	1.0306296e-05	0.000381660921	0.0	8.2446764e-05	1.0306296e-05	9.262802e-05	0.0	0.022914324686	0.0	0.003475027864	0.0	0.03908593472	0.000267974928	0.005658522612	0.001020341712	0.010108508379	0.000772972512	0.001423216676	1.0306608e-05	0.01694733211	0.000103062336	0.003515554774	0.000288577224	0.00831936601	6.1937375e-05	0.004917248855
0.0	0.0	0.0	0.0	0.0	0.0	0.0	0.0	0.0	0.000103052135	0.0	0.000421556771	0.0	0.003464974369	0.0	0.016835698563	0.000329804592	0.005710183577	0.000948168624	0.009817690772	0.000845124384	0.001453865669	1.0306608e-05	0.011051500059	0.000133984032	0.003494235611	0.000237052608	0.008144804277	8.2583125e-05	0.004648232854
0.0	0.000855750406	0.000731754504	0.000381769436	2.0612592e-05	9.2691732e-05	0.0	9.2731573e-05	0.0	0.000133987615	0.0	0.022997287924	0.0	0.003444561435	0.0	0.03916151617	0.000278275296	0.005628360885	0.00091726128	0.010023541697	0.00084513312	0.001402334674	2.0613216e-05	0.011031746962	0.000113373312	0.003494619596	0.000267969624	0.008050762175	7.2261375e-05	0.004576032109
0.000103062024	0.0	0.0	0.0	0.0	0.001701631301	0.0	0.0	0.0	0.003371480509	0.0	0.001421910633	0.000845116272	0.009361042271	0.000772964712	0.016907451386	0.00030918888	0.01464213871	0.000906963408	0.011381593566	0.000968808672	0.014821360484	0.000113369568	0.0117144083	0.000824517408	0.003659323947	0.000288577224	0.012794296114	5.1615125e-05	0.005205945584
0.0	0.0	0.0	0.0	0.0	0.0	0.0	0.0	0.0	0.000607645681	0.0	0.00044250685	0.0	0.00549517449	0.0	0.019431442672	0.00026797056	0.005721432172	0.00093789072	0.009996376221	0.00085542912	0.001371537934	1.0306608e-05	0.011514603901	0.000123674304	0.003454050159	0.000257655528	0.008061783931	7.2260875e-05	0.004576492511
0.0	0.002196374039	0.00076268088	0.001226825559	0.000133984656	0.000556798185	0.0	0.000401787053	4.1225184e-05	0.001866292435	0.000917268768	0.040106673976	0.000463779576	0.007549019466	0.0	0.039048445582	0.000298885392	0.011765697052	0.000906972144	0.011043499102	0.000958515168	0.009251132886	9.2758848e-05	0.01108365228	0.000133984032	0.003505917507	0.000216435336	0.011535806869	8.258425e-05	0.004618100047
0.0	0.000845177592	0.000772975008	0.000412213431	2.0612592e-05	8.2498976e-05	0.0	7.1968985e-05	0.0	0.000144279803	0.0	0.022885975494	0.0	0.003413274506	0.0	0.039016791667	0.00031950048	0.005619226568	0.00091725816	0.009968649294	0.00082451304	0.001443725346	2.0612592e-05	0.011000335571	0.000144291264	0.003495125042	0.000226745688	0.008031266735	7.2261e-05	0.004587493768
0.0	0.0	0.0	0.0	0.0	0.0	0.0	0.0	0.0	0.000566767439	0.0	0.000483473974	0.0	0.005578168604	0.0	0.016815769345	0.00025765896	0.005649588992	0.000937872	0.010022165223	0.000845128752	0.001402396185	1.0306608e-05	0.011041979249	9.2759472e-05	0.003535773498	0.000298887264	0.008205441357	5.161575e-05	0.004690994463
0.0	0.0	0.0	0.0	0.0	0.0	0.0	0.0	0.0	6.2009792e-05	0.0	0.000421881046	0.0	0.007411469316	0.0	0.01678409379	0.000309189504	0.011241805382	0.000948192336	0.010575328105	0.000937889472	0.006691527692	9.2756352e-05	0.010959974413	0.00013398216	0.003464002641	0.000278268744	0.008648749343	6.193825e-05	0.004566972546
0.0	0.0	0.0	0.0	0.0	0.0	0.0	0.0	0.0	0.000474038958	0.0	0.00043211564	0.0	0.005547230019	0.0	0.016803596035	0.000319495488	0.005690297888	0.000989399424	0.009911566569	0.000824510544	0.001433296119	1.0306608e-05	0.011032719768	0.00012367992	0.003528007886	0.000257661768	0.008144480207	6.1938e-05	0.004689745249
0.0	0.000906543746	0.000721476288	0.000422622791	1.0307232e-05	8.2575202e-05	0.0	7.2124123e-05	1.0306296e-05	0.000113570013	0.0	0.022947257891	0.0	0.003495955501	0.0	0.039045826925	0.000257659584	0.006184805883	0.001030647072	0.010127106914	0.000783284736	0.002608351507	1.0306608e-05	0.011063372359	0.00010306608	0.003515099479	0.000267967752	0.008153442006	6.19395e-05	0.004679863679
0.0	0.000845185888	0.00074205612	0.000402082765	2.0612592e-05	6.1849683e-05	0.0	0.000113292231	0.0	0.000133967861	0.0	0.022875038043	0.0	0.003423166718	0.0	0.038995016706	0.000298886016	0.005659668624	0.000906951552	0.009941624413	0.000845121888	0.001443517813	2.0613216e-05	0.010990863053	0.000154594752	0.003473695994	0.000216430656	0.008091828381	7.226125e-05	0.004556407699
0.0	0.0	0.0	0.0	0.0	0.0	0.0	0.0	0.0	0.000535874071	0.0	0.000463377233	0.0	0.005537969178	0.0	0.016845398922	0.000257660208	0.005681587437	0.0009997104	0.01000343236	0.000803898576	0.001474588918	1.0306608e-05	0.010999163184	0.000123674304	0.003485335799	0.00027826656	0.008082485613	6.1938875e-05	0.004670707847
0.0	0.0	0.0	0.0	0.0	0.0	0.0	0.0	0.0	0.000103108538	0.0	0.000421376836	0.0	0.003475587775	0.0	0.016793600252	0.000319504848	0.00573065858	0.000958500816	0.009859761332	0.000814202688	0.001464218624	1.0306608e-05	0.010999962112	0.000144286896	0.003494683913	0.00021643128	0.008122613217	9.29075e-05	0.004649248153
0.0	0.000855849018	0.00073175544	0.000381676925	3.0918888e-05	8.2504184e-05	0.0	9.27167e-05	0.0	0.000113615487	0.0	0.022958258087	0.0	0.003423991559	0.0	0.039172399834	0.000267968064	0.005719451986	0.000937888224	0.010025357678	0.000834823392	0.001433229672	2.0613216e-05	0.011033220456	0.000113373936	0.0035154663	0.000278278728	0.008113029304	6.1937875e-05	0.004628031199
0.0	0.0	0.0	0.0	0.0	0.0	0.0	0.0	0.0	8.2553063e-05	0.0	0.000411274203	0.0	0.003484959517	0.0	0.016813462775	0.000298882896	0.005742731274	0.000989396928	0.009858306641	0.000803891088	0.001443696127	2.061384e-05	0.011031790176	0.000144291264	0.00352612259	0.000237053544	0.008050919906	6.1937875e-05	0.004700465598
0.0	0.0	0.0	0.0	0.0	0.0	0.0	0.0	0.0	0.000123573421	0.0	0.000452739649	0.0	0.003444011654	0.0	0.016794715004	0.000288578784	0.005679318162	0.000948172992	0.009993089827	0.000824514288	0.001433297644	1.0306608e-05	0.010909796923	0.000123679296	0.00348489515	0.000247356408	0.008112260692	7.226075e-05	0.004628863442
0.0	0.0	0.0	0.0	0.0	0.0	0.0	0.0	0.0	0.000587301864	0.0	0.000421712964	0.0	0.005536977519	0.0	0.016854620443	0.000309194496	0.005681577905	0.00093786576	0.009995592071	0.000834812784	0.001433322633	1.0307232e-05	0.010916908896	0.000123678048	0.003484301298	0.000278276856	0.008072696756	6.1936875e-05	0.004575924057
0.0	0.0	0.0	0.0	0.0	0.0	0.0	0.0	0.0	0.000103131351	0.0	0.000411402177	0.0	0.003412993648	0.0	0.016844320058	0.000288580032	0.005659724724	0.000937880736	0.010026444174	0.000845118144	0.001402400343	1.0305984e-05	0.010949801195	0.00014429064	0.003494006114	0.000257667696	0.008133581476	6.193675e-05	0.004586844994
0.0	0.001000014987	0.000690522768	0.000381462618	2.0612592e-05	7.225026e-05	0.0	8.2588813e-05	1.0307232e-05	7.2314185e-05	0.0	0.022927498703	1.0306296e-05	0.003443948208	0.0	0.03899489558	0.000329803344	0.005670943415	0.00098940504	0.009930597051	0.00079359384	0.001433372591	2.0613216e-05	0.01088825981	0.000133986528	0.00354618005	0.000267973056	0.008082132418	6.1938e-05	0.004679290597
0.0	0.0	0.0	0.0	0.0	0.0	0.0	0.0	0.0	0.000782657528	0.0	0.000946856465	0.0	0.003475700148	0.0	0.025947317494	0.000278279664	0.005691912463	0.000948187344	0.009974917445	0.0008141952	0.001474471183	1.0306608e-05	0.021350586637	0.00011336832	0.003535174397	0.000278266248	0.008752749452	6.19375e-05	0.006331297019
0.0	0.000958341711	0.000680220216	0.000381637311	1.0306296e-05	0.000103193591	0.0	0.000102936408	1.0306296e-05	6.1738683e-05	0.0	0.023010256392	0.0	0.00347488633	0.0	0.03913932652	0.000288586896	0.005700847003	0.000948197952	0.010130617977	0.000814212048	0.001422864232	1.0306608e-05	0.011104358347	0.00013398216	0.003483919954	0.00026796432	0.008112098837	6.193825e-05	0.004608203671
0.00152533836	0.006751887163	0.001576889496	0.008422786357	0.001607815872	0.004845067864	0.001257393384	0.005310549501	0.000288585648	0.004228338386	0.001092477672	0.041198525978	0.001525337424	0.018795382371	0.001535646528	0.040454875431	0.000968792448	0.019921278039	0.00095850456	0.026787880549	0.000989432496	0.02083424571	0.000876054192	0.014168071102	0.000968814912	0.004196809654	0.000309194808	0.012856211026	6.1938125e-05	0.00639138373
0.0	0.0	0.0	0.0	0.0	0.0	0.0	0.0	0.0	0.000556345593	0.0	0.000411469035	0.0	0.005505492048	0.0	0.016835200379	0.000298884144	0.005732127158	0.000937864512	0.00996458999	0.0008348184	0.001453841452	2.0612592e-05	0.010897314572	0.000123674304	0.003443522617	0.000267961824	0.00808356624	7.2259625e-05	0.004607612061
0.0	0.0	0.0	0.0	0.0	0.0	0.0	0.0	0.0	6.1966981e-05	0.0	0.000411618168	0.0	0.003423734865	0.0	0.016794259164	0.000309189504	0.006217175875	0.000948191712	0.010035687447	0.000803897952	0.002691262427	0.0	0.010950521013	0.000123677424	0.003453712632	0.000278271552	0.008083397692	6.193825e-05	0.004535719305
