0.0	0.0	0.0	0.0	0.0	0.0	0.0	0.0	0.0	0.0	0.0	2.7812357e-05	0.0	0.002505062086	0.0	0.000175390457	0.0	0.007999827091	0.001331164848	0.011249117844	0.001331187312	0.003727832467	0.001506808368	0.011014585744	0.000499192512	0.004078291877	7.3952424e-05	0.010364848705	0.000120367625	0.012178347344
0.000129417912	4.6190357e-05	0.0	0.0	0.0	0.0	0.0	0.0	0.0	0.0	0.0	0.000823835328	0.0	0.002468119623	0.0	0.000194249211	0.0	0.008017695028	0.001257224592	0.011236324417	0.001386628464	0.003736524296	0.001497591888	0.011021306052	0.000499202496	0.004030620206	7.3952112e-05	0.010346510559	0.000129626	0.011965707954
0.0	0.0	0.0	0.0	0.0	0.0	0.0	0.0	0.0	0.0	0.0	0.0	0.0	0.002495685832	0.0	0.000203181977	0.0	0.008008612165	0.001238734848	0.011247278577	0.001349644608	0.003699653816	0.001516069152	0.011067516252	0.00046221864	0.004087858605	9.2440296e-05	0.010364268042	0.0001388855	0.011993803917
0.0	0.0	0.0	0.0	0.0	0.0	0.0	0.0	0.0	0.0	0.0	1.8562928e-05	0.0	0.00246797655	0.0	0.000175184504	0.0	0.008054846721	0.00134041752	0.011217675166	0.00130342992	0.003718181396	0.001590023136	0.011012539907	0.000443742	0.004151429701	3.6976056e-05	0.010391895031	0.000129628	0.012021709425
0.0	0.0	0.0	0.0	0.0	0.0	0.0	0.0	0.0	1.8513932e-05	0.0	9.281464e-06	0.0	0.002616246912	0.0	0.000175415556	0.0	0.007971555682	0.001349656464	0.011223841362	0.001340435616	0.003728071983	0.001571514672	0.011067345837	0.000462214272	0.004023210861	3.6976056e-05	0.01034753766	0.000138885625	0.012047793703
0.000342030312	0.000952049232	0.0	0.0	0.0	0.0	0.0	0.0	0.0	0.0	0.0	0.000869919002	0.0	0.003162694994	0.0	0.000526798517	0.0	0.012107136981	0.00145133352	0.011283449225	0.001358914752	0.014006648881	0.001497553824	0.011125062511	0.000480696528	0.004290906632	0.000268083192	0.01264136961	0.000120367	0.012031231377
0.0	0.0	0.0	0.0	0.0	0.0	0.0	0.0	0.0	0.0	0.0	1.8562154e-05	0.0	0.002486223345	0.0	0.000193745738	0.0	0.008046852221	0.001294180368	0.011246232073	0.001349670816	0.003709181708	0.001562259504	0.011078000871	0.000452966592	0.004125171942	5.54658e-05	0.010373304408	0.000129627375	0.011983707141
0.0	0.0	0.0	0.0	0.0	0.0	0.0	0.0	0.0	2.7731764e-05	0.0	9.281206e-06	0.0	0.002671625474	0.0	0.000203141006	0.0	0.007991335587	0.001303443024	0.011237280785	0.001358896656	0.003690306589	0.001553030544	0.011058045636	0.000462216768	0.004088222063	7.3952112e-05	0.0103833086	0.00012962675	0.012058290007
0.0	0.0	0.0	0.0	0.0	0.0	0.0	0.0	0.0	0.0	0.0	2.7820804e-05	0.0	0.002625368951	0.0	0.00018492799	0.0	0.008839093689	0.001386627216	0.011245871627	0.001284971376	0.004226713289	0.00161772624	0.011096464147	0.000471451344	0.004097993347	3.697668e-05	0.010319003716	0.000138885375	0.012003794795
0.0	0.0	0.0	0.0	0.0	0.0	0.0	0.0	0.0	0.0	0.0	1.8531323e-05	0.0	0.002467933664	0.0	0.000185041807	0.0	0.008000270472	0.001340422512	0.011225518575	0.001340407536	0.00367173395	0.001497563184	0.010995777299	0.000480705264	0.004068174174	4.6219992e-05	0.010273498641	0.000120366375	0.012012873715
0.0	0.0	0.0	0.0	0.0	0.0	0.0	0.0	0.0	0.0	0.0	2.7812787e-05	0.0	0.002495846313	0.0	0.00016636301	0.0	0.008045744244	0.001331157984	0.011312191251	0.001340431248	0.003755345203	0.00153453768	0.011050240673	0.0004622124	0.004105964731	6.4710048e-05	0.010309329877	0.000120367625	0.012076486088
0.00273638664	0.006102538866	0.000240354504	0.001303638753	5.5465488e-05	0.00231172362	0.000388253736	0.002255414025	1.8487872e-05	0.000388425007	2.7732744e-05	0.032821963149	0.0	0.006499971612	0.000203373144	0.037873451617	9.243936e-06	0.010710019424	0.0017009616	0.011237442824	0.001904314464	0.003810766389	0.001553041776	0.020731546589	0.000443725776	0.004078272877	8.3200416e-05	0.010726074791	0.000129627375	0.012345223573
0.00273628368	0.00536225253	0.00022186008	0.001239168641	0.000110930976	0.002292932664	0.000351277992	0.002301881751	1.8487872e-05	0.000453066389	9.243936e-06	0.032671745136	0.0	0.006554892702	0.000203371272	0.03788965687	0.0	0.010717964686	0.00183960192	0.011247238852	0.001765684752	0.0037368927	0.001580764224	0.01104797257	0.000462214896	0.004162059724	4.6220928e-05	0.010293473048	0.000111109	0.01205714242
0.003059898192	0.009170957223	0.000388261224	0.001220475842	9.2442168e-05	0.003653047491	0.000314301312	0.00231991588	3.6975744e-05	0.009530066476	1.8488808e-05	0.03263284719	0.0	0.006620234136	0.000184884336	0.037835024122	0.0	0.010673352879	0.00185811288	0.011793887687	0.001821113424	0.003801280412	0.001534552656	0.027520523374	0.000489944832	0.004197475969	5.546736e-05	0.012065244747	0.00014814625	0.013890435763
0.002727104328	0.005380570668	0.00038826216	0.001257717886	0.000129418848	0.00227472059	0.000332789184	0.002310676491	1.8487872e-05	0.000425198933	9.243936e-06	0.032680866229	0.0	0.006546656708	0.000194128272	0.037823321291	0.0	0.010710090506	0.001848865824	0.011225681989	0.001784135808	0.003884644277	0.00159004872	0.015183229254	0.000452968464	0.004151912657	4.6222488e-05	0.010310892196	0.000138886125	0.012039549556
0.0	0.0	0.0	0.0	0.0	0.0	0.0	0.0	0.0	9.23924e-06	0.0	2.7784171e-05	0.0	0.003190924863	0.0	0.00048957896	0.0	0.01207484628	0.001497553824	0.011258375197	0.001303450512	0.013994754552	0.001534532064	0.011195611402	0.000471452592	0.004329034257	0.000277326816	0.012625097432	0.00012036725	0.012087252847
0.003032098056	0.005259663192	0.000351278928	0.001239031364	9.2442168e-05	0.002349024856	0.00029581344	0.002274133934	2.7731808e-05	0.000379110011	1.8487872e-05	0.032782957568	0.0	0.006526980762	0.000184884336	0.037851978586	1.8487872e-05	0.01072696444	0.001811860752	0.011276296275	0.0018673668	0.003783338407	0.00152530248	0.011028620835	0.000489947952	0.004133135598	5.5466424e-05	0.01031053153	0.000129627125	0.012066574277
0.0	0.0	0.0	0.0	0.0	0.0	0.0	0.0	0.0	0.0	0.0	9.281378e-06	0.0	0.00246856592	0.0	0.00019384671	0.0	0.007981158676	0.001275709968	0.011167695989	0.001377376416	0.003699935812	0.001534565136	0.011440938457	0.00045296784	0.004088153555	7.3954608e-05	0.010338433897	0.0001388855	0.012085950479
0.003050588736	0.005270346809	0.000406745352	0.001257481122	0.000101686104	0.002302688592	0.000323546184	0.002274096121	2.7732744e-05	0.000388235593	1.8488808e-05	0.032816555477	0.0	0.00651786515	0.000184884336	0.037870602683	0.0	0.010718519732	0.001885827216	0.011291805481	0.001774926192	0.003727630832	0.001571523408	0.011023871017	0.000462217392	0.004124580377	3.6976368e-05	0.010317198627	0.000129626375	0.012011929412
9.2441232e-05	3.6957084e-05	0.0	0.0	0.0	0.0	0.0	0.0	0.0	0.0	0.0	0.000795543328	0.0	0.002458555655	0.0	0.000203266646	0.0	0.007971676784	0.001377393888	0.011253630393	0.001284939552	0.003773788867	0.001590026256	0.011103692813	0.00046221864	0.004104622435	4.6220304e-05	0.010292610221	0.0001203675	0.012105369987
0.002717791128	0.005380662993	0.000221861016	0.001276500421	6.4709424e-05	0.002338843818	0.000388253736	0.002301896513	9.243936e-06	0.000406882553	9.243936e-06	0.032726036053	9.243936e-06	0.006545649722	0.000184882464	0.037871252835	9.243936e-06	0.010718394231	0.00175642272	0.011321048774	0.001858093536	0.00370919287	0.001562281968	0.011002162895	0.000443730144	0.004095440327	8.3196984e-05	0.010328025734	0.000120367875	0.012030579405
0.0	0.0	0.0	0.008339075066	0.000305055504	5.5372575e-05	0.0	0.0	0.0	0.0	0.0	0.000638307627	0.0	0.024781510884	0.0	0.001673025955	0.000342041232	0.028133788984	0.001839585696	0.020135133763	0.001904306352	0.028497560314	0.001774873776	0.013493220093	0.001691681472	0.004967245286	0.000471452592	0.014397115328	0.000129632375	0.013798918415
0.0	0.002457711015	0.0	0.0	0.0	1.8517492e-05	0.0	0.0	0.0	0.004575327208	0.0	0.00402982284	0.0	0.002486798805	0.0	0.01798109038	0.0	0.008056337081	0.001358908512	0.011713761491	0.001321925904	0.003671721206	0.00156227448	0.02754767581	0.000462210528	0.004208070001	4.62228e-05	0.012075007265	0.000129627	0.013881987436
0.002736280872	0.005333925732	0.000415980864	0.001267051272	0.000138660912	0.002302862193	0.000332791056	0.002310675977	1.8489744e-05	0.000453007384	9.243936e-06	0.032636256653	0.0	0.006749003961	0.000194129208	0.03784787757	0.0	0.011503181751	0.001885810368	0.011229191117	0.001728707136	0.00463376935	0.00160850352	0.011058395716	0.000471458832	0.004087297334	4.622124e-05	0.010338841947	0.000120367125	0.012122894288
0.0	0.0	0.0	0.0	0.0	0.0	0.0	0.0	0.0	0.0	0.0	1.856267e-05	0.0	0.002431743583	0.0	0.006350358247	0.0	0.007981993343	0.001340418768	0.011238495902	0.001340415024	0.003625929719	0.001590038112	0.015064522283	0.000471455088	0.004151916227	4.62228e-05	0.010302373471	0.000129627875	0.012040520934
0.0	0.0	0.0	0.0	0.0	0.0	0.0	0.0	0.0	1.8477736e-05	0.0	9.281464e-06	0.0	0.002653178949	0.0	0.000166120594	0.0	0.008055659897	0.00123871488	0.011230450179	0.001395897984	0.003690572288	0.00155302368	0.011021029	0.000443724528	0.004107055861	8.3196672e-05	0.010291713802	0.00012036775	0.011938258776
0.0	0.0	0.0	0.0	0.0	0.0	0.0	0.0	0.0	0.0	0.0	1.8562842e-05	0.0	0.002672279535	0.0	0.00017516362	0.0	0.008046201	0.001358906016	0.011300366844	0.00132192216	0.003700255348	0.001590007536	0.011096404382	0.00045297096	0.0041336141	3.6976368e-05	0.010364120084	0.000120368125	0.012001209958
0.003032114904	0.005288564727	0.000369768672	0.006481724773	9.2442168e-05	0.003597111978	0.000295812504	0.003502627973	2.7734616e-05	0.004078037282	0.000758048616	0.041248395055	0.00201524544	0.012531318599	0.00300440556	0.038059651756	0.000342041856	0.019190665556	0.001848820272	0.011479799285	0.001830370464	0.023030514839	0.001516061664	0.012437865798	0.001460594928	0.004578056741	0.00045296784	0.014091961769	0.000120368125	0.012862675741
0.0	0.0	0.0	0.0	0.0	0.0	0.0	0.0	0.0	0.0	0.0	2.7815092e-05	0.0	0.002458976852	0.0	0.000175435906	0.0	0.008018108732	0.001377388896	0.011201529843	0.001294214064	0.003783543269	0.001626978912	0.011097136532	0.000480702144	0.004070116712	4.6219992e-05	0.010336911226	0.000138885375	0.012039341821
0.0	0.0	0.0	0.0	0.0	0.0	0.0	0.0	0.0	1.8477736e-05	0.0	9.281464e-06	0.0	0.002626063263	0.0	0.000212316351	0.0	0.008008575676	0.001238737344	0.011245442758	0.00137738328	0.00369992296	0.001516052304	0.01098463556	0.000443733264	0.004069883864	9.2439984e-05	0.010328895291	0.00012962625	0.011984598833
0.002727044424	0.005306002132	0.000249592824	0.001276278702	4.6220616e-05	0.002292914229	0.000388253736	0.002292466235	1.8487872e-05	0.000406953826	3.697668e-05	0.032821292897	9.243936e-06	0.006499217879	0.000203370336	0.037759937977	9.243936e-06	0.010643882381	0.001737909888	0.011218505523	0.001885857792	0.003737053533	0.001553031168	0.011135030696	0.000462214896	0.004097251445	6.4709424e-05	0.010357385035	0.000138887375	0.011963582648
0.002745632448	0.00532429273	0.00023111244	0.001276031633	6.4709424e-05	0.002283109366	0.000388254672	0.002273937814	1.8487872e-05	0.000425401568	9.243936e-06	0.032800558008	9.243936e-06	0.006500124955	0.000194130144	0.037878934101	9.243936e-06	0.010663646897	0.001774912464	0.011257172279	0.00183960192	0.003810497977	0.001543817808	0.011505411188	0.000462214272	0.00407842825	5.546736e-05	0.010321554703	0.000129628375	0.011958668233
0.000129416976	3.6924234e-05	0.0	0.0	0.0	0.0	0.0	0.0	0.0	0.0	0.0	0.000749319411	0.0	0.002468537568	0.0	0.00019391567	0.0	0.008054722693	0.001229490288	0.011290316699	0.001395864912	0.003717944966	0.001553047392	0.010995549535	0.000452975328	0.00402297726	7.39518e-05	0.010346956832	0.000138887125	0.011939525709
0.0	0.0	0.0	0.0	0.0	0.0	0.0	0.0	0.0	9.238868e-06	0.0	2.7839782e-05	0.0	0.002653247858	0.0	0.000175207263	0.0	0.008018095406	0.001331162976	0.011370113185	0.001331189184	0.003746563915	0.001488317376	0.011034578444	0.000508433328	0.004051193708	6.4709112e-05	0.010336649007	0.00012962575	0.01214136204
0.0	0.0	0.0	0.0	0.0	0.0	0.0	0.0	0.0	0.0	0.0	1.8562928e-05	0.0	0.002449748623	0.0	0.00018462419	0.0	0.007962089962	0.001321917792	0.011273456828	0.001368165552	0.003672166698	0.00157150968	0.01106961168	0.0004622124	0.004078641427	5.5464864e-05	0.010340030244	0.000129625625	0.012003482794
0.000101685168	2.7740564e-05	0.0	0.0	0.0	0.0	0.0	0.0	0.0	0.0	0.0	0.000749368549	0.0	0.002486607289	0.0	0.000221577912	0.0	0.007971543876	0.001368142464	0.011240627999	0.001331190432	0.003690523969	0.001599247104	0.011163815373	0.000480702144	0.004096442329	4.6219992e-05	0.010309984001	0.00013888375	0.011993504187
0.000147905784	3.692329e-05	0.0	0.0	0.0	0.0	0.0	0.0	0.0	0.0	0.0	0.000767827107	0.0	0.002477275551	0.0	0.000212160704	0.0	0.008018798052	0.001358893536	0.011226107907	0.00133118856	0.00363531776	0.001543777872	0.011032766441	0.000471456336	0.004105325127	5.5465488e-05	0.010337366032	0.00011110825	0.012031282291
0.0	0.0	0.0	0.000351535149	0.0	0.0	0.0	0.0	0.0	0.0	0.0	1.8536294e-05	0.0	0.006889241914	0.0	0.00093423214	0.0	0.019237576642	0.001525270656	0.01146206205	0.00179338224	0.023034713057	0.001571517168	0.012300338801	0.001488317376	0.004596235854	0.000434476224	0.014146640932	0.00012962625	0.012827610626
0.000101685168	3.6966815e-05	0.0	0.0	0.0	0.0	0.0	0.0	0.0	0.0	0.0	0.000758638446	0.0	0.002431307781	0.0	0.000221672261	0.0	0.008008958296	0.001377394512	0.011217838733	0.00130343304	0.003709541464	0.001599248976	0.011106223302	0.000452970336	0.004032089217	4.6220304e-05	0.010336108331	0.0001296255	0.012030098637
0.0	0.0	0.0	0.0	0.0	0.0	0.0	0.0	0.0	0.0	0.0	0.0	0.0	0.002495626696	0.0	0.000193458643	0.0	0.00801881507	0.001275707472	0.011294575021	0.00135892536	0.00370929709	0.001469833872	0.011078538026	0.000480700272	0.004105568168	8.3197608e-05	0.010327980902	0.00012962775	0.011982977162
0.0	0.0	0.0	0.0	0.0	0.0	0.0	0.0	0.0	1.8477736e-05	0.0	0.0	0.0	0.002634699563	0.0	0.000165939948	0.0	0.008037242098	0.001220223888	0.011227527694	0.001377403872	0.003737032114	0.001506799632	0.011125973784	0.00047145384	0.004078146076	5.5464552e-05	0.010291778313	0.000138884875	0.012048445114
0.0	0.0	0.0	0.0	0.0	0.0	0.0	0.0	0.0	2.7753163e-05	0.0	1.856826e-05	0.0	0.002921730933	0.0	0.000332348019	0.0	0.010735069638	0.001469829504	0.011294087072	0.00134043624	0.008788092789	0.001562265744	0.01101995261	0.000452969088	0.004096779134	5.5465488e-05	0.010911383855	0.0001203675	0.012002252537
0.002939655888	0.005213581014	0.00031429944	0.001257509867	7.3951488e-05	0.002247871307	0.000351277056	0.003493564703	1.8489744e-05	0.001202483637	0.000804255192	0.036473655479	0.0	0.00674870931	0.0001848834	0.03789653075	9.24456e-06	0.013262254911	0.001737920496	0.011200869845	0.001922832288	0.008932445907	0.001506811488	0.011059002679	0.000489946704	0.004050015912	7.3955232e-05	0.010947876345	0.000120368375	0.011982728701
0.0	0.0	0.0	0.0	0.0	0.0	0.0	0.0	0.0	0.0	0.0	1.8563702e-05	0.0	0.002458804978	0.0	0.00018459771	0.0	0.007981897725	0.001377378288	0.011222844032	0.001321939008	0.003681492784	0.001617724368	0.011068673106	0.000471454464	0.004087753451	3.697668e-05	0.010281839781	0.000148142	0.011957664322
0.0	0.0	0.0	0.0	0.0	0.0	0.0	0.0	0.0	0.0	0.0	1.8569808e-05	0.0	0.002921558819	0.0	0.000194022344	0.0	0.008894091381	0.001543773504	0.011220293048	0.00129421344	0.004439390176	0.001599248976	0.011114634187	0.0004622124	0.00415219377	4.6220616e-05	0.010319322929	0.0001203665	0.01204013532
0.000129417912	4.6237096e-05	0.0	0.0	0.0	0.0	0.0	0.0	0.0	0.0	0.0	0.000749506781	0.0	0.002930898616	0.0	0.000221585427	0.0	0.008960435747	0.001395873648	0.011258916283	0.001358918496	0.004504744005	0.001525296864	0.011030337255	0.000452968464	0.004116223082	9.2441544e-05	0.010354356416	0.000129625	0.011994240517
0.002736388512	0.00529841991	0.000268086312	0.001257605946	5.5465488e-05	0.002301874281	0.000406742544	0.002320472146	1.8487872e-05	0.000388505324	1.8487872e-05	0.03270184752	0.0	0.006545412217	0.000184885272	0.03787945523	9.243936e-06	0.010727665441	0.00173793672	0.01129970229	0.001885822848	0.00377400531	0.00153456576	0.011059645588	0.000452975328	0.004078552015	6.4708488e-05	0.010318271213	0.00012962675	0.012001913815
0.0	0.0	0.0	0.0	0.0	0.0	0.0	0.0	0.0	0.0	0.0	1.8535047e-05	0.0	0.002468316756	0.0	0.004068345511	0.0	0.008074297952	0.001312688832	0.01127248976	0.001368149952	0.003662983415	0.001525322448	0.012316252418	0.00048994296	0.004087256591	5.5466112e-05	0.010281312452	0.000120369125	0.01211461666
0.000129417912	3.6920946e-05	0.0	0.0	0.0	0.0	0.0	0.0	0.0	0.0	0.0	0.000786654143	0.0	0.002468078425	0.0	0.000184552619	0.0	0.008018067025	0.001266469776	0.011284948437	0.001358919744	0.003718670651	0.001479075936	0.0110307181	0.000471459456	0.004088175681	7.3952424e-05	0.010292256472	0.00012962825	0.012057067978
0.002930404464	0.005261503867	0.000295815312	0.001266488404	6.4707552e-05	0.002302662953	0.000369765864	0.002264439259	1.8487872e-05	0.000388530462	1.8487872e-05	0.03279167516	0.0	0.006508332341	0.000184884336	0.037895655468	9.243936e-06	0.0107011216	0.001710185568	0.011292097438	0.001913594592	0.003718750789	0.001506818352	0.01109716994	0.0004437264	0.004107276092	7.3953672e-05	0.010317273939	0.000138886625	0.012012391425
0.0	0.0	0.0	0.0	0.0	0.0	0.0	0.0	0.0	0.0	0.0	9.281292e-06	0.0	0.002468068082	0.0	0.000166280145	0.0	0.00802773628	0.001247977536	0.011246515376	0.001405113216	0.003699575781	0.001571515296	0.010994563532	0.000452972832	0.004031423022	7.39518e-05	0.010320062479	0.00013888475	0.011975191088
0.000129416976	5.5415631e-05	0.0	0.0	0.0	0.0	0.0	0.0	0.0	0.0	0.0	0.00076800931	0.0	0.002486509625	0.0	0.000212011222	0.0	0.007989913027	0.00129418224	0.011284584332	0.001349675808	0.003736674972	0.00149755944	0.011095704901	0.000471456336	0.004050597126	8.3197608e-05	0.010317993466	0.000120367625	0.012029470237
0.003041334504	0.005251171627	0.000369769608	0.001201943423	8.3195424e-05	0.002312011315	0.000286568568	0.002329330893	2.7731808e-05	0.000453130977	1.8488808e-05	0.03260823256	0.0	0.006591932785	0.000194127336	0.037886761535	9.243936e-06	0.011475767262	0.001858081056	0.011239224334	0.001848878304	0.003978799184	0.001497574416	0.011013509243	0.000480702144	0.004086881309	5.54658e-05	0.010253450508	0.00013888625	0.012068368307
0.0	0.0	0.0	0.0	0.0	0.0	0.0	0.0	0.0	0.0	0.0	0.0	0.0	0.002477355982	0.0	0.000175286718	0.0	0.00797226227	0.001229492784	0.011254264468	0.001395874272	0.003746423709	0.001506809616	0.011002018364	0.000489947328	0.004022215552	7.3952112e-05	0.01029151923	0.000120366125	0.012031283382
0.0	0.0	0.0	0.0	0.0	0.0	0.0	0.0	0.0	1.8477736e-05	0.0	0.0	0.0	0.002662375368	0.0	0.00018473478	0.0	0.007953361709	0.001210988688	0.01128152389	0.001358920992	0.003728040846	0.001525291872	0.01097693905	0.000471458832	0.00404936773	7.3952112e-05	0.01028289573	0.000138885375	0.012012807748
0.0	0.0	0.0	0.0	0.0	0.0	0.0	0.0	0.0	9.242092e-06	0.0	9.279159e-06	0.0	0.002690332956	0.0	0.006359536604	0.0	0.008010197489	0.001294202208	0.011309819115	0.001358907264	0.003727591146	0.001488347328	0.015116956946	0.000480699648	0.00412449764	8.3200104e-05	0.01033641949	0.000120367625	0.011981724286
0.000120173976	2.7713697e-05	0.0	0.0	0.0	0.0	0.0	0.0	0.0	0.0	0.0	0.000804710859	0.0	0.002477537676	0.0	0.000212192178	0.0	0.007981754472	0.001294185984	0.011267167487	0.00134967768	0.003662953376	0.001580761104	0.010986000886	0.000471459456	0.004078186923	6.4708176e-05	0.010311016915	0.00012962625	0.011975587751
0.0	0.0	0.0	0.0	0.0	0.0	0.0	0.0	0.0	0.0	0.0	1.8533628e-05	0.0	0.002477279204	0.0	0.000166308786	0.0	0.007980929945	0.001386640944	0.01122965068	0.001275698736	0.003755459819	0.001608493536	0.01116176752	0.000471461952	0.004096032665	6.4707864e-05	0.0102374665	0.0001203665	0.012114072913
0.000129417912	3.6925694e-05	0.0	0.0	0.0	0.0	0.0	0.0	0.0	0.0	0.0	0.000777430356	0.0	0.002458629684	0.0	0.000239745153	0.0	0.007990773759	0.001229465952	0.011242096318	0.001358914752	0.003727965357	0.001525285632	0.011076697648	0.000462209904	0.0040874918	8.3196672e-05	0.010319294908	0.00012962625	0.01194514976
0.000110929104	4.6231728e-05	0.0	0.0	0.0	0.0	0.0	0.0	0.0	0.0	0.0	0.000768056805	0.0	0.002477206814	0.0	0.000221349045	0.0	0.008774140505	0.001284937056	0.011161258903	0.001368164304	0.003940590252	0.00156226824	0.011087819385	0.0004622124	0.004079450377	5.5465488e-05	0.010402041079	0.000138886875	0.012065513963
0.002995122312	0.005242329984	0.000332795736	0.001248616251	8.3198232e-05	0.002274635241	0.000314301312	0.002301689149	2.7731808e-05	0.000425471363	1.8488808e-05	0.032743255259	0.0	0.006610285989	0.000184887144	0.037923059087	1.8487872e-05	0.010701240818	0.001802649264	0.0112469131	0.001876585776	0.003811114846	0.001488329232	0.011070938043	0.000471466944	0.004087882145	7.3952736e-05	0.010309343786	0.000138887	0.012055766134
0.0	0.0	0.0	0.0	0.0	0.0	0.0	0.0	0.0	0.0	0.0	9.284904e-06	0.0	0.003134538227	0.0	0.000508222352	0.0	0.012114676089	0.00146982264	0.011257428214	0.001340425632	0.014066802697	0.00156225888	0.011141708018	0.000462210528	0.00435661547	0.000305060808	0.012770792205	0.000129627375	0.012075822768
0.003032102736	0.005316837224	0.000415988352	0.001248274963	0.000120174912	0.002302132218	0.00032354712	0.002292407346	2.7732744e-05	0.000443720027	1.8487872e-05	0.032634810891	0.0	0.006536594855	0.000194128272	0.037875576654	0.0	0.01070920102	0.001885815984	0.011256363717	0.001784165136	0.003718597152	0.001580759856	0.011107357419	0.000480700896	0.004170769616	6.4709112e-05	0.01033538241	0.000120367125	0.012048338971
0.002736287424	0.005372034059	0.000221859144	0.001285254042	5.5463616e-05	0.002885827486	0.000360522864	0.003521387245	2.7734616e-05	0.003542112715	0.000804261744	0.041308971894	0.001987513632	0.008008215981	0.000748783152	0.037918568528	9.24456e-06	0.01469523783	0.001802618064	0.011269306855	0.001811898816	0.014125068375	0.001571513424	0.011172707403	0.000462213024	0.004292051062	0.000286574184	0.012687630301	0.00013888575	0.012020638248
0.002727036936	0.00530755536	0.000221861952	0.001257486567	4.6221552e-05	0.0023116269	0.000379008864	0.002301780109	1.8487872e-05	0.000434653695	2.7731808e-05	0.032726698315	0.0	0.006508411473	0.0002033694	0.037851015495	9.243936e-06	0.010699820273	0.001774890624	0.011228332532	0.001848881424	0.003783470372	0.001562280096	0.011061204725	0.000443727024	0.004105720142	8.3196984e-05	0.010356281879	0.000120368375	0.012048789059
0.0	0.0	0.0	0.0	0.0	0.0	0.0	0.0	0.0	0.0	0.0	9.281464e-06	0.0	0.002468038415	0.0	0.000175465513	0.0	0.008018047416	0.001340418144	0.011244410784	0.001340433744	0.003700073747	0.001571517168	0.011078278587	0.000471458208	0.004032420534	3.6976368e-05	0.010329343609	0.00013888675	0.012039280392
0.00012017304	3.6979835e-05	0.0	0.0	0.0	0.0	0.0	0.0	0.0	0.0	0.0	0.000832600757	0.0	0.002505064763	0.0	0.000202914151	0.0	0.008064313974	0.001257223344	0.011264659082	0.00136813872	0.003746334979	0.001543783488	0.011030789598	0.000434490576	0.004086552391	6.4707864e-05	0.010328599727	0.000129625375	0.011965389246
0.003032164512	0.005270380734	0.000406750032	0.001202406949	0.000101686104	0.002311637193	0.00030505644	0.002301709236	2.7731808e-05	0.00044367301	9.243936e-06	0.03271606392	0.0	0.006574031483	0.000184885272	0.037941410422	0.0	0.010617356379	0.001867356192	0.011264656125	0.001811875104	0.0038199657	0.00154381968	0.011049874725	0.000471466944	0.004067928074	7.3952736e-05	0.010346680193	0.000120368625	0.012048119798
0.002727036936	0.005241684278	0.000277324632	0.001248150582	6.4709424e-05	0.002237464596	0.000397499544	0.002311071776	1.8487872e-05	0.000434754105	1.8488808e-05	0.032746254275	0.0	0.006545464611	0.000194130144	0.037887363451	9.243936e-06	0.010662932626	0.001737939216	0.011225875143	0.001913564016	0.003718542792	0.001534550784	0.011098122169	0.000462218016	0.004060070067	7.3952736e-05	0.010319619848	0.000138886875	0.012010417756
0.0	0.0	0.0	0.0	0.0	0.0	0.0	0.0	0.0	2.7715364e-05	0.0	9.28413e-06	0.0	0.002653259366	0.0	0.000193857293	0.0	0.008812130453	0.00124796568	0.01123634277	0.001405141296	0.003922493173	0.00154378224	0.011060542976	0.000443723904	0.004041249039	7.3954296e-05	0.01032737242	0.000129626875	0.011946821769
0.000110929104	2.7709819e-05	0.0	0.0	0.0	0.0	0.0	0.0	0.0	0.0	0.0	0.000786126865	0.0	0.002477141323	0.0	0.000230763952	0.0	0.007962374691	0.001275692496	0.011292357259	0.00137740824	0.003727806269	0.00156226512	0.010993835509	0.000443723904	0.004078716589	7.3953048e-05	0.010366340928	0.00012962725	0.012011686712
0.0	0.0	0.0	0.0	0.0	0.0	0.0	0.0	0.0	1.8477736e-05	0.0	9.281034e-06	0.0	0.002644629507	0.0	0.000166190464	0.0	0.007963043811	0.001266453552	0.011213764764	0.001405142544	0.00370914198	0.00157151904	0.011116311395	0.00046221552	0.004051011939	7.3952424e-05	0.010310095912	0.00012962725	0.011994004126
0.0	0.0	0.0	0.0	0.0	0.0	0.0	0.0	0.0	1.8476868e-05	0.0	9.284904e-06	0.0	0.00292132889	0.0	0.000194081657	0.0	0.008922518411	0.001414363392	0.011212554607	0.00136816368	0.004577743335	0.001479077184	0.011081002112	0.000480702144	0.004087992323	7.3953048e-05	0.010338200558	0.000129626	0.011982698653
0.000268080696	3.6967812e-05	0.0	0.0	0.0	0.0	0.0	0.0	0.0	0.0	0.0	0.000786565667	0.0	0.002884334111	0.0	0.000332385099	0.0	0.010773402153	0.00151604544	0.011247238838	0.001303457376	0.008895470897	0.001599241488	0.011050332648	0.000443723904	0.00414356907	3.6976992e-05	0.010938455574	0.000129628125	0.011983021728
0.0	0.0	0.0	0.0	0.0	0.0	0.0	0.0	0.0	0.0	0.0	1.853718e-05	0.0	0.002468487335	0.0	0.000184842958	0.0	0.008045784286	0.00137739888	0.011256796323	0.001312675104	0.003644093565	0.00159927144	0.011079338179	0.00048995232	0.004113830847	5.5463928e-05	0.010336468728	0.000120368125	0.012050755489
0.002727035064	0.005343606266	0.000249587208	0.001303687969	5.546268e-05	0.002330157792	0.000388255608	0.002274156135	1.8489744e-05	0.000388574217	2.7732744e-05	0.032800834657	9.243936e-06	0.006489757232	0.000203373144	0.037906922707	9.24456e-06	0.011540308461	0.001719434496	0.011301661414	0.001895101728	0.004292538715	0.001571514048	0.011013964111	0.000452965344	0.004041899099	7.3954608e-05	0.010336992534	0.0001388865	0.011911389695
0.0	0.0	0.0	0.0	0.0	0.0	0.0	0.0	0.0	0.0	0.0	9.281034e-06	0.0	0.00245882404	0.0	0.000193801287	0.0	0.007981249953	0.001247961312	0.011237153138	0.001377407616	0.003709184395	0.001525288128	0.011103981593	0.000452967216	0.004068677504	8.3197296e-05	0.010301408084	0.000129626375	0.012021273566
0.0	0.0	0.0	0.0	0.0	0.0	0.0	0.0	0.0	9.238038e-06	0.0	1.8533198e-05	0.0	0.002680859055	0.0	0.000184325101	0.0	0.007962546667	0.001377388272	0.011294047718	0.001303459248	0.003737230378	0.00157151592	0.011097289322	0.000462214896	0.0041068199	7.3952424e-05	0.010300362357	0.000120368	0.012086543462
0.000933658128	0.001164511985	0.002967395184	0.011105303198	0.0019413108	5.5372171e-05	9.243936e-06	0.0	0.0	0.0	0.0	0.006260057825	0.0	0.02476405729	0.0	0.001747090509	0.000277331808	0.028165242033	0.002015229216	0.020154261677	0.001756390896	0.028528110081	0.001802607456	0.013595749492	0.00179336664	0.00498400572	0.000425228856	0.014259421264	0.000120372875	0.013862356994
0.0	0.0	0.0	0.0	0.0	0.0	0.0	0.0	0.0	0.0	0.0	0.0	0.0	0.002902535484	0.0	0.000341726391	0.0	0.010789227708	0.001395879264	0.011274556531	0.001377410112	0.008693147406	0.001525291872	0.011041290807	0.000471455088	0.004107330159	6.4710048e-05	0.010883017037	0.0001296265	0.012058757686
0.000101685168	4.6149815e-05	0.0	0.0	0.0	0.0	0.0	0.0	0.0	0.0	0.0	0.000767327374	0.0	0.002450040948	0.0	0.004132307482	0.0	0.008000021254	0.001321929648	0.011209690887	0.001340416272	0.003755138675	0.001562305056	0.012336968139	0.000452967216	0.004152227506	3.6977928e-05	0.010319823915	0.000129625875	0.012068281576
0.0	0.0	0.0	0.0	0.0	0.0	0.0	0.0	0.0	0.0	0.0	2.7815752e-05	0.0	0.002653417335	0.0	0.000184435488	0.0	0.007981868298	0.00135890976	0.011198870206	0.001331164224	0.003671711954	0.001553061744	0.011487255678	0.000480699648	0.004116214947	4.6221864e-05	0.010282385689	0.000120369375	0.012087982831
0.002717792064	0.005306824687	0.00029581344	0.0012759569	6.4709424e-05	0.002209717591	0.000379010736	0.002301820371	2.7731808e-05	0.000425542495	2.7732744e-05	0.032892538295	0.0	0.006545557346	0.0001941264	0.037771434794	1.8487872e-05	0.010634509686	0.001710179328	0.011247101788	0.001867366176	0.003829427414	0.001534545792	0.011032536871	0.000452972208	0.004068290905	8.3196672e-05	0.010337868663	0.00012962575	0.012010090576
0.000157151592	3.7006399e-05	0.0	0.0	0.0	0.0	0.0	0.0	0.0	0.0	0.0	0.000795736287	0.0	0.002486570493	0.0	0.000203235925	0.0	0.007999841793	0.001358897904	0.011282679788	0.00129421344	0.003755868668	0.00154378224	0.011104126464	0.000489947328	0.004089066014	5.546424e-05	0.010328760412	0.000120366875	0.012095034215
0.0	0.0	0.0	0.008339596737	0.000360520992	4.6129041e-05	9.243936e-06	0.0	0.0	0.000619774832	0.0	0.000610368217	0.0	0.024790533495	0.0	0.001709919423	0.000305065488	0.028181190293	0.001978253472	0.020171422942	0.001756394016	0.028516994235	0.00181185264	0.013551524389	0.001756390272	0.005039946394	0.000397496424	0.014296482637	0.000120373125	0.013824698542
0.00299519064	0.005269384079	0.0003235518	0.001248445922	8.3198232e-05	0.002293198729	0.00033279012	0.00231987688	2.7731808e-05	0.000397668386	2.7732744e-05	0.032642036968	0.0	0.006573562005	0.000184884336	0.03791712013	1.8488496e-05	0.010692314898	0.001756428336	0.011232703814	0.001895070528	0.003791786023	0.001497598128	0.012445903464	0.000480702144	0.004031649707	5.5466424e-05	0.010299868665	0.000138887875	0.012021378356
0.0	0.0	0.0	0.0	0.0	0.0	0.0	0.0	0.0	0.0	0.0	9.281034e-06	0.0	0.002477314242	0.0	0.000166159493	0.0	0.008045991174	0.001257208368	0.011263627389	0.001377408864	0.003691010189	0.001553024304	0.011095419936	0.000452968464	0.004104923244	7.3952424e-05	0.010346521845	0.0001296265	0.011929271863
0.0	0.0	0.0	0.0	0.0	0.0	0.0	0.0	0.0	2.7752546e-05	0.0	1.856267e-05	0.0	0.002653399102	0.0	0.004075923387	0.0	0.007991296804	0.001284954528	0.011235377241	0.00137739576	0.003690793526	0.001571549616	0.012390558018	0.00045296784	0.004106820863	6.4709736e-05	0.010365331024	0.000129626875	0.01199479077
0.0	0.0	0.0	0.0	0.0	0.0	0.0	0.0	0.0	0.000147603163	0.0	1.856267e-05	0.0	0.002625777481	0.0	0.013414197868	0.0	0.007982636682	0.001377396384	0.011220339853	0.001321927776	0.003681222093	0.001608496032	0.020806355252	0.000471455088	0.004115871588	3.6977928e-05	0.010642523621	0.000148146875	0.012411129972
0.0	0.0	0.0	0.0	0.0	0.0	0.0	0.0	0.0	0.0	0.0	2.7814612e-05	0.0	0.002607030432	0.0	0.000175378579	0.0	0.007991451076	0.001395869904	0.011255262136	0.001294212816	0.003801706171	0.001580754864	0.011159951159	0.000452968464	0.004080840091	4.622124e-05	0.010292446122	0.000138886	0.012076978518
0.0	0.0	0.0	0.0	0.0	0.0	0.0	0.0	0.0	2.771648e-05	0.0	9.281206e-06	0.0	0.002616520406	0.0	0.000202836789	0.0	0.008017639066	0.00123873672	0.011273900337	0.00135889104	0.003690710235	0.001516069776	0.011098578004	0.000462218016	0.004079508711	8.3196048e-05	0.010328812082	0.000120369	0.011991982926
0.0	0.0	0.0	0.0	0.0	0.0	0.0	0.0	0.0	1.8490187e-05	0.0	1.8562068e-05	0.0	0.002616302714	0.0	0.000165791464	0.0	0.007954325211	0.001331161104	0.011296042937	0.00133119792	0.003727559106	0.001571516544	0.011088007105	0.000462213024	0.004078680292	4.622124e-05	0.010329674899	0.00012962625	0.01196708874
0.000120173976	0.002652626133	0.0	0.0	0.0	2.7767603e-05	0.0	0.0	0.0	0.0045477294	0.0	0.007098391204	0.0	0.002469272484	0.0	0.017945273996	0.0	0.007945542403	0.00124797816	0.011678990389	0.001395883632	0.003681597588	0.001562273232	0.027632047412	0.00045296784	0.004199311969	7.3954608e-05	0.012169804676	0.0001388855	0.013786611948
0.000129418848	4.6198371e-05	0.0	0.0	0.0	0.0	0.0	0.0	0.0	0.0	0.0	0.000758933862	0.0	0.002496423107	0.0	0.006405631914	0.0	0.007991071366	0.001220248848	0.01125365889	0.001377394512	0.003662632365	0.001497589392	0.01504519392	0.000443722032	0.004125672926	7.3954608e-05	0.010271804292	0.0001388865	0.012012161587
0.002727032256	0.005381360118	0.002699351928	0.011058292502	0.002782548288	0.003975487974	0.002542172256	0.013520154475	0.0003512808	0.00441982944	0.000841237488	0.041254293531	0.00186735276	0.031115652761	0.003022918704	0.040190270389	0.001682485584	0.028245599496	0.001885815984	0.020162565079	0.001904315712	0.028448726436	0.001802618064	0.013455395634	0.001682446896	0.00500319121	0.000471456024	0.014341115987	0.0001296315	0.013713239066
0.002736282744	0.005381201119	0.000221861016	0.001267050019	0.00013866372	0.002302052438	0.000360521928	0.002274283323	1.8487872e-05	0.000434506513	9.243936e-06	0.032744496686	0.0	0.006490232447	0.0001848834	0.037889195277	0.0	0.010699716808	0.001839621888	0.011284379154	0.001765684752	0.003755274892	0.001590015648	0.011190123236	0.000471462576	0.00410572798	4.6220616e-05	0.010328669735	0.0001388855	0.012047727129
0.000157150656	4.6230612e-05	0.0	0.0	0.0	0.0	0.0	0.0	0.0	0.0	0.0	0.000805193056	0.0	0.00250512064	0.0	0.000212338404	0.0	0.007991080369	0.001340420016	0.011311429647	0.001331164224	0.003736979202	0.001516050432	0.011059814253	0.0004899492	0.004078805263	7.3952424e-05	0.01034725796	0.0001203675	0.012094739302
0.000120173976	3.6971485e-05	0.0	0.0	0.0	0.0	0.0	0.0	0.0	0.0	0.0	0.000814132677	0.0	0.002458909038	0.0	0.000221446374	0.0	0.008027222808	0.00122947656	0.01117165527	0.001395896112	0.003681757746	0.001534535184	0.011097252921	0.0004622124	0.004059579619	8.3195736e-05	0.010254937754	0.000138886375	0.012012050318
0.0	0.0	0.0	0.0	0.0	0.0	0.0	0.0	0.0	1.8477736e-05	0.0	9.279159e-06	0.0	0.002662516637	0.0	0.000203028981	0.0	0.008036874242	0.001284958272	0.01127195784	0.001368143088	0.00369947784	0.00152532432	0.010994006167	0.000471468816	0.004135457202	5.546424e-05	0.01031028766	0.00012962625	0.012086124689
0.002717860392	0.005400153257	0.000314309736	0.001266754977	0.000129418848	0.002283132292	0.000351277992	0.002292490562	2.7731808e-05	0.000415961296	9.243936e-06	0.032801318796	0.0	0.006499697732	0.000203373144	0.037851642952	9.243936e-06	0.010700533356	0.001830377328	0.011278966676	0.0017656548	0.003737123436	0.001599280176	0.011077604753	0.000471474432	0.004060505079	3.6976368e-05	0.010309790725	0.000129626625	0.011994440227
0.003022864416	0.00528843606	0.000351278928	0.001239062491	8.3198232e-05	0.002303162543	0.00029581344	0.002283495902	1.8487872e-05	0.000388448547	1.8488808e-05	0.032861864429	0.0	0.006572923027	0.000203370336	0.037788745097	9.243936e-06	0.010718225658	0.001802625552	0.011312897068	0.001848878304	0.003866487575	0.001516061664	0.011041187032	0.000462217392	0.004079644791	7.3953048e-05	0.010281773551	0.000120368375	0.012028892228
0.0	0.0	0.0	0.0	0.0	0.0	0.0	0.0	0.0	9.261264e-06	0.0	1.853375e-05	0.0	0.002681528728	0.0	0.000184622739	0.0	0.008046749913	0.001358908512	0.0112849607	0.00130343304	0.003690193638	0.001580761728	0.010987522571	0.000480703392	0.004123748852	4.6220304e-05	0.010336614996	0.00012962625	0.012048802211
0.000157150656	2.7741312e-05	0.0	0.0	0.0	0.0	0.0	0.0	0.0	9.227736e-06	0.0	0.000785966742	0.0	0.002487114591	0.0	0.013368000775	0.0	0.008027898422	0.001386641568	0.011255489853	0.001303436784	0.003635176675	0.001599251472	0.020956694371	0.0004806984	0.004161613951	5.5467048e-05	0.010725804928	0.00012036825	0.012457480254
0.000138662784	3.6923966e-05	0.0	0.0	0.0	0.0	0.0	0.0	0.0	0.0	0.0	0.000814097545	0.0	0.002486988242	0.0	0.000212406261	0.0	0.008000003643	0.001349665824	0.011245134325	0.001331161728	0.003708821995	0.001488352944	0.011391918813	0.00047145384	0.004077111936	4.6221864e-05	0.010273074189	0.000148145875	0.012059933621
0.0	0.0	0.0	0.0	0.0	0.0	0.0	0.0	0.0	0.0	0.0	1.8562498e-05	0.0	0.00265399336	0.0	0.000193714266	0.0	0.008008417713	0.001368150576	0.011236567061	0.0013034268	0.003616486867	0.001599269568	0.01110504433	0.000462219264	0.004143535355	4.6220304e-05	0.010311309868	0.00012962625	0.012077478821
0.000101686104	2.770088e-05	0.0	0.0	0.0	0.0	0.0	0.0	0.0	0.0	0.0	0.00082357848	0.0	0.002431075457	0.0	0.000221378954	0.0	0.008000132989	0.001368136224	0.011232333437	0.001321952112	0.003616652834	0.00158076048	0.011086692937	0.000471455712	0.004134167245	4.622124e-05	0.010301680362	0.000120367625	0.012048878109
0.0	0.0	0.0	0.0	0.0	0.0	0.0	0.0	0.0	0.0	0.0	2.7816616e-05	0.0	0.002449569543	0.0	0.000184496426	0.0	0.008792383058	0.001349647104	0.01120096513	0.001321945248	0.00387541266	0.001553028672	0.011117306794	0.000480697776	0.004097890547	5.54658e-05	0.010274611796	0.000120367	0.012077583487
0.000138662784	3.6962816e-05	0.0	0.0	0.0	0.0	0.0	0.0	0.0	0.0	0.0	0.00078606117	0.0	0.002458781697	0.0	0.000212216409	0.0	0.008847963949	0.001368141216	0.011259374593	0.001294212816	0.004190427465	0.001580750496	0.011023813493	0.000489939216	0.004105531107	5.5465176e-05	0.01035549795	0.00012036775	0.01205006471
0.0	0.0	0.0	0.0	0.0	0.0	0.0	0.0	0.0	9.23924e-06	0.0	2.7812737e-05	0.0	0.002689866974	0.0	0.000175620794	0.0	0.008074167324	0.001331162976	0.011284857657	0.001340427504	0.003829132425	0.001516044192	0.011086555723	0.000480697152	0.004114745617	7.3954296e-05	0.010309855453	0.0001111085	0.012047841126
0.0	0.0	0.0	0.000360671652	0.0	0.0	0.0	0.0	0.0	2.7715364e-05	0.0	9.28413e-06	0.0	0.00680656144	0.0	0.000979878221	0.0	0.019106133137	0.001377368304	0.011392537987	0.001904316336	0.023063507455	0.001534540176	0.012456911118	0.00135890352	0.004606444052	0.000489944208	0.014129371072	0.0001388865	0.012778872087
0.00013866372	4.6189754e-05	0.0	0.0	0.0	0.0	0.0	0.0	0.0	0.0	0.0	0.000749699191	0.0	0.002486271391	0.0	0.00022147105	0.0	0.008129915532	0.001294187856	0.011266466701	0.001368158688	0.003662862186	0.001534530192	0.01106828653	0.000489941088	0.004106523152	6.4710048e-05	0.01025343712	0.0001296265	0.012086120096
0.0	0.0	0.0	0.0	0.0	0.0	0.0	0.0	0.0	9.238868e-06	0.0	1.8558318e-05	0.0	0.002616799123	0.0	0.000184658234	0.0	0.008000470815	0.00132193464	0.011189007602	0.00133118856	0.003718413244	0.001516053552	0.011116712199	0.000471458832	0.00408670122	4.6220304e-05	0.010283853122	0.00012036725	0.012058454435
0.0	0.0	0.0	0.0	0.0	0.0	0.0	0.0	0.0	0.0	0.0	0.0	0.0	0.002449550204	0.0	0.000165936983	0.0	0.008045581109	0.001238719248	0.01118937699	0.00137740824	0.003672456467	0.001479071568	0.011042571087	0.00049919064	0.004077951654	6.4707864e-05	0.010300447954	0.000129626125	0.01205687919
0.000305058312	0.000961390669	0.0	0.000342524743	0.0	0.0	0.0	0.0	0.0	0.0	0.0	0.004540585355	0.0	0.006917268357	0.0	0.000980478213	0.0	0.019181566455	0.001405098864	0.011415026245	0.001904315088	0.023015800766	0.001562268864	0.012400132164	0.00137738952	0.004559897236	0.000499187832	0.014119686306	0.0001388845	0.012753415615
0.0	0.002449159785	0.0	0.0	0.0	2.7917148e-05	0.0	0.0	0.0	0.00817979827	0.0	0.003992030099	0.0	0.002653558527	0.0	0.017896571174	0.0	0.0079824003	0.001247980656	0.011670724902	0.00137739576	0.003681550775	0.001534542048	0.027537106678	0.000462211776	0.004152170232	6.4709736e-05	0.012077016622	0.000129627125	0.013861306637
0.0	0.0	0.0	0.0	0.0	0.0	0.0	0.0	0.0	0.0	0.0	9.281292e-06	0.0	0.002440672979	0.0	0.013394734266	0.0	0.008009580657	0.001229492784	0.011230478465	0.00134041752	0.003727815556	0.0015160548	0.020750871752	0.000462211152	0.00409674924	8.3199792e-05	0.010734212099	0.000129626875	0.012407607599
0.0	0.0	0.0	0.0	0.0	0.0	0.0	0.0	0.0	0.0	0.0	9.28413e-06	0.0	0.002440026354	0.0	0.000203271383	0.0	0.008800941088	0.00123873048	0.011249395281	0.001386657168	0.004191106902	0.001525283136	0.011090677647	0.000452962224	0.0041164371	8.3198232e-05	0.010301443596	0.000120368625	0.011954605113
0.000110929104	3.6961327e-05	0.0	0.0	0.0	0.0	0.0	0.0	0.0	0.0	0.0	0.000731059396	0.0	0.002468059703	0.0	0.000203546082	0.0	0.007981996152	0.001321929648	0.011220664573	0.001340406288	0.003718053671	0.001562273232	0.011135916296	0.000462216144	0.00408814827	3.6976056e-05	0.010402452929	0.0001388845	0.012003857921
0.003041339184	0.005287616473	0.000406744416	0.001239019456	0.000110930976	0.002283600249	0.000323545248	0.002283342305	1.8487872e-05	0.000388260304	9.243936e-06	0.032835851125	0.0	0.006545717057	0.000203375016	0.037787863987	0.0	0.010635280291	0.001876599504	0.011234894045	0.001765654176	0.003811437503	0.001571526528	0.011102678006	0.000452976576	0.004088697435	5.5465176e-05	0.010246914976	0.00012962575	0.012093665968
0.002736278064	0.005372742625	0.000212616144	0.001257877943	7.395336e-05	0.002302092725	0.000351278928	0.00229226391	2.7732744e-05	0.000443887138	1.8488808e-05	0.03275653986	0.0	0.006525961948	0.000194125464	0.037805108336	9.243936e-06	0.010866914296	0.001793369136	0.011221608071	0.0017749212	0.003866720971	0.001580757984	0.011060695435	0.000452969712	0.004152466263	3.6977304e-05	0.010319524201	0.000129629	0.012084526539
