0.0	0.0	0.0	0.0	0.0	0.0	0.0	0.0	0.0	0.0	0.0	0.0	0.0	0.000209458737	0.0	3.2943306e-05	0.0	0.014824472777	0.0	0.008230740567	0.0	0.028769386399	0.000242275488	0.011301860908	0.001772969952	0.005652913793	0.000638703	0.015925708587	0.000110302125	0.021779114928
0.0	0.0	0.0	0.0	0.0	0.0	0.0	0.0	0.0	0.0	0.0	0.0	0.0	0.0	0.0	4.3950469e-05	0.0	0.003459330538	0.0	0.007381049343	0.0	0.005972091862	1.1011728e-05	0.010059215096	0.00169588224	0.005178795871	9.9111792e-05	0.013282793821	0.0	0.020996042239
0.00062769564	0.0	0.0	0.000605469085	1.101204e-05	0.000209318428	0.0	0.0	0.0	0.0	0.0	0.003686708495	0.0	0.0	0.0	0.000473651325	0.0	0.003217040126	0.0	0.007371587	0.0	0.006115846587	1.1011728e-05	0.01016765825	0.00162980688	0.005179476542	8.809944e-05	0.013305439498	2.206e-05	0.020832453981
0.0	0.0	0.0	0.0	0.0	0.0	0.0	0.0	0.0	0.0	0.0	0.0	0.0	0.008535361935	0.0	3.2982064e-05	0.0	0.032103924018	0.0	0.010598354271	0.0	0.037040009235	0.000286323648	0.011292096545	0.002059291728	0.006546460194	0.00069376788	0.016102464583	0.000275755875	0.02280312647
0.0	0.0	0.0	0.0	0.0	0.0	0.0	0.0	0.0	0.0	0.0	0.0	0.0	0.0	0.0	3.2987257e-05	0.0	0.003261364448	0.0	0.007371616717	0.0	0.006093999956	1.1011728e-05	0.010026455085	0.001728937392	0.005145048311	0.000110124144	0.013293779459	1.103025e-05	0.020952453089
0.004438042128	0.006014112311	0.004305896712	0.008967603155	0.003997547424	0.006940928387	1.101204e-05	0.0047928082	0.0	0.001354028438	0.0	0.041171739389	0.00050657724	0.008207077262	0.000903012552	0.038381270648	0.0	0.019611411907	0.00224648736	0.014467330831	0.002521835472	0.009452241073	0.00287422824	0.01589124685	0.00238967664	0.005222976245	0.00012113712	0.013306849288	0.0	0.020917179159
0.0	0.0	0.0	0.0	0.0	0.0	0.0	0.0	0.0	0.0	0.0	0.0	0.0	3.2968884e-05	0.0	5.4916082e-05	0.0	0.005829121332	0.0	0.007328553342	0.0	0.012319356304	0.000176200128	0.009968493992	0.00173991792	0.005179705518	9.9112104e-05	0.013308556524	0.0	0.020941401097
0.004977519768	0.005794789977	0.004746262248	0.008834720629	0.004360835232	0.006952570649	2.202408e-05	0.005078849591	0.0	0.001409468394	0.0	0.041082419557	0.000539604	0.008109528758	0.000892001448	0.038567309692	0.0	0.019699589726	0.002092359984	0.01454483862	0.00235667016	0.009299629824	0.003061416384	0.010321278962	0.002246521056	0.005190675557	0.00013215072	0.013240941562	1.103025e-05	0.020853475325
0.0	0.0	0.0	0.0	0.0	0.0	0.0	0.0	0.0	0.0	0.0	0.0	0.0	0.0	0.0	2.2009294e-05	0.0	0.003349287454	0.0	0.007403085491	0.0	0.006048900293	2.2024704e-05	0.01021520669	0.001585759968	0.005156177181	8.809944e-05	0.013241916492	0.0	0.020931717727
0.004459937976	0.005836845142	0.004283743464	0.009010779412	0.003964388688	0.006929890426	5.5061136e-05	0.004826444349	0.0	0.001343368153	0.0	0.041071388254	0.000561633696	0.008217167904	0.000914033952	0.038433172034	0.0	0.019491128812	0.002147408016	0.014640366654	0.002543873904	0.009542084158	0.002863185312	0.010457488287	0.002323613136	0.005268552354	0.000121138368	0.01321881303	1.103e-05	0.020919557647
0.0	0.0	0.0	0.0	0.0	0.0	0.0	0.0	0.0	0.0	0.0	0.0	0.0	0.0	0.0	0.004229116489	0.0	0.003261087853	0.0	0.007501140455	0.0	0.006061589705	1.1011728e-05	0.012604765424	0.00158576808	0.005146682574	8.8098504e-05	0.013285897302	1.1029125e-05	0.020906857133
0.0	0.0	0.0	0.0	0.0	0.0	0.0	0.0	0.0	0.0	0.0	0.0	0.0	1.0958808e-05	0.0	5.5139038e-05	0.0	0.003294386572	0.0	0.00741688951	0.0	0.006116341845	1.1011728e-05	0.010126464726	0.001728930528	0.005213987718	0.00011012352	0.013307877755	1.1030125e-05	0.020906883178
0.0	0.0	0.0	0.0	0.0	0.0	0.0	0.0	0.0	0.0	0.0	0.0	0.0	1.0958808e-05	0.0	2.2009294e-05	0.0	0.003304898685	0.0	0.007404150295	0.0	0.006060717947	3.3035184e-05	0.010268919825	0.001640832336	0.005136834806	9.911304e-05	0.013220742894	1.1029125e-05	0.020898374449
0.004933477224	0.00580490737	0.004790319768	0.008890887481	0.004349829744	0.006875158227	6.6073176e-05	0.006600234066	0.0	0.003579423777	0.0	0.04277787489	0.00180599796	0.012724952702	0.003105462672	0.038415584816	0.0	0.023843528862	0.002103359232	0.014605190624	0.002389690992	0.023124232656	0.003028379952	0.010897280008	0.002312580192	0.005783943422	0.000220245792	0.014516063763	0.000264725875	0.021314385105
0.004922453952	0.005814848166	0.0047903076	0.008834924259	0.004371844464	0.006941384571	0.0	0.005068879647	0.0	0.001497649622	0.0	0.041091526993	0.00051757056	0.008118525581	0.000903017232	0.038540942195	0.0	0.019665122165	0.002070325296	0.014601425566	0.00238969224	0.009817406457	0.003017375712	0.010323601519	0.002334622368	0.005159694953	0.000132149784	0.013229564994	1.103025e-05	0.0209209635
0.00060566688	0.0	0.0	0.000649345634	0.0	0.000231105838	0.0	0.0	0.0	0.0	0.0	0.003505971015	0.0	0.0	0.0	0.000452129544	0.0	0.003316488576	0.0	0.00734571119	0.0	0.006071345296	1.1011728e-05	0.010214239942	0.001563735264	0.005179163743	9.9111792e-05	0.013308809605	0.0	0.020928300654
0.000583641864	0.0	0.0	0.000572326662	0.0	0.000253042757	0.0	0.0	0.0	0.0	0.0	0.003570589769	0.0	0.0	0.0	0.000430697278	0.0	0.003327234227	0.0	0.007459599567	0.0	0.006094304266	2.2023456e-05	0.01010419249	0.001706897712	0.00519160093	7.70874e-05	0.013219092176	1.103025e-05	0.020910049882
0.004448930616	0.005869969917	0.004294759248	0.009098714189	0.003975404472	0.006886095677	0.0	0.004825807849	0.0	0.001365324495	0.0	0.041156830141	0.00055062072	0.008185472738	0.000903022848	0.038263350165	0.0	0.019513011421	0.002147409888	0.014633437642	0.002576900352	0.009508640505	0.002852184816	0.010347756612	0.002345635344	0.005221592567	0.000110127264	0.013239841096	1.1030125e-05	0.020885870026
0.00058364748	0.0	0.0	0.000616392562	0.0	0.000220182035	0.0	0.0	0.0	0.0	0.0	0.003670286595	0.0	0.0	0.0	0.000485294075	0.0	0.00320652486	0.0	0.007414034972	0.0	0.00612707433	2.2024704e-05	0.010248758513	0.001640821728	0.005178472476	9.9112104e-05	0.013269021808	0.0	0.020887783077
0.004448938104	0.005783022721	0.004305778776	0.008867555202	0.003942376776	0.006864170853	6.6073176e-05	0.005135373162	0.0	0.001277352027	0.0	0.04130673971	0.000561622464	0.00802979974	0.001002125592	0.038540651407	0.0	0.019821123314	0.001949178192	0.014653571068	0.002543871408	0.009376310244	0.003028376832	0.010413922857	0.002224481376	0.005179925678	0.000121136184	0.013324967762	1.103e-05	0.020876764243
0.0	0.0	0.0	0.0	0.0	0.0	0.0	0.0	0.0	0.0	0.0	0.000330439116	0.0	0.0	0.0	0.013280454038	0.0	0.003547621974	0.000154169184	0.007988249165	0.0	0.005993839244	2.2023456e-05	0.015767103679	0.00166285392	0.005179082084	9.9113976e-05	0.013341526708	0.0	0.020984276034
0.0	0.0	0.0	0.0	0.0	0.0	0.0	0.0	0.0	0.0	0.0	0.0	0.0	0.0	0.0	2.1984044e-05	0.0	0.003261098709	0.0	0.007393819527	0.0	0.00604949528	1.1011728e-05	0.010090605624	0.001563732144	0.005122272689	7.7087088e-05	0.013349011151	0.0	0.020863981652
0.000330364008	0.002291394487	7.7092704e-05	0.0	6.6073176e-05	0.005517492929	0.0	0.0	0.0	0.002731337977	0.0	0.007401148832	0.0	0.000981047576	0.000176193576	0.029739020757	0.0	0.003448100601	0.00083693688	0.010895101233	0.0	0.006005076272	2.2023456e-05	0.02822525165	0.001971196656	0.005210912824	8.8096008e-05	0.01652502908	1.1029125e-05	0.022955713024
0.0	0.0	0.0	0.0	0.0	0.0	0.0	0.0	0.0	0.0	0.0	0.0	0.0	0.0	0.0	2.1929373e-05	0.0	0.003249907924	0.0	0.007349866581	0.0	0.006160283025	1.1011728e-05	0.010125140229	0.001552723536	0.005136183751	7.7088024e-05	0.01331740799	1.1030125e-05	0.02088929055
0.004449059784	0.005782338869	0.004294886544	0.008954610518	0.003964511304	0.006852923095	0.0	0.00508021547	0.0	0.001299050227	0.0	0.041369808916	0.00058366152	0.008086578548	0.000958067136	0.038521377459	0.0	0.019634135137	0.00196022736	0.01453216139	0.002554878144	0.009486281021	0.002951294112	0.01032291307	0.002268535152	0.005166535878	0.00013215072	0.01332790807	1.1029125e-05	0.020992836021
0.004459944528	0.005749424671	0.004305775968	0.008990287122	0.003964396176	0.006930276497	4.4049096e-05	0.005102145259	0.0	0.001277221875	0.0	0.041398495978	0.000561622464	0.008371259148	0.001002131208	0.038526844521	0.0	0.020339247591	0.001982205264	0.014514608652	0.00254387016	0.010222972731	0.003039396672	0.010420623027	0.002213470896	0.005178553746	0.000154175736	0.013339508509	1.103025e-05	0.020856864665
0.000605677176	0.0	0.0	0.000638478085	0.0	0.000209244515	0.0	0.0	0.0	0.0	0.0	0.003562820287	0.0	0.0	0.0	0.000452567335	0.0	0.003172618814	0.0	0.00740617731	0.0	0.00608292579	0.0	0.010012966164	0.001563746496	0.005179240385	7.7088024e-05	0.013262364309	1.102925e-05	0.020916968199
0.0	0.0	0.0	0.0	0.0	0.0	0.0	0.0	0.0	0.0	0.0	0.000319488911	0.0	0.0	0.0	0.013193424376	0.0	0.003393427016	0.00014315808	0.007954657094	0.0	0.006028092595	1.1011728e-05	0.015733284756	0.00161880888	0.005168906266	8.8101e-05	0.013393766075	0.0	0.020931519467
0.0	0.001673580585	0.0	0.0	0.0	0.000198266061	0.0	0.0	0.0	1.098648e-05	0.0	0.000639120219	0.0	0.000463207746	0.0	0.021772033321	0.0	0.003448707197	0.000484546608	0.008759207439	0.0	0.006015928097	3.3035184e-05	0.022452880179	0.001761944496	0.005189665117	6.6071616e-05	0.013517423784	0.0	0.021326057706
0.0	0.0	0.0	0.0	0.0	0.0	0.0	0.0	0.0	0.0	0.0	0.0	0.0	0.0	0.0	3.3147291e-05	0.0	0.003326847447	0.0	0.007405106144	0.0	0.006116075524	2.2023456e-05	0.01011292748	0.001662854544	0.005190416981	9.911304e-05	0.013230098997	1.1029125e-05	0.020911427699
0.0	0.0	0.0	0.0	0.0	0.0	0.0	0.0	0.0	0.0	0.0	0.0	0.0	5.5009246e-05	0.0	2.1979693e-05	0.0	0.007317687033	0.0	0.007832193622	0.0	0.020693293085	0.000242269872	0.010685199133	0.001640829216	0.005278988185	0.000143158392	0.014607194328	7.72115e-05	0.021263207289
0.0	0.0	0.0	0.0	0.0	0.0	0.0	0.0	0.0	0.0	0.0	0.0	0.0	0.0	0.0	3.2957331e-05	0.0	0.003183625014	0.0	0.00741613667	0.0	0.006104361541	0.0	0.010156285442	0.001563745872	0.005136826212	9.9110544e-05	0.013284177076	2.2060375e-05	0.020953467908
0.004471082928	0.005780907659	0.004272860592	0.008911575442	0.003964510368	0.006874453923	3.3037056e-05	0.00505742523	0.0	0.001310115757	0.0	0.041323818386	0.000594672624	0.008063462475	0.000947056968	0.03827159078	0.0	0.019612583285	0.001982250816	0.014457920954	0.002543853936	0.009486299161	0.002929271904	0.011777032086	0.002290559232	0.005235852634	0.000143161824	0.013294894037	2.205825e-05	0.020839091043
0.000594655776	0.0	0.0	0.000616533914	0.0	0.000242243935	0.0	0.0	0.0	0.0	0.0	0.003668815037	0.0	0.0	0.0	0.000463019361	0.0	0.003216862228	0.0	0.007384699147	0.0	0.006083254278	1.1011728e-05	0.010156374123	0.001684873632	0.00514560932	9.9112104e-05	0.013238394434	2.2060625e-05	0.020807598495
0.00058363812	0.0	0.0	0.000583378001	0.0	0.00025307423	0.0	0.0	0.0	0.0	0.0	0.003602277488	0.0	0.0	0.0	0.000418770149	0.0	0.003250277462	0.0	0.007393506889	0.0	0.006093366606	2.2025952e-05	0.010046752913	0.001684873632	0.005201685547	7.7086464e-05	0.013218376265	0.0	0.020929580079
0.0	0.0	0.0	0.0	0.0	0.0	0.0	0.0	0.0	0.0	0.0	0.0	0.0	0.0	0.0	4.4123035e-05	0.0	0.00334953866	0.0	0.007359740798	0.0	0.006061028633	3.3037056e-05	0.010080722988	0.001662852048	0.005223503756	7.70874e-05	0.013173716696	1.103e-05	0.020909724073
0.0	0.0	0.0	0.0	0.0	0.0	0.0	0.0	0.0	0.0	0.0	0.0	0.0	0.0	0.0	5.4994464e-05	0.0	0.003228191375	0.0	0.007435588597	0.0	0.006093579636	2.2024704e-05	0.010305002257	0.001728931776	0.005180079595	8.8099752e-05	0.013216153504	1.103025e-05	0.020863489611
0.000594661392	0.0	0.0	0.000594256972	0.0	0.000198216286	0.0	0.0	0.0	0.0	0.0	0.003621687789	0.0	0.0	0.0	0.000485191159	0.0	0.00323914388	0.0	0.007403104198	0.0	0.006026161666	2.2023456e-05	0.011423749924	0.00172891992	0.005190354579	7.7086152e-05	0.013316598554	0.0	0.021039106251
0.0	0.0	0.0	0.0	0.0	0.0	0.0	0.0	0.0	0.0	0.0	0.0	0.0	2.1975272e-05	0.0	3.2971449e-05	0.0	0.003812779727	0.0	0.007416571032	0.0	0.006885770603	2.2024704e-05	0.010204009605	0.001684876752	0.005190615492	8.8099752e-05	0.013372298148	0.0	0.020908565037
0.0	0.0	0.0	0.0	0.0	0.0	0.0	0.0	0.0	0.0	0.0	0.0	0.0	4.3974633e-05	0.0	4.4041343e-05	0.0	0.003856074415	0.0	0.007350477461	0.0	0.006974075749	1.1011728e-05	0.010154832986	0.00176197008	0.005191851657	0.000110124456	0.013260586192	2.20605e-05	0.020872646164
0.0	0.0	0.0	0.0	0.0	0.0	0.0	0.0	0.0	0.0	0.0	0.0	0.0	0.0	0.0	3.2973623e-05	0.0	0.003349248983	0.0	0.007327123101	0.0	0.006082597097	1.1011728e-05	0.010155421304	0.001618805136	0.005233661983	9.9113664e-05	0.013219498842	0.0	0.020952117903
0.0	0.0	0.0	0.0	0.0	0.0	0.0	0.0	0.0	0.0	0.0	0.0	0.0	0.0	0.0	2.1928583e-05	0.0	0.003184011108	0.0	0.007416775712	0.0	0.006094138054	0.0	0.0100676621	0.001563735264	0.005167404353	7.7088336e-05	0.013337242839	2.2060375e-05	0.020864584112
0.0	0.0	0.0	0.0	0.0	0.0	0.0	0.0	0.0	0.0	0.0	0.0	0.0	1.1008725e-05	0.0	3.2970687e-05	0.0	0.003349176024	0.0	0.007372842062	0.0	0.006115922936	1.1011728e-05	0.010088470668	0.001640819856	0.005211958553	9.910992e-05	0.013186641277	0.0	0.02090710312
0.00059465952	0.000120880538	0.0	0.000693509674	0.000176193576	0.00033021294	0.0	0.0	0.0	0.0	0.0	0.010139784333	0.0	0.000176449759	8.809632e-05	0.000496063203	0.0	0.014910861876	0.0	0.008188050326	0.0	0.028867858536	0.000242275488	0.011247226981	0.001717908192	0.005586624322	0.00062769096	0.015982646387	9.9272e-05	0.02190188308
0.000583646544	0.0	0.0	0.000572206415	1.101204e-05	0.000220114608	0.0	0.0	0.0	0.0	0.0	0.003579978957	0.0	3.3050279e-05	0.0	0.000463635623	0.0	0.005706640406	0.0	0.007502453428	0.0	0.012429294952	0.000165187152	0.010104130918	0.001805995776	0.005246486767	7.70874e-05	0.013228005119	1.103025e-05	0.020874938096
0.0	0.0	0.0	0.0	0.0	0.0	0.0	0.0	0.0	0.0	0.0	0.0	0.0	0.0	0.0	3.3071968e-05	0.0	0.003249982182	0.0	0.007339295754	0.0	0.006159660287	1.1011728e-05	0.010014129337	0.001706899584	0.005158998376	0.000110124144	0.013272459005	2.2060375e-05	0.020960678391
0.0	0.0	0.0	0.0	0.0	0.0	0.0	0.0	0.0	0.0	0.0	0.0	0.0	0.0	0.0	0.004350440489	0.0	0.003338210769	0.0	0.007403608722	0.0	0.006115744585	2.2023456e-05	0.012672651062	0.001574756352	0.005135692221	8.809944e-05	0.01332608884	1.1029125e-05	0.020861773797
0.004922632728	0.008668917538	0.004735421496	0.00886765101	0.004360996224	0.02499295654	0.0	0.005089946266	0.0	0.00368945883	0.0	0.041261103224	0.000539605872	0.008097129427	0.000991095768	0.038458968551	0.0	0.019699949035	0.001993217616	0.014652864251	0.00237864432	0.00939855985	0.003072424368	0.028445270653	0.00220246104	0.005214534471	0.000121133688	0.016412348831	1.1029125e-05	0.023022495042
0.0	0.0	0.0	0.0	0.0	0.0	0.0	0.0	0.0	0.0	0.0	0.0	0.0	2.2025398e-05	0.0	4.4122434e-05	0.0	0.00571880297	0.0	0.007416170933	0.0	0.012361247505	0.000176200752	0.010090498838	0.001739918544	0.005245432415	9.9112104e-05	0.013262604183	1.103025e-05	0.020841993658
0.000605665008	0.0	0.0	0.000616292423	1.101204e-05	0.000231159083	0.0	0.0	0.0	0.0	0.0	0.00366985395	0.0	4.3972713e-05	0.0	0.000463765496	0.0	0.003790311561	0.0	0.007381015249	0.0	0.006830481263	1.1012976e-05	0.010100362118	0.00161879328	0.005188501255	8.809944e-05	0.013327655998	1.103025e-05	0.020954085838
0.00061668828	0.0	0.0	0.000660447081	1.101204e-05	0.000220116044	0.0	0.0	0.0	0.0	0.0	0.003596338063	0.0	0.0	0.0	0.01424133503	0.0	0.003327219551	0.0	0.007416112219	0.0	0.006059946962	1.1011728e-05	0.012614435805	0.001541722416	0.005111931899	7.7088024e-05	0.013438454283	1.1029125e-05	0.020862304835
0.000627691896	0.0	0.0	0.000649492427	0.0	0.000209255971	0.0	0.0	0.0	0.0	0.0	0.003439631971	0.0	0.0	0.0	0.000496380116	0.0	0.003228292378	0.0	0.007428100147	0.0	0.006049214728	1.1011728e-05	0.010091051348	0.001563732768	0.005145303866	8.8098504e-05	0.013228949251	1.103025e-05	0.020897723686
0.004933456632	0.00578262105	0.004768276032	0.008845579318	0.004382849952	0.006963862091	1.101204e-05	0.005080376289	0.0	0.001453525066	0.0	0.041049984338	0.000528595704	0.008084890153	0.000903030336	0.038521392216	0.0	0.019697851863	0.002125392672	0.01448906445	0.002356665792	0.009364516233	0.003039402288	0.010323188397	0.002290568592	0.005190883535	0.000110122896	0.013315393352	0.0	0.020854352712
0.0	0.0	0.0	0.0	0.0	0.0	0.0	0.0	0.0	0.0	0.0	0.0	0.0	0.0	0.0	4.4059557e-05	0.0	0.003261414782	0.0	0.007417159366	0.0	0.006060289917	2.2024704e-05	0.010091414185	0.001761963216	0.005201542405	8.8099752e-05	0.013316450335	0.0	0.020885422881
0.0	0.0	0.0	0.0	0.0	0.0	0.0	0.0	0.0	0.0	0.0	0.0	0.0	0.0	0.0	4.3951011e-05	0.0	0.003272125017	0.0	0.00742340282	0.0	0.006070846211	1.1011728e-05	0.009970411148	0.00171790944	0.005190401202	7.7087088e-05	0.013250221817	0.0	0.020950651328
0.004448936232	0.005848415863	0.0042947658	0.009087404959	0.00395338788	0.006963257365	6.6073176e-05	0.004837866343	0.0	0.001332616603	0.0	0.041071179913	0.000561630888	0.00818554638	0.000914026464	0.038457629524	0.0	0.019556341543	0.002180463168	0.014676132257	0.002521839216	0.009497943789	0.002841189312	0.01040202251	0.002400688992	0.005224572013	8.8100064e-05	0.01319576339	1.1029125e-05	0.020919107735
0.0	0.0	0.0	0.0	0.0	0.0	0.0	0.0	0.0	0.0	0.0	0.0	0.0	0.0	0.0	2.2009527e-05	0.0	0.00341525037	0.0	0.007382324093	0.0	0.006049150885	1.1011728e-05	0.010057875427	0.001629811872	0.005179299265	9.9113976e-05	0.013238272829	0.0	0.020896099525
0.0	0.0	0.0	0.0	0.0	0.0	0.0	0.0	0.0	0.0	0.0	0.0	0.0	0.0	0.0	2.1987757e-05	0.0	0.003239076393	0.0	0.007380443085	0.0	0.006170895279	2.2024704e-05	0.010238655963	0.001552722288	0.005158367119	7.7087088e-05	0.013328080319	0.0	0.020821721169
0.0	0.0	0.0	0.0	0.0	0.0	0.0	0.0	0.0	0.0	0.0	0.0	0.0	0.0	0.0	2.1929136e-05	0.0	0.003260881399	0.0	0.007383209703	0.0	0.006181841376	1.1011728e-05	0.010200573034	0.001563745248	0.005135432436	9.910992e-05	0.013318931517	1.1029125e-05	0.020864936075
0.0	0.0	0.0	0.0	0.0	0.0	0.0	0.0	0.0	0.0	0.0	0.0	0.0	0.0	0.0	4.3979913e-05	0.0	0.003371007529	0.0	0.007489414305	0.0	0.006127459841	2.2024704e-05	0.010092374185	0.001717905696	0.005146817733	8.8099128e-05	0.013183224191	1.103025e-05	0.02097552339
0.000374413104	0.004118286013	0.000275325336	0.000693555221	0.000936052416	0.005857904316	0.0	0.0	0.0	0.001981922245	0.0	0.009587696271	0.0	0.000981025198	0.00020922876	0.029856333206	0.0	0.003492150662	0.000847946112	0.010840691159	0.0	0.006137978067	1.1011728e-05	0.028292037085	0.001927147872	0.005212505954	8.8096632e-05	0.016479762348	2.2058375e-05	0.022980050965
0.0	0.0	0.0	0.0	0.0	0.0	0.0	0.0	0.0	0.0	0.0	0.0	0.0	0.00854569346	0.0	2.2043271e-05	0.0	0.031991273896	0.0	0.01065510158	0.0	0.037053913519	0.000297334752	0.011416519486	0.00209232816	0.006503438901	0.000649720344	0.016040315706	0.000275756125	0.022781581621
0.00059465484	0.0	0.0	0.000627333348	1.101204e-05	0.000231152056	0.0	0.0	0.0	0.0	0.0	0.003728399	0.0	0.0	0.0	0.000474320949	0.0	0.003206084314	0.0	0.00742742796	0.0	0.006037787567	3.303768e-05	0.010225402808	0.001684876128	0.005189693146	9.9111792e-05	0.013349920142	0.0	0.020941957013
0.00443790828	0.005937197876	0.004272725808	0.009011827224	0.00398640996	0.006896892849	3.303612e-05	0.004904013747	0.0	0.001310316413	0.0	0.041102059139	0.00057263544	0.008183771222	0.00092503944	0.038584246802	0.0	0.019478652983	0.002191463664	0.014466604141	0.002565911088	0.009398774051	0.00285218232	0.010267276018	0.002356643952	0.005187493934	0.000110124144	0.01326019639	1.103025e-05	0.02090824471
0.000616685472	0.0	0.0	0.000583235309	0.0	0.000209278851	0.0	0.0	0.0	0.0	0.0	0.003690484439	0.0	0.0	0.0	0.000463588785	0.0	0.003129025232	0.0	0.007371079222	0.0	0.006060777284	0.0	0.010068901471	0.001662846432	0.005178289009	0.000110124144	0.013263346174	2.2060375e-05	0.020925667414
0.0	0.0	0.0	0.0	0.0	0.0	0.0	0.0	0.0	0.0	0.0	0.0	0.0	0.0	0.0	5.5024541e-05	0.0	0.003239406768	0.0	0.007444504597	0.0	0.006060479607	2.2023456e-05	0.011612864063	0.001772967456	0.005190773781	8.8098192e-05	0.013297895823	1.1029125e-05	0.020950785559
0.0	0.0	0.0	0.0	0.0	0.0	0.0	0.0	0.0	0.0	0.0	0.0	0.0	0.0	0.0	2.2009446e-05	0.0	0.003349030204	0.0	0.007445262221	0.0	0.006005821355	2.2023456e-05	0.010147065232	0.001706897712	0.005135807608	8.8100376e-05	0.013186433798	1.1030125e-05	0.020931128383
0.004448946528	0.005727096817	0.004305788136	0.008979598061	0.003942384264	0.006841910365	5.5061136e-05	0.005080342628	0.0	0.001310285744	0.0	0.041444065618	0.000561643992	0.008019488192	0.000969077304	0.0384493097	0.0	0.019765273862	0.001982256432	0.014565950064	0.00254387016	0.009431994048	0.002951305968	0.010455682899	0.002290558608	0.005233212981	0.00015417324	0.013338582648	1.1030125e-05	0.020853052498
0.0	0.0	0.0	0.0	0.0	0.0	0.0	0.0	0.0	0.0	0.0	0.0	0.0	0.0	0.0	2.2043661e-05	0.0	0.003194907372	0.0	0.007413968185	0.0	0.005950325668	2.2024704e-05	0.010091843363	0.001574746368	0.005211447307	8.8100376e-05	0.013305315115	1.1030125e-05	0.020898538493
0.004955493816	0.005739402506	0.004757274288	0.008911133653	0.004349822256	0.00697445607	4.404816e-05	0.005057889683	0.0	0.00150837098	0.0	0.041047540993	0.0005175846	0.00811840591	0.000892013616	0.038395652003	0.0	0.01978789093	0.002114379696	0.014487149135	0.002389700976	0.009431075972	0.003050404032	0.010314773756	0.002279553744	0.005201343228	0.000121138056	0.013240842521	0.0	0.020942619931
0.001046161584	0.004196224043	0.000275323464	0.000704477007	0.000947065392	0.010064681665	0.0	0.0	0.0	0.003083298763	0.0	0.01954288996	0.0001431612	0.001311656535	0.000649713168	0.032250987514	0.0	0.00355838759	0.000847945488	0.01091794698	0.0	0.006070903403	2.2023456e-05	0.028283852924	0.001916133648	0.005180076648	8.8096632e-05	0.016470396182	1.1029125e-05	0.023000463109
0.004471082928	0.007235572718	0.004294888416	0.009011824003	0.003964510368	0.008714723765	5.5063008e-05	0.005068672108	0.0	0.001299119653	0.0	0.041347526713	0.000594674496	0.008064677245	0.000947056032	0.038391727112	0.0	0.019678602967	0.00194917008	0.01464819219	0.002576884752	0.009508146527	0.002874210144	0.022865062766	0.002334606144	0.005211494113	0.000132144792	0.013479361667	1.1029125e-05	0.021292409938
0.000627689088	0.0	0.0	0.000748664224	0.000187205616	0.000209150215	0.0	0.0	0.0	0.0	0.0	0.003850585424	0.0	5.5061798e-05	0.000110122272	0.000519076436	0.0	0.007350764851	0.0	0.007803931789	0.0	0.020701048917	0.000308347728	0.010650842361	0.001684872384	0.005278050335	0.00015417012	0.014517251368	0.000110301875	0.021271915865
0.000947047608	0.001695678777	0.0	0.000583424863	0.0	0.000220212155	0.0	0.0	0.0	0.00045123382	0.0	0.003598992745	0.0	0.000451705229	0.0	0.026709967716	0.0	0.003393397698	0.000473534256	0.008651577821	0.0	0.006127414068	1.1011728e-05	0.022554210751	0.001717900704	0.005168403398	0.000110119152	0.013503207965	1.1029125e-05	0.02141340897
0.0	0.0	0.0	0.0	0.0	0.0	0.0	0.0	0.0	0.0	0.0	0.0	0.0	0.0	0.0	3.2905743e-05	0.0	0.003217153766	0.0	0.007360325253	0.0	0.006039160541	2.2025952e-05	0.010126089397	0.001563732144	0.005156840931	8.8098816e-05	0.013237812297	1.103025e-05	0.020930099644
0.00059465952	0.0	0.0	0.000682646295	0.0	0.000231166115	0.0	0.0	0.0	0.0	0.0	0.003626328454	0.0	0.0	0.0	0.020982226844	0.0	0.003503526894	0.000176193264	0.007923545361	0.0	0.00606166764	3.3035184e-05	0.015699868044	0.001673866896	0.005146715494	9.9112416e-05	0.013272997171	1.1029125e-05	0.020888143841
0.0	0.0	0.0	0.0	0.0	0.0	0.0	0.0	0.0	0.0	0.0	0.0	0.0	0.0	0.0	4.4059796e-05	0.0	0.003283474667	0.0	0.007393889855	0.0	0.006049348992	2.2025328e-05	0.010058482569	0.00176196696	0.005157387229	6.6074736e-05	0.01327342944	0.0	0.020994013995
0.0	0.0	0.0	0.0	0.0	0.0	0.0	0.0	0.0	0.0	0.0	0.0	0.0	0.0	0.0	2.2047526e-05	0.0	0.003205568304	0.0	0.007404802788	0.0	0.005972159203	2.2023456e-05	0.010170114092	0.001563742752	0.005178398559	6.607536e-05	0.013305542466	0.0	0.020842760439
0.0	0.0	0.0	0.0	0.0	0.0	0.0	0.0	0.0	0.0	0.0	0.0	0.0	0.0	0.0	3.2982035e-05	0.0	0.003349391557	0.0	0.007296295362	0.0	0.006083133832	1.1011728e-05	0.011454216244	0.001684873008	0.005177473939	8.8099128e-05	0.013239768284	1.1029125e-05	0.020929467252
0.000550602936	0.0	0.0	0.000550290496	0.0	0.000220123421	0.0	0.0	0.0	0.0	0.0	0.003580837026	0.0	0.0	0.0	0.000419373972	0.0	0.003349671928	0.0	0.00732850886	0.0	0.006136715456	1.1011728e-05	0.009948402208	0.001684880496	0.005135699883	0.000110123832	0.013194927487	0.0	0.020952374603
0.000550605744	0.0	0.0	0.00059434635	0.0	0.000220128246	0.0	0.0	0.0	0.0	0.0	0.00359308737	0.0	0.0	0.0	0.000419864987	0.0	0.003371458553	0.0	0.007392253301	0.0	0.006027016998	1.1012976e-05	0.010068870431	0.001695887232	0.005202284842	8.809944e-05	0.013216429396	0.0	0.020931109164
0.00058364748	9.8931759e-05	0.0	0.010936439448	0.000264294576	0.00030821804	0.0	0.0	0.0	0.0	0.0	0.010510964654	0.0	0.008524438632	0.00013214448	0.000451957118	0.0	0.031999791094	0.0	0.010622926327	0.0	0.03710789533	0.00026429832	0.01132567782	0.0020813208	0.006501525737	0.000737816352	0.016118494034	0.000253695375	0.022768985029
0.000583646544	0.0	1.101204e-05	0.000671310545	0.0	0.00024208621	0.0	0.0	0.0	0.0	0.0	0.003593285199	0.0	0.0	0.0	0.000452344304	0.0	0.003360013331	0.0	0.00745609242	0.0	0.006094472464	2.2023456e-05	0.01020099371	0.001728928032	0.005135723379	8.809944e-05	0.01324030185	1.1029125e-05	0.020954166954
0.000583641864	0.0	0.0	0.000572246678	1.101204e-05	0.00020919442	0.0	0.0	0.0	0.0	0.0	0.003581055739	0.0	0.0	0.0	0.000430193239	0.0	0.003338038475	0.0	0.007450245261	0.0	0.006137601792	2.2023456e-05	0.010115994113	0.001695886608	0.005157337267	9.91146e-05	0.013260309905	1.1030125e-05	0.020909595103
0.0	0.0	0.0	0.0	0.0	0.0	0.0	0.0	0.0	0.0	0.0	0.0	0.0	0.0	0.0	2.2009282e-05	0.0	0.003393393698	0.0	0.007370938439	0.0	0.0060932821	1.1011728e-05	0.010047148051	0.00167386128	0.005222835719	8.8101624e-05	0.013219619185	0.0	0.020986540838
0.004470955632	0.005848225277	0.004294760184	0.009032369716	0.003986417448	0.00695174597	3.303612e-05	0.004848158124	0.0	0.001365301786	0.0	0.041180701659	0.000550624464	0.008198213765	0.000914016168	0.038608332282	0.0	0.019569239022	0.002213503968	0.014509854108	0.002554875648	0.009387529268	0.002830158864	0.010266803722	0.002389685376	0.005165742867	0.000121137432	0.013276318516	1.1030125e-05	0.02099595248
0.00445996044	0.005749225259	0.0043057872	0.009021736716	0.00396440928	0.006886485987	0.0	0.005068628896	0.0	0.001288322188	0.0	0.041386114703	0.000561641184	0.008008832552	0.000980100576	0.038397955288	0.0	0.019677510904	0.00193816896	0.014643022002	0.002554889376	0.009376626787	0.003039399792	0.010312145975	0.002246507328	0.005178421456	0.00013214916	0.013296672126	1.1030125e-05	0.020931900745
0.00062769564	0.0	0.0	0.000638563064	0.0	0.000209252659	0.0	0.0	0.0	0.0	0.0	0.003473790048	0.0	0.0	0.0	0.000484815879	0.0	0.003349431956	0.0	0.007414510792	0.0	0.006521459758	2.2024704e-05	0.010079711506	0.00158576184	0.005190953031	8.8099128e-05	0.013238806362	0.0	0.020984814437
0.00443803932	0.005871240699	0.004294880928	0.009142380984	0.003953493648	0.006908356641	0.0	0.004793515281	0.0	0.001354112318	0.0	0.041158395505	0.00052860132	0.008152385265	0.000892000512	0.038297816779	0.0	0.019556342685	0.002169449568	0.014611503171	0.002543864544	0.009486690651	0.002885239344	0.01047764682	0.002345629104	0.005222145404	9.9112416e-05	0.013185159614	1.1029125e-05	0.020907745896
0.0	0.0	0.0	0.0	0.0	0.0	0.0	0.0	0.0	0.0	0.0	0.0	0.0	1.10091e-05	0.0	4.4124229e-05	0.0	0.003305418334	0.0	0.007423736579	0.0	0.00603908184	1.1012976e-05	0.010146846193	0.001618798272	0.005201127369	9.9113976e-05	0.013197220458	1.103025e-05	0.020897196038
0.004933471608	0.005793174654	0.004790313216	0.008890140355	0.004360837104	0.0069414166	6.607224e-05	0.005091576956	0.0	0.001519367892	0.0	0.041002295266	0.000517582728	0.008118169185	0.000892013616	0.038359888183	0.0	0.019710844946	0.002081340768	0.014598585684	0.002411725056	0.009377106683	0.003072427488	0.010437320398	0.00223550496	0.005188976109	0.000121136184	0.01319675845	0.0	0.020963298518
0.00059465484	0.0	0.0	0.000616622668	0.0	0.000231206921	0.0	0.0	0.0	0.0	0.0	0.003573279185	0.0	0.0	0.0	0.000462905938	0.0	0.003216514848	0.0	0.007437776772	0.0	0.006116443682	2.2023456e-05	0.010102763388	0.001563744	0.005166754971	8.8100688e-05	0.013195574232	0.0	0.020961923445
0.004415897304	0.00593690946	0.0043167852	0.009078924399	0.003953384136	0.006864033681	1.101204e-05	0.006456462107	0.0	0.001354462943	0.0	0.042291391083	0.000572632632	0.008559799188	0.000914028336	0.038483921906	0.0	0.021912982146	0.00212537832	0.014586480306	0.002554881264	0.015358719588	0.002852167968	0.010245168614	0.002334597408	0.005234207601	0.000110124144	0.013260026351	0.0	0.020917967975
0.004922457696	0.005804370587	0.004779298368	0.008846430613	0.0043718454	0.00688663968	0.0	0.005080434939	0.0	0.001486586391	0.0	0.041157284931	0.000517587408	0.008130707706	0.000891993024	0.038520040916	0.0	0.019731879129	0.002081345136	0.014578978689	0.002378698608	0.009343705786	0.003039393552	0.010299321775	0.002279554992	0.005169955121	0.000132151032	0.013296498558	1.1030125e-05	0.020896224867
0.000605673432	0.0	0.0	0.000616478324	1.101204e-05	0.000220109073	0.0	0.0	0.0	0.0	0.0	0.003625621911	0.0	0.0	0.0	0.000507797515	0.0	0.003194831684	0.0	0.007415564379	0.0	0.006071735494	2.2023456e-05	0.010245980861	0.001717908816	0.005189615726	8.8099752e-05	0.013340378819	0.0	0.020864322378
0.00444892968	0.005838374573	0.004305772224	0.008944366635	0.003975405408	0.006864438304	4.404816e-05	0.005134023431	0.0	0.001277273162	0.0	0.041290964154	0.000572641992	0.008053642957	0.000969083856	0.038578695106	0.0	0.019712021584	0.001916180448	0.014634289034	0.002565886752	0.009464249669	0.00297331632	0.010436369592	0.002290566096	0.005179481035	0.000132148224	0.013361954572	0.0	0.020939444746
0.0	0.0	0.0	0.0	0.0	0.0	0.0	0.0	0.0	0.0	0.0	0.0	0.0	0.000176088074	0.0	3.3066927e-05	0.0	0.014976757378	0.0	0.008208252864	0.0	0.028850230546	0.00026430144	0.011179646289	0.001817023728	0.005619136856	0.000616681416	0.015939226463	9.9272e-05	0.021965916374
0.0	0.0	0.0	0.0	0.0	0.0	0.0	0.0	0.0	0.0	0.0	0.0	0.0	0.0	0.0	4.3999658e-05	0.0	0.003217231045	0.0	0.00743529439	0.0	0.006027551976	2.202408e-05	0.01020310317	0.001772975568	0.005211493169	8.8099752e-05	0.013298058941	1.103e-05	0.020927692862
0.0	0.0	0.0	0.0	0.0	0.0	0.0	0.0	0.0	0.0	0.0	0.0	0.0	5.5076119e-05	0.0	2.1920209e-05	0.0	0.007461348194	0.0	0.007890560794	0.0	0.020659663885	0.000286320528	0.010663767827	0.001651837824	0.005279054862	0.00014315808	0.014528917714	0.000121332125	0.021348584113
0.0	0.0	0.0	0.0	0.0	0.0	0.0	0.0	0.0	0.0	0.0	0.0	0.0	0.0	0.0	3.3070498e-05	0.0	0.003304983967	0.0	0.007306002476	0.0	0.006203776978	1.1011728e-05	0.010145029106	0.001717905696	0.005191767874	0.000110123208	0.013205350618	1.1029125e-05	0.020962389004
0.0	0.0	0.0	0.0	0.0	0.0	0.0	0.0	0.0	0.0	0.0	0.0	0.0	1.0962672e-05	0.0	2.2009363e-05	0.0	0.003315907829	0.0	0.007370129197	0.0	0.006027761607	3.3036432e-05	0.010159787476	0.001673861904	0.005125696807	0.000110124768	0.01322683661	1.1030125e-05	0.020885867946
0.0	0.000242618417	0.0	0.0	0.0	0.0	0.0	0.0	0.0	0.000308468306	0.0	0.00061725056	0.0	0.000451769489	0.0	0.021797465529	0.0	0.003459440833	0.000517578672	0.008800087586	0.0	0.006127459005	2.2023456e-05	0.022621409393	0.00172891368	0.005225055725	9.9107112e-05	0.013483326223	1.1029125e-05	0.021358787404
0.0	0.0	0.0	0.0	0.0	0.0	0.0	0.0	0.0	0.0	0.0	0.0	0.0	0.0	0.0	3.2963441e-05	0.0	0.003282715007	0.0	0.007335627389	0.0	0.006093169165	1.1011728e-05	0.010145631345	0.0015527304	0.005112560891	7.70874e-05	0.013308780013	0.0	0.020818770643
0.00493364196	0.005791772289	0.004757442768	0.008846428276	0.004338965592	0.006886881355	6.607692e-05	0.005057886687	0.0	0.001387400356	0.0	0.041063088086	0.000539614296	0.008106827087	0.000947051352	0.038270084028	0.0	0.019767820609	0.001982227728	0.014632258657	0.00240071832	0.009409748848	0.003050400912	0.012980443416	0.002224493232	0.005188634304	0.000110125704	0.013286704095	0.0	0.020917516395
0.004735273608	0.005792573041	0.004537055016	0.01143283786	0.004184661312	0.006985589405	2.202408e-05	0.006620515082	0.0	0.003590964265	0.0	0.043232674515	0.001949156352	0.018330502013	0.004889483352	0.040929007482	0.000869982672	0.029474810946	0.00198221712	0.014569507251	0.002521857936	0.031775255244	0.003072442464	0.011511845841	0.002224484496	0.006074047051	0.000836926584	0.015904013518	0.0002757555	0.021891683344
0.000594653904	0.0	0.0	0.000638414895	0.0	0.000220174816	0.0	0.0	0.0	0.0	0.0	0.003505604862	0.0	0.0	0.0	0.000441550782	0.0	0.003205821632	0.0	0.007401632922	0.0	0.006094408678	2.2025328e-05	0.010058469163	0.001563735888	0.00515828425	8.8099752e-05	0.013259799973	1.1030125e-05	0.020885324606
0.0	0.0	0.0	0.0	0.0	0.0	0.0	0.0	0.0	0.0	0.0	0.0	0.0	1.0958808e-05	0.0	3.2986213e-05	0.0	0.003381637424	0.0	0.007443499519	0.0	0.006016283993	2.2023456e-05	0.010147668129	0.001629820608	0.005156521849	8.8101312e-05	0.013239406833	0.0	0.020918227669
0.0	0.0	0.0	0.0	0.0	0.0	0.0	0.0	0.0	0.0	0.0	0.0	0.0	1.1012325e-05	0.0	5.4990076e-05	0.0	0.003239060823	0.0	0.007405350136	0.0	0.006028101274	2.2023456e-05	0.010136910508	0.001728924288	0.005189640186	9.9111168e-05	0.013227798236	1.103025e-05	0.0209518737
0.0	0.0	0.0	0.0	0.0	0.0	0.0	0.0	0.0	0.0	0.0	0.0	0.0	0.0	0.0	3.3017323e-05	0.0	0.003194813315	0.0	0.007426440934	0.0	0.006445980498	2.2024704e-05	0.01013673987	0.001574750112	0.00515701016	7.7087088e-05	0.013249918902	0.0	0.020932349449
0.0	0.0	0.0	0.0	0.0	0.0	0.0	0.0	0.0	0.0	0.0	0.0	0.0	0.0	0.0	4.4009409e-05	0.0	0.003249770322	0.0	0.007413600527	0.0	0.005982802396	0.0	0.010077977128	0.001706897712	0.005202293965	9.9112728e-05	0.013296276995	0.0	0.021040385837
0.004459950144	0.00575904226	0.004294764864	0.016050906657	0.004360839912	0.007017862496	7.7085216e-05	0.011940162629	0.0	0.003832893486	0.0	0.042799551424	0.001839039696	0.034302417591	0.00450402732	0.04468741898	0.001244397648	0.048105990821	0.003094436592	0.017555417277	0.002565899856	0.037946046672	0.002852182944	0.011591191336	0.002896251072	0.006488936723	0.000781871688	0.016146578022	0.00026472675	0.022768805538
0.0	0.0	0.0	0.0	0.0	0.0	0.0	0.0	0.0	0.0	0.0	0.0	0.0	0.0	0.0	2.1922026e-05	0.0	0.003184084139	0.0	0.007448237583	0.0	0.006424878381	0.0	0.010067860788	0.001563735888	0.005155907854	7.7086464e-05	0.013271996977	1.103025e-05	0.020897841454
0.0	0.0	0.0	0.0	0.0	0.0	0.0	0.0	0.0	0.0	0.0	0.0	0.0	1.0962252e-05	0.0	3.2981876e-05	0.0	0.003370978915	0.0	0.00747100611	0.0	0.006027060393	2.2024704e-05	0.010103002336	0.001673865024	0.005144752672	8.809944e-05	0.01326243767	0.0	0.02094019891
0.00444892968	0.005892551927	0.004305771288	0.009044528632	0.003964392432	0.006930016135	1.101204e-05	0.00481627013	0.0	0.001376305083	0.0	0.041200702529	0.000561638376	0.00822826925	0.000914016168	0.038450595637	0.0	0.019468552762	0.002224521936	0.01452133957	0.002554876272	0.00949752546	0.002863201536	0.010279757094	0.002367659424	0.005189367439	0.000121135872	0.013271668734	0.0	0.02090672143
0.0005836428	0.0	0.0	0.000616531986	0.0	0.000220176124	0.0	0.0	0.0	0.0	0.0	0.003582768738	0.0	0.0	0.0	0.000463577273	0.0	0.003404067388	0.0	0.007307965783	0.0	0.006159225962	1.1011728e-05	0.010045252001	0.001651841568	0.005168737409	9.9111792e-05	0.013242666673	0.0	0.020964499581
0.0	0.0	0.0	0.0	0.0	0.0	0.0	0.0	0.0	0.0	0.0	0.0	0.0	0.0	0.0	3.303759e-05	0.0	0.003217198848	0.0	0.007458016353	0.0	0.005949482081	1.1012352e-05	0.010037079235	0.001695884736	0.005168973562	7.7087088e-05	0.013326956276	0.0	0.02100569438
0.004459942656	0.005704814159	0.004294759248	0.008989182249	0.003953381328	0.006863827687	2.202408e-05	0.00506890055	0.0	0.00126621286	0.0	0.041320182978	0.000572652288	0.008052687154	0.00098010432	0.038317146266	0.0	0.019679428456	0.001982256432	0.0145565611	0.002510826864	0.009477084509	0.00301737696	0.010433897555	0.00223550496	0.005235815455	0.000121138056	0.013283863369	2.2060625e-05	0.020888966971
0.0	0.0	0.0	0.0	0.0	0.0	0.0	0.0	0.0	0.0	0.0	0.0	0.0	0.0	0.0	2.1922105e-05	0.0	0.003172860572	0.0	0.007489155515	0.0	0.006115772647	1.1012976e-05	0.010057624907	0.001574743872	0.005125508909	8.8099752e-05	0.013284597191	1.103025e-05	0.02085537836
0.004955669784	0.005838353614	0.004768459488	0.008899340879	0.004316941512	0.007007577823	4.4050968e-05	0.005023889304	0.0	0.001398429682	0.0	0.041017091153	0.000550627272	0.008097260595	0.000936041184	0.038451843417	0.0	0.019875126751	0.00204830184	0.014587650487	0.002411733168	0.009485760828	0.003050402784	0.01027870093	0.002224495104	0.005190433756	0.000110126016	0.013249845352	0.0	0.020927717476
0.000594656712	0.0	0.0	0.000627773276	0.0	0.000253126002	0.0	0.0	0.0	0.0	0.0	0.003506313529	0.0	0.0	0.0	0.000451784613	0.0	0.003294045937	0.0	0.007394424684	0.0	0.006137396415	2.2025952e-05	0.010158948058	0.001618795776	0.005145792737	7.7086152e-05	0.013218637823	0.0	0.021005819715
