0.0	0.0	0.0	0.0	0.0	0.0	0.0	0.0	0.0	0.0	0.0	0.0	0.0	0.0	0.0	0.0	0.0	0.003443947863	0.0	0.001649093528	1.586208e-05	0.005603162033	0.0	0.006966707963	6.3444576e-05	0.006139080315	0.000269643816	0.016977615495	0.000142978375	0.026937576464
0.0	0.0	0.0	0.0	0.0	0.0	0.0	0.0	0.0	0.0	0.0	0.0	0.0	0.0	0.0	0.0	0.0	0.003412112682	0.0	0.001618676364	1.586208e-05	0.005746069755	0.0	0.006982896091	6.3444576e-05	0.00618729207	0.000253782048	0.016897356183	0.000142978875	0.026829288909
0.0	0.0	0.0	0.0	0.0	0.0	0.0	0.0	0.0	0.0	0.0	0.0	0.0	0.0	0.0	0.0	0.0	0.003507711773	0.0	0.001650127964	1.5861456e-05	0.005555732621	1.5861456e-05	0.00674639589	3.1722912e-05	0.006186493645	0.000269648184	0.016928617744	0.000174760625	0.026831774654
0.0	0.0	0.0	0.0	0.0	0.0	0.0	0.0	0.0	0.0	0.0	0.0	0.0	0.0	0.0	0.0	0.0	0.0034282527	0.0	0.001634269619	1.5860208e-05	0.006268411369	0.0	0.006791595859	6.3444576e-05	0.006107063892	0.00025378392	0.017026470614	0.000158872625	0.026686984082
0.0	0.0	0.0	0.0	0.0	0.0	0.0	0.0	0.0	0.0	0.0	0.0	0.0	0.0	0.0	0.0	0.0	0.00339702443	0.0	0.001713028948	3.1722912e-05	0.00572749908	0.0	0.006855148539	7.9305408e-05	0.006076598086	0.00023792496	0.017007718814	0.000158864875	0.02665976766
0.003315004056	0.000983989746	0.000951679872	0.0	0.0	0.0	0.0	0.00176012277	0.000142747488	0.000428207191	0.0	0.006047287533	4.758156e-05	0.00045996393	0.0	0.002633646082	0.0	0.003412667383	1.5861456e-05	0.001665029723	1.5861456e-05	0.005582278391	0.0	0.006839644392	7.9306032e-05	0.006156905802	0.000269646936	0.017040142392	0.00014298775	0.026608303267
0.0	0.0	0.0	0.0	0.0	0.0	0.0	0.0	0.0	0.0	0.0	1.5904268e-05	0.0	0.0	0.0	0.0	0.0	0.003586527109	0.0	0.001665038792	1.586208e-05	0.005826247795	0.0	0.006821865174	4.7584992e-05	0.006219598239	0.000269648808	0.017073787722	0.00015887375	0.026908903887
0.0	0.0	1.5861456e-05	0.0	0.0	0.0	0.0	0.0	0.0	0.0	0.0	0.0	0.0	0.0	0.0	0.0	0.0	0.003428894978	0.0	0.00169664901	1.586208e-05	0.005730281549	0.0	0.006712942198	6.3444576e-05	0.006091600941	0.000253786728	0.017166745067	0.00017476175	0.026768426911
0.007454858112	0.006439346229	0.007201074816	0.016438513716	0.00686797956	0.011945606646	0.00604315764	0.021651498038	0.00096752916	0.003490771941	0.0037908468	0.047574938137	0.000967535712	0.010252714638	0.004790196216	0.042738274446	4.7585616e-05	0.031646719062	0.002046120336	0.024009545791	0.003077107488	0.018251303726	0.004583987616	0.008567744509	0.002426797152	0.008061774357	0.001110308784	0.017470336994	0.000492487	0.033112683309
0.0	0.0	0.0	0.0	0.0	0.0	0.0	0.0	0.0	0.0	0.0	0.0	0.0	0.0	0.0	0.0	0.0	0.005716084386	0.0	0.001696582857	1.5860208e-05	0.018552416141	0.0	0.006853664765	4.758312e-05	0.006855298898	0.000285506208	0.017167833915	0.000174760125	0.028237806049
0.0	0.0	1.5861456e-05	0.0	0.0	0.0	0.0	0.0	0.0	0.0	0.0	0.0	0.0	0.0	0.0	0.0	0.0	0.003444495941	0.0	0.001680959935	1.586208e-05	0.005586461993	0.0	0.006935728097	4.758312e-05	0.006220254505	0.000253782048	0.016977235089	0.000158865375	0.026812007115
0.0	0.0	0.0	0.0	0.0	0.0	0.0	0.0	0.0	3.1697358e-05	0.0	0.0	0.0	0.0	0.0	0.001126403538	0.0	0.003365181677	0.0	0.002745896267	1.5861456e-05	0.005585480254	0.0	0.008553294039	0.000126889152	0.00622107851	0.000285506208	0.017057822204	0.00014297875	0.02673392768
0.0	0.0	0.0	0.0	0.0	0.0	0.0	0.0	0.0	0.000126946889	0.0	0.0	0.0	0.0	0.0	0.002143218361	0.0	0.003476516322	0.0	0.002697348848	3.1722288e-05	0.005618124789	0.0	0.008460057316	0.000111030192	0.006122896454	0.000269646624	0.016817293278	0.000174752125	0.026989178959
0.0	0.0	0.0	0.0	0.0	0.0	0.0	0.0	0.0	0.0	0.0	0.0	0.0	0.0	0.0	0.0	0.0	0.003476163057	0.0	0.001617520825	1.5861456e-05	0.00576337863	0.0	0.006761439176	4.758312e-05	0.006140904767	0.00028550808	0.017023703127	0.000174751625	0.02672284374
0.006995105208	0.006455692329	0.006741319104	0.016581158652	0.006566727024	0.012167889006	0.006154229952	0.021847168316	0.000904125456	0.003507006178	0.003790919808	0.047539528817	0.000951699528	0.01060189613	0.004726845864	0.042643375662	4.7585616e-05	0.031944154265	0.002299878048	0.023899811361	0.00288676128	0.018109433044	0.004853601792	0.008616987009	0.002506103184	0.008076868039	0.001205475024	0.017388566921	0.000460712625	0.033223116979
0.0	0.0	0.0	0.0	0.0	0.0	0.0	0.0	0.0	0.0	0.0	0.0	0.0	1.5822521e-05	0.0	0.0	0.0	0.023678901864	0.0	0.001933938927	3.172104e-05	0.035249326535	0.0	0.006730617777	7.9306032e-05	0.007679793181	0.000666189576	0.018597671377	0.00027008875	0.029157886867
0.007359659424	0.006502563706	0.00709001748	0.016627723658	0.00672519744	0.011883463963	0.006059006928	0.02177503708	0.000935806248	0.003459062453	0.003537126216	0.047549146803	0.00096753384	0.010395605115	0.00477433476	0.042593998281	7.9309152e-05	0.031707488931	0.002046119712	0.023895916787	0.003124696224	0.018220692161	0.004631541408	0.008585793811	0.002474382144	0.00815522177	0.001062723168	0.017515296985	0.000476598	0.033317634804
0.0	0.0	0.0	0.0	0.0	0.0	0.0	0.0	0.0	0.0	0.0	0.0	0.0	0.0	0.0	0.0	0.0	0.003475909482	0.0	0.00163349758	1.586208e-05	0.005667283009	0.0	0.006777422055	6.3445824e-05	0.00614022838	0.000253783296	0.016898823475	0.000158874125	0.026880598302
0.006963260616	0.006535562026	0.006772923144	0.016170487937	0.006519082752	0.012087211652	0.006455645352	0.021796708312	0.00098344116	0.003586594752	0.003949515648	0.047399713631	0.00091998036	0.010395067068	0.004901328432	0.042739260306	6.3447696e-05	0.031564913534	0.002299881792	0.023917009968	0.00302951688	0.018106912377	0.00458395704	0.00917297752	0.002537821728	0.008078116113	0.001142030136	0.017596636633	0.000460712625	0.033032720194
0.0	0.0	0.0	0.0	0.0	0.0	0.0	0.0	0.0	0.0	0.0	0.0	0.0	0.0	0.0	0.001094630973	0.0	0.003380934621	0.0	0.002028737155	3.1722288e-05	0.005553561621	0.0	0.007409009051	4.7583744e-05	0.006187543199	0.000269644128	0.017025968713	0.00015886525	0.02682868495
0.00329913792	0.000999699878	0.000983397168	0.0	0.0	0.0	0.0	0.001728747799	0.00015860988	0.000332988172	0.0	0.006079294011	3.172104e-05	0.000491738507	0.0	0.002714976094	0.0	0.003397607046	1.5860832e-05	0.001713569699	1.5861456e-05	0.005743546793	0.0	0.006840070429	6.3444576e-05	0.006110094283	0.000269644752	0.016994804123	0.000158865625	0.026748736512
0.006392295936	0.007978438251	0.00693160416	0.004839035368	0.006630116688	0.030231938344	0.006820408296	0.009071197625	0.001728900576	0.017403056928	1.5862392e-05	0.017290201289	0.001237180464	0.009332020242	0.004742625888	0.042722459258	4.7584368e-05	0.017092137405	0.001998502896	0.018152290827	0.002284034064	0.010901867291	0.003235716432	0.022742375576	0.001364075856	0.00650605386	0.00072962604	0.023421951077	0.000381277625	0.031561398255
0.0	0.0	1.5861456e-05	0.0	0.0	0.0	0.0	0.0	0.0	0.0	0.0	0.0	0.0	0.0	0.0	0.0	0.0	0.003508472826	0.0	0.001682941954	1.5861456e-05	0.005716186702	0.0	0.006794104925	6.3444576e-05	0.006015234051	0.000269646624	0.017007637177	0.00017475175	0.026769278423
0.0	0.0	0.0	0.0	0.0	0.0	0.0	0.0	0.0	0.0	0.0	0.0	0.0	0.0	0.0	0.0	0.0	0.003396816778	0.0	0.001634262896	3.1723536e-05	0.005711103124	0.0	0.006648197753	6.3443952e-05	0.006141162104	0.000253781112	0.016959918319	0.000222426375	0.026820633737
0.003473612064	0.000952173715	0.001205453808	1.582395e-05	0.0	0.0	0.0	0.001776337032	0.00012688884	0.000443971078	0.0	0.006144734301	6.3443016e-05	0.000333414603	0.0	0.002697295208	0.0	0.003555204676	0.0	0.001634175466	1.5861456e-05	0.005858843585	0.0	0.006683249383	4.758312e-05	0.006140718006	0.000253786416	0.017007288608	0.000190648625	0.026658103733
0.0	0.0	0.0	0.0	0.0	0.0	0.0	0.0	0.0	0.0	0.0	0.0	0.0	0.0	0.0	0.0	0.0	0.00338066982	0.0	0.001602416817	1.5860208e-05	0.005967545881	0.0	0.00682210125	6.3444576e-05	0.006205340608	0.000253785168	0.017090053626	0.000174761125	0.02665357631
0.00696312864	0.00650529513	0.0067252068	0.016628213603	0.006566593176	0.012341845422	0.005947987032	0.021828250655	0.000919974744	0.003411119442	0.003616447536	0.047518459204	0.000983390616	0.010507277614	0.004742628696	0.042598079683	3.1723536e-05	0.0320102215	0.002172987648	0.02399637016	0.002839188144	0.017946747659	0.004806018672	0.008570561794	0.002458525056	0.008090856722	0.001157891904	0.017454291981	0.000444825625	0.033159107958
0.0	0.0	0.0	0.0	0.0	0.0	0.0	0.0	0.0	0.0	0.0	0.0	0.0	0.0	0.0	0.0	0.0	0.003301959886	0.0	0.001634694124	1.5861456e-05	0.005599636661	0.0	0.006775597323	7.9305408e-05	0.006204463072	0.00025378548	0.017089683475	0.00015886525	0.02662517488
0.003267417816	0.00098392604	0.00099925488	0.0	0.0	0.0	0.0	0.001712569459	0.000174468528	0.000332998531	0.0	0.006075218507	0.000111027384	0.000507637129	0.0	0.002713054666	0.0	0.003475504044	1.5861456e-05	0.001618352135	1.586208e-05	0.005650298236	0.0	0.006822276343	7.9305408e-05	0.006233785098	0.000269641944	0.017038723651	0.000127101625	0.026844620359
0.0	0.0	0.0	0.0	0.0	0.0	0.0	0.0	0.0	0.0	0.0	0.0	0.0	0.0	0.0	0.0	0.0	0.003411755292	0.0	0.001585732588	3.1722288e-05	0.005982127813	0.0	0.006713379793	6.3444576e-05	0.006188719015	0.000237924648	0.017055602198	0.00020653925	0.026718699818
0.0	0.0	0.0	0.0	0.0	0.0	0.0	0.0	0.0	0.000348721667	0.0	0.0	0.0	0.000365036448	0.0	0.018415736648	0.0	0.003952527212	0.0	0.004935414724	1.5861456e-05	0.005616524825	6.3444576e-05	0.009903095907	0.000126891024	0.006173109974	0.000253783608	0.017103354988	0.00015886575	0.026861945133
0.00697898916	0.006501914334	0.006741070128	0.016217432909	0.006978981672	0.012072016889	0.006312802392	0.021589354444	0.000967532904	0.003554323392	0.003933583056	0.047467060273	0.000872355744	0.010426847615	0.004980495312	0.042677047162	6.344208e-05	0.031629823805	0.002173049424	0.023896086963	0.002966075424	0.018234595077	0.004599870912	0.008601535869	0.002553700032	0.007966765391	0.001142030448	0.01770261753	0.0004766135	0.033078357177
0.00694726812	0.00661520619	0.006741070128	0.016201824554	0.006550726104	0.012152848232	0.006487265304	0.021796898921	0.000951669576	0.003585920897	0.003981167424	0.047494089084	0.000856495224	0.010490420601	0.004901191776	0.042614066829	4.7581248e-05	0.031692596893	0.002284079616	0.023943055458	0.002966074176	0.018298274208	0.00458400696	0.008570100686	0.002537836704	0.008061239631	0.001189613256	0.017481896926	0.000460726125	0.033177346877
0.007264491624	0.006473361691	0.007042433112	0.016708887298	0.006598305792	0.012200469928	0.005979707136	0.021827998945	0.000935809992	0.003459069878	0.003489538104	0.047615248017	0.000935810928	0.010459616831	0.004742619336	0.042671219614	4.7585616e-05	0.031692065432	0.002061963072	0.024108176884	0.002918495424	0.01815462218	0.004679128896	0.008507075399	0.002442662976	0.008013481607	0.00106272348	0.017501100532	0.000476598	0.033308300553
0.0	0.0	0.0	0.0	0.0	0.0	0.0	0.0	0.0	0.0	0.0	0.0	0.0	0.0	0.0	0.0	0.0	0.003395604243	0.0	0.001633503323	1.5861456e-05	0.005584974801	0.0	0.006746602769	6.34452e-05	0.006157041984	0.000269645064	0.016915618242	0.0001588745	0.02694062938
0.0	0.0	0.0	0.0	0.0	0.0	0.0	0.0	0.0	0.0	0.0	0.0	0.0	0.0	0.0	0.002048448744	0.0	0.003459770852	0.0	0.001601896281	1.5861456e-05	0.005555309519	1.5861456e-05	0.006651758643	1.5861456e-05	0.006236106078	0.000269646936	0.017006706455	0.000190638125	0.02678534834
0.003283274592	0.000983988444	0.001015127568	0.0	0.0	0.0	0.0	0.001712422935	0.000158611752	0.00034886889	0.0	0.006120663693	9.5166864e-05	0.000428272844	0.0	0.002681533954	0.0	0.003507363534	1.5861456e-05	0.001650193378	1.5860208e-05	0.006016425231	0.0	0.006979677508	6.3444576e-05	0.006234769957	0.000285507144	0.01697683162	0.00014298825	0.026922109786
0.00333086364	0.00101561783	0.0009358128	0.0	0.0	0.0	0.0	0.001696828362	0.00014274936	0.000428139945	0.0	0.006063347098	4.7582496e-05	0.000491796751	0.0	0.002668156101	0.0	0.003491937003	1.5860832e-05	0.001714132554	1.5861456e-05	0.00583953769	0.0	0.00684191401	6.3444576e-05	0.006124534836	0.000269645376	0.01691355809	0.000142979125	0.026721115411
0.003378447072	0.001031463687	0.001078561224	0.0	0.0	0.0	0.0	0.001712717245	0.000142750296	0.000443926718	0.0	0.006101188864	7.9304472e-05	0.000428530276	0.0	0.002682940619	0.0	0.00595224716	0.0	0.001666089037	3.1721664e-05	0.018392143566	0.0	0.006745870767	4.7584992e-05	0.00677467399	0.000269647248	0.017151694911	0.0002224225	0.028476911356
0.006994860912	0.006536960223	0.006756940008	0.016596039217	0.006566722344	0.012390506866	0.005900390496	0.021748854027	0.000919973808	0.00344345259	0.003711621888	0.047537707937	0.000983414952	0.010538408448	0.00471098628	0.042661485153	3.1723536e-05	0.031913740875	0.002252294304	0.023908128603	0.00288677064	0.017899022697	0.004821873888	0.008634129102	0.002458520688	0.00804641418	0.00123719856	0.017375204341	0.00046071325	0.03309633537
0.0	0.0	0.0	0.0	0.0	0.0	0.0	0.0	0.0	0.0	0.0	0.0	0.0	0.0	0.0	0.0	0.0	0.003475804551	0.0	0.001714104158	1.586208e-05	0.005777936768	0.0	0.006901449313	4.758312e-05	0.006220797481	0.00026964444	0.017042033688	0.00012709175	0.026715207174
0.0	0.0	0.0	0.0	0.0	0.0	0.0	0.0	0.0	0.0	0.0	0.0	0.0	0.0	0.0	0.0	0.0	0.003523522542	0.0	0.001665703751	1.5861456e-05	0.0057134708	0.0	0.006727834815	4.7584992e-05	0.006141042933	0.000253786728	0.016961490427	0.000190651375	0.026785004996
0.003568852872	0.000920464534	0.00123717672	1.59514e-05	0.0	0.0	0.0	0.001760338565	0.000111027384	0.000428141893	0.0	0.006144546693	3.172104e-05	0.000349402388	0.0	0.002683123068	0.0	0.003475980018	0.0	0.00161747176	1.5861456e-05	0.005857917173	0.0	0.006872865269	6.3444576e-05	0.006061006512	0.000237923088	0.01708668009	0.000158865625	0.026544582162
0.0072010458	0.006503516569	0.006947264376	0.016533442222	0.006582444336	0.01232601531	0.0059321106	0.021859892091	0.00090411984	0.003411323651	0.003568856616	0.047612987644	0.000967531032	0.010490688875	0.0047426184	0.042740713913	4.7585616e-05	0.031738499702	0.002077820784	0.023948692201	0.002823333552	0.018088427202	0.004758434304	0.008493255291	0.00245852568	0.008076802205	0.001173752736	0.017405502511	0.00046071125	0.033272666465
0.007502651208	0.008138063791	0.007201281672	0.016389292945	0.006915648168	0.040447626508	0.00697908744	0.022779462241	0.001538583696	0.030319429452	0.006899655672	0.052449190533	0.00182407212	0.010316164259	0.004790254248	0.042597616347	7.9309152e-05	0.031944650207	0.002061959328	0.02391532872	0.003061260384	0.018155714085	0.004568099952	0.023281265135	0.00241093632	0.00807562911	0.001268923344	0.023831226034	0.000556034125	0.035989612849
0.003346744752	0.001031304237	0.001142012664	0.000632927662	0.0	0.0	0.0	0.00195057122	0.000142747488	0.000428084002	0.0	0.010623019712	7.9305408e-05	0.000491883613	0.0	0.002696663032	0.0	0.009159839727	0.0	0.00164950519	1.5860208e-05	0.027820195187	0.0	0.006713887666	4.7583744e-05	0.007171415445	0.000618596472	0.018198905907	0.0003018645	0.028704883193
0.007454821608	0.006407875033	0.00721690164	0.016407800523	0.006836321232	0.011962929494	0.006090838416	0.021923585794	0.000983395296	0.003538163309	0.003743411256	0.047552919689	0.000919948536	0.012807610381	0.004774289832	0.042689986611	6.3447696e-05	0.03373734476	0.002030291952	0.023897585991	0.003108806688	0.023657845389	0.00458405376	0.008520537804	0.0023951304	0.008233382623	0.001173764592	0.017500074346	0.000524295375	0.03365691916
0.0	0.0	1.5861456e-05	0.0	0.0	0.0	0.0	0.0	0.0	0.0	0.0	0.0	0.0	0.0	0.0	0.0	0.0	0.023789098241	0.0	0.001903860306	1.5860208e-05	0.035237361328	0.0	0.006731436975	3.1722912e-05	0.007616201404	0.000697912176	0.01831281603	0.000254199375	0.029350000139
0.0	0.0	0.0	0.0	0.0	0.0	0.0	0.0	0.0	0.0	0.0	0.0	0.0	1.5823665e-05	0.0	0.0	0.0	0.008921226684	0.0	0.001680622085	1.5860208e-05	0.027695899749	0.0	0.006826371688	6.3443952e-05	0.007221723529	0.000634457616	0.018264573728	0.000270086375	0.028604773953
0.007327943064	0.006598178047	0.007058300184	0.016501719651	0.006741144072	0.011961970173	0.006059093976	0.021720052986	0.000935811864	0.003458653295	0.003489638256	0.047614078469	0.000951678936	0.01299871539	0.004758420888	0.042799891826	6.344208e-05	0.032927117091	0.002014450464	0.023768487538	0.003188126448	0.018897549158	0.004647424704	0.008502699725	0.002426834592	0.008076218098	0.001126186464	0.017404432965	0.000508399	0.033223404364
0.00356879484	0.000952166352	0.001253044728	1.59071e-05	0.0	0.0	0.0	0.0017284415	0.000126887904	0.000443895261	0.0	0.006145300919	4.7582496e-05	0.000349333398	0.0	0.002744332036	0.0	0.003539456959	0.0	0.001698898301	1.586208e-05	0.005730183958	0.0	0.006746754143	6.3444576e-05	0.006046072611	0.000269644752	0.017135206458	0.00014298425	0.026705090558
0.0	0.0	1.5861456e-05	0.0	0.0	0.0	0.0	0.0	0.0	0.0	0.0	0.0	0.0	0.0	0.0	0.0	0.0	0.003492149832	0.0	0.0016495487	1.586208e-05	0.005762976491	0.0	0.006794305432	4.7584368e-05	0.006123414566	0.000269645688	0.016975173463	0.000174762125	0.026849277136
0.0	0.0	0.0	0.0	0.0	0.0	0.0	0.0	0.0	0.0	0.0	0.0	0.0	0.0	0.0	0.0	0.0	0.003349011925	0.0	0.001618254406	3.1722288e-05	0.005647125481	0.0	0.006874138675	6.3444576e-05	0.006235042931	0.000269645064	0.016914580754	0.00011121325	0.026810337752
0.007121746008	0.00659966587	0.006883826976	0.016533787129	0.006630115752	0.012343542317	0.005932214496	0.021862557534	0.000872362296	0.003347377224	0.00356886036	0.04760079718	0.00099925488	0.010539586109	0.004726716696	0.042721363682	4.7582496e-05	0.031785680752	0.002109609216	0.023639762575	0.002870876736	0.01823443635	0.004758534144	0.008520029334	0.002474395872	0.007981759536	0.001157903136	0.017356712692	0.000476625875	0.033272364131
0.000158612688	0.001000110816	1.5861456e-05	0.0	0.0	0.0	0.0	0.001300428012	9.5165928e-05	0.001253433233	0.0	0.0	0.0	0.000460112643	0.0	0.031043454147	0.0	0.005158042758	0.0	0.005871380219	0.001046859216	0.005762146337	0.001284762336	0.013140209468	0.000142749984	0.006187713694	0.000269645064	0.017310476142	0.00036539	0.026783533281
0.0	0.0	0.0	0.0	0.0	0.0	0.0	0.0	0.0	0.0	0.0	0.0	0.0	0.0	0.0	0.0	0.0	0.003411086479	0.0	0.00161895602	3.1723536e-05	0.005601611874	0.0	0.006774932992	7.9305408e-05	0.006219364354	0.00025378548	0.017133538366	0.000206525625	0.026416324854
0.0	0.0	0.0	0.0	0.0	0.0	0.0	0.0	0.0	0.0	0.0	0.0	0.0	0.0	0.0	0.0	0.0	0.004222045941	0.0	0.001650655674	1.5860208e-05	0.010874600908	0.0	0.006838650471	4.758312e-05	0.006442889553	0.000253785792	0.017135002093	0.000158871625	0.027037861005
0.003330931968	0.000999873348	0.000888229368	0.0	0.0	0.0	0.0	0.001760612609	0.000126887904	0.000444041145	0.0	0.006126546296	4.7582496e-05	0.00041266975	0.0	0.002682700067	0.0	0.003492016289	0.0	0.001713949845	1.5861456e-05	0.005730991236	0.0	0.006808628709	4.758312e-05	0.006140929829	0.000253784544	0.017196878196	0.000158865625	0.026690563369
0.007851361752	0.006518418624	0.00753413544	0.016262138103	0.007296207048	0.011945172369	0.00624933972	0.021509968623	0.001046838312	0.003538397617	0.003933589608	0.047482645616	0.000919941984	0.010299813109	0.005059782936	0.042706620401	6.3447696e-05	0.031660129947	0.002030261376	0.023853871556	0.003029471328	0.017964779406	0.004615731744	0.008600016942	0.002521975248	0.00807834799	0.001126169616	0.017673829332	0.000444824	0.032983999404
0.0	0.0	0.0	0.0	0.0	0.0	0.0	0.0	0.0	0.0	0.0	0.0	0.0	0.0	0.0	0.0	0.0	0.005666409677	0.0	0.001713665073	1.5860208e-05	0.018713437009	0.0	0.006855232726	6.3444576e-05	0.006743746044	0.000269646312	0.01713720995	0.00019064625	0.028208952496
0.00020619612	0.000982990526	0.000571008672	0.0	0.0	0.0	0.0	0.001633517071	0.00015860988	0.00141220636	0.0	0.0	1.5861456e-05	0.000364957222	0.0	0.031203855848	0.0	0.0052220457	0.0	0.005899639942	0.000999276096	0.005651474104	0.001189591728	0.013282461743	0.0001268904	0.006267674853	0.00026964444	0.017358619866	0.000365389625	0.026956557286
0.003346723224	0.000999823131	0.001126149336	0.0	0.0	0.0	0.0	0.001791799796	0.000142750296	0.00044397864	0.0	0.006073118502	7.9304472e-05	0.000380909479	0.0	0.002680217731	0.0	0.00358746576	0.0	0.001713643859	3.1722912e-05	0.005584508785	0.0	0.006809973162	3.1722912e-05	0.006122328307	0.000269645688	0.016913429671	0.0001906385	0.026927500859
0.003362708232	0.000920445708	0.001173737448	0.0	0.0	0.0	0.0	0.001775894885	0.000126887904	0.000459803626	0.0	0.006059250253	7.930728e-05	0.000380891749	0.0	0.023396009076	0.0	0.00385688014	0.0	0.004996342883	3.1722288e-05	0.005696919319	9.516624e-05	0.009836689884	9.5168736e-05	0.005995930836	0.000237924024	0.017040855157	0.00019063875	0.026850721987
0.007724519712	0.006456163391	0.007439013504	0.018355834047	0.007105995936	0.011930996786	0.006170134464	0.021798007541	0.00109442268	0.003649235185	0.003933758088	0.047592725781	0.001094442336	0.024996967966	0.007042456512	0.05032397359	0.000967535088	0.043894335836	0.002299947312	0.024100381996	0.003045377712	0.041928277814	0.004552221648	0.008873387081	0.002632996704	0.008824300496	0.001157904696	0.019057779168	0.000524298875	0.03499165499
0.0	0.0	0.0	0.0	0.0	0.0	0.0	0.0	0.0	0.0	0.0	0.0	0.0	0.0	0.0	0.0	0.0	0.003444344179	0.0	0.001649449765	3.1722912e-05	0.005632774342	0.0	0.006823024072	7.9305408e-05	0.006188077397	0.000253786104	0.01721275543	0.000174752	0.026578739531
0.006059211912	0.006773057653	0.00107857152	0.000745619583	0.000793093392	0.002935387374	0.0	0.001982484833	0.00015860988	0.002839892275	0.0	0.006120199391	0.000111031128	0.003999268512	0.000983414016	0.039582299541	1.586208e-05	0.006158123173	0.000951663024	0.016836606938	0.001110300672	0.00574533679	0.001316482128	0.017997214004	0.000126888528	0.006204588529	0.00026964444	0.017964466854	0.00034950325	0.029273033767
0.006963131448	0.006566795875	0.006741071064	0.016471004176	0.00659833668	0.012343901421	0.005979845664	0.021891940272	0.000919949472	0.003411326876	0.003648147048	0.047619147009	0.000967540392	0.010571573088	0.00469498536	0.042723614772	6.3442704e-05	0.032023630405	0.002188914	0.023851403568	0.002823321072	0.017963800153	0.004837867632	0.008458402044	0.002474416464	0.008090604762	0.001205490312	0.017434888097	0.0004448485	0.033285926549
0.00774056088	0.006742928783	0.007455050928	0.016518873249	0.007169417424	0.01185034855	0.006154297344	0.021511009943	0.001094471352	0.003555005952	0.00391774032	0.047517955241	0.000951695784	0.010220841095	0.00469513044	0.042644305357	6.3447696e-05	0.031612572832	0.0020778264	0.023767630124	0.003045387696	0.01808794354	0.004631543904	0.01479530885	0.002569549008	0.008060294196	0.001142029824	0.01812004773	0.00047659975	0.033021599297
0.0	0.0	0.0	0.0	0.0	0.0	0.0	0.0	0.0	0.0	0.0	0.0	0.0	0.0	0.0	0.0	0.0	0.003491532815	0.0	0.001648590995	1.5861456e-05	0.005811716649	0.0	0.00680945524	4.7584368e-05	0.006171884147	0.000269647248	0.01686607013	0.00015886525	0.026848790377
0.00336259404	0.001047347081	0.001078568712	0.0	0.0	0.0	0.0	0.001680783407	0.00015860988	0.000443987422	0.0	0.006152978867	9.5166864e-05	0.000492016706	0.0	0.00268155209	0.0	0.003571198174	1.586208e-05	0.001729809682	1.586208e-05	0.005666974494	0.0	0.006818939784	6.3445824e-05	0.006297668343	0.00025378236	0.016848054572	0.000142978875	0.026938857209
0.006122665224	0.007929765706	0.006741279792	0.00420536632	0.004330242072	0.029821378737	0.004615675272	0.008579423462	0.001713044736	0.015771014649	1.5862392e-05	0.016975332965	0.001221319944	0.007618090112	0.00361645128	0.042691372601	4.7585616e-05	0.014376382001	0.001395780048	0.017275186903	0.001427521056	0.010789979142	0.00341018808	0.022646384477	0.00141165336	0.006614653502	0.000904098624	0.023454968214	0.000365391125	0.031575314921
0.007740339984	0.006503790135	0.007470697104	0.016452563806	0.007121739456	0.011866869348	0.006154173792	0.021575046641	0.00106270164	0.003522324288	0.003917736576	0.047565655249	0.000919944792	0.010268107877	0.0047108646	0.042718530368	4.7585616e-05	0.03164717415	0.00204612408	0.023804015352	0.003013615488	0.018119611264	0.004615707408	0.008441190942	0.002585410464	0.008076343717	0.001078584	0.017642191033	0.000476599625	0.03303927841
0.003394302912	0.000983700549	0.0011261484	0.0	0.0	0.0	0.0	0.001776102207	0.000126887904	0.000459808725	0.0	0.006077281545	6.3443952e-05	0.000380957159	0.0	0.002680011074	0.0	0.003492038125	0.0	0.001682437697	1.5861456e-05	0.005599621262	0.0	0.00668246292	3.1722912e-05	0.006171418723	0.000253786416	0.017054070236	0.00020652475	0.026848640986
0.0	0.0	0.0	0.0	0.0	0.0	0.0	0.0	0.0	0.0	0.0	0.0	0.0	0.0	0.0	0.0	0.0	0.003507977418	0.0	0.001681814592	1.5861456e-05	0.005680855746	0.0	0.006729652278	6.3444576e-05	0.006139909996	0.000285507456	0.01712009995	0.000142979125	0.026642429751
0.007597590624	0.006501947452	0.007327947744	0.016851488112	0.006931489032	0.011945797246	0.006043224096	0.021874876336	0.00096752916	0.003538210623	0.003949618608	0.047560834546	0.001142020152	0.01836197927	0.006741069192	0.042704875321	6.3447696e-05	0.035038680841	0.002046165888	0.023960319193	0.003140542704	0.031563697487	0.004552313376	0.008826516055	0.002474440176	0.008663503669	0.001062741888	0.017880997716	0.000492518875	0.034762936492
0.0	0.0	1.5861456e-05	0.0	0.0	0.0	0.0	0.0	0.0	0.0	0.0	0.0	0.0	0.0	0.0	0.0	0.0	0.003349341133	0.0	0.001665179454	1.586208e-05	0.005600816488	0.0	0.006839589432	7.9305408e-05	0.006204380246	0.000237924336	0.017152547731	0.00015887375	0.026625183836
0.007613448336	0.006503349443	0.007327944936	0.01659797252	0.006963125832	0.011944397705	0.0060431436	0.021619651995	0.000999253008	0.003538263985	0.003965310648	0.047690699935	0.000935807184	0.010141125199	0.004806049248	0.042707410336	6.3447072e-05	0.031900846794	0.002061979296	0.023945520462	0.00307710624	0.018169313608	0.004568123664	0.008505723949	0.002569549632	0.007979668153	0.0011103066	0.017565300384	0.000476599625	0.033116356955
0.0	0.0	0.0	0.0	0.0	0.0	0.0	0.0	0.0	0.0	0.0	0.0	0.0	0.0	0.0	0.0	0.0	0.003475743355	0.0	0.00165113283	1.5861456e-05	0.005554006049	1.5861456e-05	0.006780358216	4.7584368e-05	0.006138683442	0.000269647248	0.016962242286	0.00017475175	0.026832733606
0.0	0.0	0.0	0.0	0.0	0.0	0.0	0.0	0.0	0.0	0.0	0.0	0.0	0.0	0.0	0.0	0.0	0.003381339264	0.0	0.001698213025	1.5861456e-05	0.005680584623	0.0	0.00693442374	6.3444576e-05	0.006111477317	0.000269645688	0.016945637068	0.000111205625	0.026713392692
0.00323569584	0.000999821994	0.001046838312	0.0	0.0	0.0	0.0	0.001665236284	0.000174473208	0.000443972953	0.0	0.006165741917	0.000111027384	0.000491825441	0.0	0.002664907621	0.0	0.00358644022	1.5860832e-05	0.001713120709	1.5860208e-05	0.006127096321	0.0	0.006936480583	6.3444576e-05	0.006187006502	0.000253782672	0.016994915862	0.00012709825	0.026970722077
0.006963158592	0.006630491937	0.006725236752	0.0165012625	0.006598332936	0.012010924966	0.006503133312	0.02179771724	0.00093580812	0.003490734294	0.003870146592	0.04752725924	0.000761334912	0.010522543444	0.00480602772	0.042642766718	4.7581248e-05	0.031708829666	0.002299940448	0.024065167412	0.002918491056	0.018232067969	0.004710896736	0.008537739818	0.002585433552	0.008043193985	0.001157899704	0.017437855066	0.000460736375	0.033079177387
0.00696325968	0.006521073681	0.006725339712	0.01624712398	0.006868038528	0.012008995907	0.006328776168	0.021654865681	0.000999299808	0.003586699156	0.003933651384	0.047482576827	0.000904112352	0.010426293443	0.004964775192	0.042692077577	4.7585616e-05	0.031564216207	0.002252308032	0.023849851557	0.003029521872	0.017947762149	0.004647406608	0.01036473872	0.00252196152	0.00804498947	0.001142030448	0.017675962923	0.000460711	0.032983730753
0.007851395448	0.006472574947	0.00756588924	0.025226530551	0.007597709496	0.011786948404	0.006328753704	0.022337895446	0.001062714744	0.003903231903	0.003949626096	0.047611633628	0.001110309408	0.033200774239	0.007565853672	0.056298478159	0.000951676128	0.076989369622	0.003886125984	0.02441935297	0.00304539768	0.051719781955	0.004583979504	0.00958797918	0.0046633548	0.009157289244	0.001205495616	0.019439322492	0.000556068875	0.035617970359
0.0	0.0	0.0	0.0	0.0	0.0	0.0	0.0	0.0	0.0	0.0	0.0	0.0	0.0	0.0	0.0	0.0	0.003380594846	0.0	0.001713294937	3.1722912e-05	0.00574452893	0.0	0.006694479959	4.7584992e-05	0.006028058759	0.000222063816	0.016866038594	0.000190650625	0.026817413769
0.0	0.0	0.0	0.0	0.0	0.0	0.0	0.0	0.0	0.0	0.0	0.0	0.0	0.0	0.0	0.0	0.0	0.003347578027	0.0	0.00158630481	3.1723536e-05	0.005615967778	0.0	0.006838282365	7.9305408e-05	0.006091672502	0.0002537808	0.017121360774	0.000190648625	0.026465857704
0.0	0.0	0.0	0.0	0.0	0.0	0.0	0.0	0.0	0.0	0.0	0.0	0.0	0.0	0.0	0.0	0.0	0.00422189624	0.0	0.001697514804	1.5860208e-05	0.010983917007	0.0	0.006918452932	4.758312e-05	0.006520180784	0.000269646	0.016930455581	0.00014298825	0.027109715355
0.00699485436	0.006567141627	0.006693488568	0.016486346068	0.006598309536	0.012152679603	0.006170052096	0.021813767315	0.00095166864	0.003459067931	0.00377497224	0.047522703098	0.00096753384	0.010426860171	0.004774302936	0.042657664171	3.172104e-05	0.031739130687	0.002315806896	0.024104608066	0.002886758784	0.018089108814	0.004869521904	0.008540368225	0.002553720624	0.007951198716	0.00115790064	0.017405808374	0.000460736375	0.033108410982
0.003235689288	0.001047339886	0.001046842992	0.0	0.0	0.0	0.0	0.001696545913	0.000174471336	0.000443976502	0.0	0.006168482591	9.5165928e-05	0.00047605544	0.0	0.002744979835	0.0	0.003603386919	1.5860832e-05	0.001665885759	1.5861456e-05	0.005778145737	0.0	0.006759558086	6.3444576e-05	0.006109159035	0.000269644752	0.016910927766	0.000158865375	0.026859993686
0.003330989064	0.002348527643	0.001173736512	0.0	0.0	0.0	0.0	0.001823460423	0.000126887904	0.001951032939	0.0	0.006119717616	7.930728e-05	0.000412712512	0.0	0.035662888523	0.0	0.005348806453	1.586208e-05	0.008505787332	0.00141167208	0.005697242092	0.001268895264	0.013207439291	9.5168736e-05	0.006188345069	0.00025378548	0.017327917262	0.00038127675	0.026814908529
0.0	0.0	0.0	0.0	0.0	0.0	0.0	0.0	0.0	0.0	0.0	0.0	0.0	0.0	0.0	0.000983697361	0.0	0.00347531168	0.0	0.0016344376	1.5861456e-05	0.005554155258	0.0	0.006761308753	3.1722912e-05	0.00615582869	0.000285507456	0.016993904495	0.00017475175	0.026926439566
0.003410286984	0.000936449265	0.001205461296	0.0	0.0	0.0	0.0	0.001728369867	0.000126887904	0.000444010367	0.0	0.00607901052	6.3444888e-05	0.000349214199	0.0	0.002712787014	0.0	0.003460342355	0.0	0.002681543964	1.5861456e-05	0.005696836582	0.0	0.008347321734	0.000174472896	0.006157289984	0.000253785168	0.0169629535	0.000222412125	0.026835291478
0.0	0.0	1.5861456e-05	0.0	0.0	0.0	0.0	0.0	0.0	0.0	0.0	0.0	0.0	0.0	0.0	0.002065006837	0.0	0.003444267461	0.0	0.00201306542	1.5861456e-05	0.005584498165	0.0	0.007252493837	4.7584368e-05	0.006061380798	0.00025378548	0.016991876996	0.00022241175	0.026787258
0.0	0.0	0.0	0.0	0.0	0.0	0.0	0.0	0.0	0.0	0.0	0.0	0.0	0.0	0.0	0.0	0.0	0.003427598114	0.0	0.001602009678	1.586208e-05	0.005683366189	0.0	0.006791625067	6.3444576e-05	0.006063236558	0.000253783296	0.017025716883	0.000174752375	0.026606498264
0.003330859896	0.001015534297	0.001110288816	0.0	0.0	0.0	0.0	0.001696551152	0.00015860988	0.000443990566	0.0	0.006124846521	9.5165928e-05	0.000428632118	0.0	0.002664836637	0.0	0.003635391498	1.586208e-05	0.001745208786	1.586208e-05	0.005587171338	0.0	0.006870186657	6.3445824e-05	0.00620277255	0.000269645064	0.016880813444	0.000158865375	0.026845523066
0.0	0.0	0.0	0.0	0.0	0.0	0.0	0.0	0.0	0.000126958683	0.0	0.0	0.0	0.000380815447	0.0	0.017228787053	0.0	0.003856715929	0.0	0.004872915076	1.5861456e-05	0.005745649948	0.000126887904	0.00991766687	0.000142749984	0.006219244528	0.000253783296	0.017216428168	0.00012709225	0.026859444392
0.0	0.0	0.0	0.0	0.0	0.0	0.0	0.0	0.0	0.0	0.0	0.0	0.0	0.0	0.0	0.0	0.0	0.003460054839	0.0	0.001617412594	1.5861456e-05	0.005538592092	0.0	0.006792339173	4.7584992e-05	0.006075920673	0.000253786416	0.016864895088	0.000174761	0.027022617813
0.003378442392	0.000951889391	0.00115786944	0.0	0.0	0.0	0.0	0.001791778334	0.000126887904	0.000444062116	0.0	0.006128319602	4.7582496e-05	0.000396892894	0.0	0.002617387081	0.0	0.003491435465	0.0	0.001602248955	3.1721664e-05	0.005618573887	0.0	0.006681554728	6.3444576e-05	0.00622123344	0.00026964756	0.017036935235	0.000222423625	0.02681833067
0.003362580936	0.000999997506	0.0011578788	0.00339105421	0.0	0.0	0.0	0.001983375474	0.000126901008	0.000428203324	0.001649632608	0.010612720774	6.3443952e-05	0.000555566279	0.0	0.002681982548	0.0	0.023903284984	6.3446448e-05	0.002031001883	1.5860208e-05	0.035364487834	1.5861456e-05	0.006729633093	3.1722912e-05	0.007664291539	0.000618610512	0.018517377992	0.000270091875	0.029224379163
0.006995105208	0.006582512057	0.006757181496	0.016455024743	0.006598417176	0.012120278898	0.00645562944	0.021768826715	0.000935848368	0.003490876474	0.003870216792	0.047414420902	0.000777222576	0.010602419598	0.004790292624	0.042739170289	4.7585616e-05	0.031770996541	0.00228402096	0.024026888585	0.002997791472	0.018123748392	0.004758435552	0.00858593039	0.002569547136	0.008012562632	0.001157892216	0.017533813023	0.000476598625	0.03313228343
0.006138425592	0.007948454362	0.006757027992	0.004236525923	0.004282612776	0.029362235346	0.005170867416	0.008246600842	0.001617883488	0.02195955035	3.1723848e-05	0.016139730927	0.001078568712	0.007475112799	0.00366405156	0.042627582878	4.7585616e-05	0.014503076911	0.001379918592	0.017361190801	0.001490974368	0.010883651337	0.003283304544	0.022677395215	0.00136407336	0.006425663595	0.000840653424	0.02349814159	0.000381277	0.031289979736
0.0	0.0	0.0	0.0	0.0	0.0	0.0	0.0	0.0	0.0	0.0	0.0	0.0	0.0	0.0	0.0	0.0	0.003476223523	0.0	0.00168087177	1.5861456e-05	0.005697764563	0.0	0.006872350509	4.7584368e-05	0.006109767475	0.000237924336	0.016977920901	0.00019063825	0.026672344709
0.007819781112	0.006599409266	0.007518416256	0.016279597835	0.007312159296	0.011803134371	0.006297051384	0.021655644776	0.001015163136	0.003586136388	0.003933593352	0.047533285367	0.000904112352	0.010236261985	0.0050440806	0.042719950954	4.7585616e-05	0.031549407641	0.002046099744	0.023865532991	0.00299779896	0.017992879528	0.004631543904	0.011744363708	0.002537825472	0.008109070908	0.001094445456	0.017928962805	0.00046071275	0.033017399364
0.006994837512	0.006615353199	0.006725196504	0.01634258858	0.00659830392	0.012313158494	0.00583705512	0.021815613991	0.00093580812	0.003459079404	0.003711514248	0.047567744783	0.00096752448	0.010650110269	0.004710874896	0.042597438525	3.172104e-05	0.031976826385	0.002299941072	0.024057805114	0.002870887344	0.017945569662	0.004853618016	0.008522748014	0.002474394	0.008092029733	0.001237206048	0.017418926559	0.00047662425	0.033225688497
0.004917131856	0.006693792542	0.000999262368	0.000808797937	0.000840659976	0.002999655252	1.5861456e-05	0.002030383689	0.00014274936	0.006220130059	0.0	0.004825322093	0.0	0.004190531797	0.000713766456	0.039440420734	3.1723536e-05	0.005872019323	0.000967526352	0.016677566526	0.001126167744	0.005619735987	0.001395788784	0.018028194854	0.000158610816	0.006235999944	0.000237922464	0.018073059232	0.000333617	0.029083669874
0.00631298304	0.007170600061	0.001189601712	0.001014902472	0.002109565224	0.007522525461	0.00031722444	0.002172706505	0.00015860988	0.003363679688	0.0	0.006309708319	0.000317237544	0.005761285027	0.001855787544	0.040580902942	3.1722912e-05	0.006728327007	0.001284748608	0.01742149343	0.001808203488	0.005824554057	0.001268895888	0.01802857045	9.5168112e-05	0.006266974879	0.000269646936	0.01802558214	0.000365389875	0.029161788217
0.003346715736	0.000983931173	0.001062704448	0.0	0.0	0.0	0.0	0.001664993656	0.000158608008	0.000443863346	0.0	0.00611759523	9.5165928e-05	0.000491915659	0.0	0.002682325016	0.0	0.004333192799	1.5861456e-05	0.001695747594	1.5860208e-05	0.010870637006	0.0	0.006809629312	4.7584368e-05	0.006424798144	0.000253784232	0.017042979067	0.000174762125	0.027113432042
0.003299136984	0.000968073413	0.00098340372	0.0	0.0	0.0	0.0	0.001744396219	0.000158611752	0.000364754657	0.0	0.006142154218	3.1724784e-05	0.00049174487	0.0	0.002729589339	0.0	0.003427294368	1.5860832e-05	0.001663960278	3.1723536e-05	0.00563341455	0.0	0.006776015088	7.9305408e-05	0.006092431644	0.000269645688	0.016976265274	0.00017476225	0.026652353287
0.003267411264	0.000983786026	0.001015119144	0.0	0.0	0.0	0.0	0.001712630328	0.00015860988	0.000332977241	0.0	0.006122016959	0.000111026448	0.000476040652	0.0	0.00268112911	0.0	0.003428387117	1.5860832e-05	0.00168222372	3.1722288e-05	0.005693664591	0.0	0.006776573171	7.9305408e-05	0.006204392201	0.000285507144	0.017026420759	0.000142978125	0.026733110932
0.0	0.0	0.0	0.0	0.0	0.0	0.0	0.0	0.0	0.0	0.0	0.0	0.0	0.0	0.0	0.0	0.0	0.003380327278	0.0	0.001569648738	1.5861456e-05	0.005522752353	0.0	0.00696423877	7.9305408e-05	0.006218291474	0.000269646	0.017023851204	0.000142979	0.026735486616
0.007613672976	0.007249415356	0.00731230344	0.016502761874	0.007026669	0.014768653817	0.006138436824	0.021715850533	0.00103102272	0.003935535372	0.00396532656	0.047642653367	0.000904112352	0.010030232847	0.004790257992	0.042789026426	4.7585616e-05	0.031947166129	0.002046105984	0.023928898172	0.002997810816	0.018171306012	0.004599820992	0.019791550332	0.002601270048	0.008046508735	0.001094445456	0.018483920795	0.000476599375	0.033511834376
0.00323569116	0.001031280906	0.001015118208	0.0	0.0	0.0	0.0	0.001712643083	0.00015860988	0.0003646964	0.0	0.006137508098	0.000111026448	0.000507884875	0.0	0.002712407043	0.0	0.003490840002	0.0	0.00166490601	1.5861456e-05	0.005618658912	0.0	0.006821802604	6.3444576e-05	0.006186475466	0.000269644752	0.016880422716	0.000127092375	0.026894406513
0.003283270848	0.000983690409	0.000951666768	0.0	0.0	0.0	0.0	0.001776186423	0.00011102832	0.000443979738	0.0	0.006095958522	4.7582496e-05	0.000396699764	0.0	0.002681027173	0.0	0.003571442764	0.0	0.001713022224	1.586208e-05	0.005775835824	0.0	0.006729671047	6.3444576e-05	0.006171068761	0.000253785168	0.017184854941	0.00014298575	0.026596236891
0.0	0.0	0.0	0.0	0.0	0.0	0.0	0.0	0.0	0.0	0.0	0.0	0.0	0.0	0.0	0.0	0.0	0.003347889929	0.0	0.001585011605	3.1722912e-05	0.005585811038	0.0	0.006933067238	7.9305408e-05	0.006062153836	0.000253784856	0.017088830065	0.000174752125	0.026606992196
0.0	0.0	0.0	0.0	0.0	0.0	0.0	0.0	0.0	0.0	0.0	0.0	0.0	0.0	0.0	0.0	0.0	0.003317528122	0.0	0.001697275349	1.5861456e-05	0.005727275995	0.0	0.006839678645	7.9306032e-05	0.006170849293	0.000269647872	0.017136318659	0.000158875875	0.026646797111
0.007248639528	0.006488700592	0.00696313332	0.016676596392	0.006646003416	0.01231258819	0.005932230408	0.021780477808	0.000904084272	0.003395378557	0.003489642936	0.047582888891	0.000967539456	0.0104440995	0.004774272984	0.042639767502	4.7581872e-05	0.031833304583	0.002046154032	0.023754399133	0.002886765648	0.018455392492	0.004695090192	0.008568129765	0.002442690432	0.008186808856	0.001078597416	0.017418564923	0.000508401	0.033334831795
0.0	0.0	0.0	0.0	0.0	0.0	0.0	0.0	0.0	0.0	0.0	0.0	0.0	0.0	0.0	0.0	0.0	0.003396735718	0.0	0.001586854645	1.5860208e-05	0.0063318988	0.0	0.006889424283	6.3444576e-05	0.006077548738	0.000237924336	0.017040558276	0.000158871375	0.026544617998
0.0	0.0	0.0	0.0	0.0	0.0	0.0	0.0	0.0	0.0	0.0	0.0	0.0	0.0	0.0	0.0	0.0	0.003475825507	0.0	0.001648803976	1.586208e-05	0.00585868712	0.0	0.00688710504	6.3444576e-05	0.006108931836	0.00026964444	0.017121461617	0.000142978375	0.026702980785
0.003521312496	0.000936351524	0.001221322752	0.0	0.0	0.0	0.0	0.00174428099	0.000111027384	0.000459886155	0.0	0.006081918631	4.7582496e-05	0.000380937138	0.0	0.002667309724	0.0	0.003491112287	0.0	0.001981801304	3.1722912e-05	0.005698618857	0.0	0.007301362564	6.3444576e-05	0.006173133396	0.000253785168	0.016977389977	0.00020652525	0.026688939387
0.0	0.0	0.0	0.0	0.0	0.0	0.0	0.0	0.0	0.0	0.0	0.0	0.0	0.0	0.0	0.0	0.0	0.009049434006	0.0	0.001664853849	3.172104e-05	0.027788286915	0.0	0.00683907007	6.3443952e-05	0.007312401982	0.000682040424	0.018296542767	0.00025419975	0.028763479092
0.0	0.0	0.0	0.0	0.0	0.0	0.0	0.0	0.0	0.0	0.0	0.0	0.0	0.0	0.0	0.0	0.0	0.003428823823	0.0	0.001665024693	3.1722912e-05	0.005554454347	0.0	0.006855786775	4.7584368e-05	0.006092157842	0.000269645376	0.016882819424	0.000158865	0.026971230234
