0.0119818296	0.02396674196	0.012334092264	0.034449609964	0.012334087584	0.020009075689	0.010647689832	0.050017244085	0.003951892152	0.007077009671	0.010974700152	0.063569847758	7.5518352e-05	0.021111005353	0.011276721144	0.061685399069	0.000503419488	0.040397231656	0.001006847088	0.061676363368	0.003549223392	0.031531568135	0.00815568312	0.01554294642	0.001988536368	0.013702174874	0.002013687312	0.025784936572	0.000428591125	0.056929617625
0.013693554576	0.026283781589	0.009514844352	0.013174410246	0.010924381728	0.027282507888	0.010144135872	0.021046111872	0.002945000448	0.026769769498	0.002517085584	0.013972798139	5.0339952e-05	0.007253712239	0.003951883728	0.061582208061	0.000528589152	0.017253076783	0.000855816624	0.050944575017	0.002089223136	0.012566327001	0.004304350752	0.017223936629	0.001334072064	0.010298196134	0.001661334168	0.025606678542	0.0005042365	0.046957385099
0.012132854136	0.023468052593	0.0111258108	0.035051895261	0.010798555248	0.019580444139	0.011327316624	0.050270141713	0.004203689256	0.005011789343	0.0099176688	0.063418037035	2.5172784e-05	0.021587025325	0.010848777264	0.061478041246	0.000553783152	0.040195431383	0.001057203888	0.061376240064	0.003649868976	0.031782481828	0.008507916144	0.011233724404	0.00216473712	0.013521138327	0.00234093132	0.024144320144	0.0004285865	0.056279925204
0.0	0.0	0.0	0.0	0.0	0.0	0.0	0.0	0.0	0.0	0.0	0.0	0.0	0.0	0.0	0.0	0.0	0.000857566139	0.0	0.000201349378	0.0	0.003246766882	0.0	0.004737384019	0.0	0.003949833137	0.0	0.01770023601	0.0	0.037625072692
0.0	0.0	0.0	0.0	0.0	0.0	0.0	0.0	0.0	0.0	0.0	0.0	0.0	0.0	0.0	0.0	0.0	0.000781741114	0.0	0.000200790797	0.0	0.003197524585	0.0	0.004586817825	0.0	0.004175222151	0.0	0.017922866923	0.0	0.037034128427
0.013718305224	0.023165147195	0.012585587976	0.034321531004	0.011654226792	0.019658164574	0.010194245568	0.050075395491	0.00448062732	0.004508315668	0.010219788072	0.063339781425	7.5518352e-05	0.021059626361	0.010722943296	0.061579030422	0.000528597888	0.040348216407	0.00085584408	0.061642125217	0.003700214544	0.031955276734	0.007803081936	0.011231834749	0.002164738368	0.013648532364	0.002265440112	0.023919758979	0.000453798125	0.057008073879
0.009162258768	0.006122055708	0.004958690256	0.003750983082	0.000780299208	0.00331995622	0.005034166488	0.007327527228	0.0	0.000553926714	5.0341824e-05	0.010245841874	0.0	0.001008490255	0.000100681776	0.005060073321	0.000553772544	0.001562236789	7.551648e-05	0.002467692796	0.0	0.004909527142	0.0	0.005139362831	0.000100687392	0.004050150127	0.0	0.017848086516	0.0	0.039577925124
0.009111938472	0.006197102089	0.004883236488	0.006320071126	0.000755123616	0.003320205604	0.005059410408	0.007783706548	0.0	0.001435446982	5.0341824e-05	0.011881154606	0.0	0.001485747259	0.000201369168	0.008714251469	0.001384458192	0.008587127015	5.033808e-05	0.00256880951	0.0	0.028986281872	0.0	0.005966670264	0.000402727104	0.004049707793	0.0	0.018610093844	0.0	0.043332533451
0.0	0.0	0.0	0.0	0.0	0.0	0.0	0.0	0.0	0.0	0.0	0.0	0.0	0.0	0.0	0.0	0.0	0.000806865969	0.0	0.000201967877	0.0	0.003195288278	0.0	0.004609194806	0.0	0.004000935374	0.0	0.017774707841	0.0	0.037244962824
0.010420814664	0.006447772663	0.005336270784	0.003346891509	0.00098164872	0.003522445548	0.004883136336	0.007907648872	0.0	0.000402844183	0.000100683648	0.010240464542	0.0	0.000931707876	2.516904e-05	0.005112112686	0.000553764432	0.001638147156	0.000151029216	0.002618713524	0.0	0.005111768867	0.0	0.004963708983	0.000151022352	0.004074008445	0.0	0.017624751069	0.0	0.039910541558
0.003347862336	0.001384742211	0.00138442356	0.0	0.0	0.0	0.0	0.0	0.0	2.5186125e-05	2.5169976e-05	0.0	0.0	0.0	0.0	0.00065510098	0.0	0.000882867837	0.0	0.000831519674	0.0	0.003145873352	0.0	0.004582727064	0.0	0.004000841026	0.0	0.017774935944	0.0	0.037343659106
0.001183041288	0.0	0.0	0.0	0.0	0.0	0.0	0.0	0.0	0.0	0.0	0.0	0.0	0.0	0.0	0.000453369265	0.0	0.00088268591	0.0	0.000855641511	0.0	0.003196824121	0.0	0.004533483794	0.0	0.004049021451	0.0	0.017847822042	0.0	0.037314813229
0.01366823016	0.029004160932	0.012535401528	0.022260522466	0.012233326248	0.057594552182	0.012233424528	0.052518680409	0.00425391408	0.065321507114	0.009565046712	0.072499178389	0.0013592592	0.016975321262	0.011578754304	0.061584901118	0.000553761936	0.033796778755	0.001006840848	0.060318168084	0.003624736128	0.019241590841	0.00712359336	0.019740620154	0.001485098784	0.011657146499	0.002139584928	0.03530286334	0.00047903675	0.05691302484
0.010647787176	0.00614796855	0.004983953832	0.003701208287	0.000805506624	0.003295673261	0.004631573232	0.007449495087	0.0	0.001057521008	5.0339952e-05	0.010321212694	0.0	0.001033745242	5.0344632e-05	0.006365204646	0.00055375944	0.00163780864	5.0343696e-05	0.01153546499	0.0	0.005036307103	0.0	0.006853471441	0.000125857056	0.004152586455	0.0	0.017750446311	0.0	0.04003146499
0.013743477072	0.023215266539	0.01268627256	0.034521379603	0.011226335328	0.019557137697	0.01024461828	0.050074002533	0.004505794488	0.004584368022	0.009993228336	0.063719680659	7.5517416e-05	0.021236638282	0.010546762824	0.061556522147	0.000553768176	0.040598439911	0.00085584096	0.061594267478	0.003851236896	0.031857435963	0.007928948352	0.011208618542	0.002114387184	0.01367277529	0.0023912304	0.023895351364	0.000529428375	0.056958568067
0.003247070112	0.000830360146	0.001535441544	0.0	0.0	0.0	0.0	0.0	0.0	0.0	2.5170912e-05	0.0	0.0	0.0	0.0	0.0	0.0	0.000781834967	0.0	0.000201735857	0.0	0.003195950081	0.0	0.004507229456	0.0	0.004025537963	0.0	0.017729754972	0.0	0.037187963541
0.00913715244	0.006121476556	0.004858066512	0.003372075297	0.000780307632	0.003320132483	0.005235531912	0.007331863707	0.0	0.000553793329	5.0341824e-05	0.010245071126	0.0	0.001460659968	0.000201371976	0.008765127216	0.001384453824	0.003199681986	0.00010067928	0.00251679924	0.0	0.023787442671	0.0	0.005186856853	0.000125852064	0.004073914769	0.0	0.018281196697	0.0	0.040786325881
0.003725314632	0.000956571961	0.001636114896	0.0	0.0	0.0	0.0	0.0	0.0	0.0	0.0	0.0	0.0	0.0	0.0	0.0	0.0	0.000958089789	0.0	0.000175701306	0.0	0.003273000447	0.0	0.004633860027	0.0	0.00410138205	0.0	0.017548906384	0.0	0.037468067135
0.013667962464	0.02329360618	0.01273661532	0.035198533924	0.010823572656	0.019706485854	0.010144062864	0.049970660952	0.00443028924	0.004635152768	0.00984223188	0.063510664447	5.0345568e-05	0.021439671938	0.010395756072	0.061630092543	0.000578951568	0.04042354398	0.000906187776	0.061746185721	0.003826069728	0.031679322841	0.008054830992	0.01118166546	0.002139553728	0.013623418377	0.002366052312	0.02394533032	0.000529429375	0.056673987675
0.010471585176	0.006322809276	0.00541191924	0.003398253512	0.000830677536	0.003220178877	0.004656739464	0.007726492955	0.0	0.000629388629	7.5512736e-05	0.010269214368	0.0	0.001032802793	5.034276e-05	0.005110131905	0.000528591024	0.001612597197	2.517216e-05	0.003527303441	0.0	0.005110995494	0.0	0.005089664683	0.000151027344	0.004125992481	0.0	0.017672764241	0.0	0.03953575374
0.005361625152	0.008085691215	0.004858150752	0.0	0.00070483608	0.002715638731	0.007576735608	0.000427421456	0.0	0.002063128156	0.00012585456	0.005035171181	0.0	0.001007290614	5.0344632e-05	0.035865996074	0.000453072672	0.001536936649	0.0	0.022032893392	0.0	0.005515682901	0.000704777424	0.008538149505	0.000629274048	0.003998059204	0.0	0.018603507607	0.0	0.038753996302
0.0	0.0	0.0	0.0	0.0	0.0	0.0	0.0	0.0	0.0	0.0	0.0	0.0	0.0	0.0	0.0	0.0	0.000882367525	0.0	0.000176062352	0.0	0.003548698692	0.0	0.004684632368	0.0	0.004125484762	0.0	0.017622497104	0.0	0.037572287403
0.0	0.0	0.0	0.0	0.0	0.0	0.0	0.0	0.0	0.0	0.0	0.0	0.0	0.0	0.0	0.0	0.0	0.000882775144	0.0	0.000832021122	0.0	0.003272875207	0.0	0.004711301739	0.0	0.004024441071	0.0	0.017802892902	0.0	0.037345966741
0.0	0.0	0.0	0.0	0.0	0.0	0.0	0.0	0.0	0.0	0.0	0.0	0.0	0.0	0.0	0.0	0.0	0.000882643177	0.0	0.000403766451	0.0	0.00327204756	0.0	0.004561449549	0.0	0.00402479367	0.0	0.017648728676	0.0	0.037340640231
0.0	0.0	0.0	0.0	0.0	0.0	0.0	0.0	0.0	0.0	0.0	0.0	0.0	0.0	0.0	0.0	0.0	0.000857568779	0.0	0.000150721839	0.0	0.003245477183	0.0	0.004633092826	0.0	0.003899969661	0.0	0.017520000378	0.0	0.037722707843
0.0	0.0	0.0	0.0	0.0	0.0	0.0	0.0	0.0	0.0	0.0	0.0	0.0	0.0	0.0	0.0	0.0	0.000832089554	0.0	0.000150776334	0.0	0.003222009637	0.0	0.004658694415	0.0	0.004105020444	0.0	0.017625335215	0.0	0.037287439917
0.011981531016	0.023390949563	0.011327290416	0.047687388666	0.013542295104	0.019734401427	0.011050215696	0.050432324914	0.003851177616	0.004961870604	0.010899164016	0.063442552027	5.0340888e-05	0.034554099262	0.011881141272	0.089740584931	0.001283784528	0.118541022323	0.00432946488	0.061646632699	0.003523985088	0.0842178076	0.008331664848	0.015011929748	0.007702436976	0.015691666117	0.002391281256	0.025661682408	0.001084102625	0.061142895381
0.013693149288	0.023190645075	0.012661330968	0.034647699503	0.011176164792	0.019660133087	0.010219452984	0.050057106221	0.004505640048	0.004635801185	0.009867078	0.0636418712	5.0345568e-05	0.021256588108	0.010521741672	0.061610681606	0.000528624096	0.040599969468	0.00085584096	0.061624343697	0.00390156624	0.032108144976	0.007878548496	0.011253865108	0.002139576192	0.013699854933	0.002340949104	0.023919523815	0.000529432	0.056830021373
0.010496305872	0.006374245046	0.005361423912	0.003298306408	0.000906145344	0.003497710608	0.004782462048	0.007932084646	0.0	0.000478285721	7.5513672e-05	0.010316601615	0.0	0.000956873723	2.516904e-05	0.005109318962	0.000528592272	0.001663164285	2.517216e-05	0.002591819244	0.0	0.005209562934	0.0	0.005062171061	0.000125852688	0.003972340925	0.0	0.01757216298	0.0	0.039729803387
0.010496365776	0.006247071773	0.005537650248	0.003396782423	0.000880982856	0.003219952505	0.004631434704	0.007656988216	0.0	0.000579070899	5.0341824e-05	0.010395563159	0.0	0.000982262349	5.0339952e-05	0.005111861926	0.000578934096	0.001637711145	0.0	0.002466692674	0.0	0.005161372475	0.0	0.005165780528	0.000125857056	0.003974072729	0.0	0.017673761117	0.0	0.039683241095
0.01369315116	0.02321042202	0.01145294748	0.03509845025	0.010748280816	0.019634221614	0.01062216324	0.050184951967	0.004329403416	0.004660728085	0.009967736376	0.063518434708	5.0345568e-05	0.021689508364	0.010395626904	0.061509974527	0.000604109376	0.040396636673	0.000956528976	0.061498575586	0.003826055376	0.032008550751	0.008256073488	0.011058168883	0.002089227504	0.01357236897	0.002391300288	0.02417275684	0.000428586125	0.056479784952
0.012157687152	0.023335808047	0.011125659168	0.034721682849	0.010773244872	0.019711465838	0.011301782544	0.049906213004	0.004203645264	0.005064192435	0.009942866856	0.063337526472	5.0344632e-05	0.021710851587	0.010773235512	0.061481078606	0.00060411936	0.040221995886	0.001082392272	0.061550764731	0.003473666976	0.031656478265	0.008558133792	0.011130790829	0.002114400288	0.01347044064	0.0024667968	0.024398910164	0.00042858125	0.056528134585
0.0	0.0	0.0	0.0	0.0	0.0	0.0	0.0	0.0	0.0	0.0	0.0	0.0	0.0	0.0	0.0	0.0	0.000857430929	0.0	0.000175287757	0.0	0.003297087245	0.0	0.004656624572	0.0	0.003924441566	0.0	0.017546185988	0.0	0.037390513723
0.013718817216	0.029004390786	0.012510310176	0.034424321466	0.012132696888	0.060518761235	0.011931391368	0.062059942988	0.004581165888	0.066370476272	0.012661184952	0.09250637335	0.001359271368	0.021995393565	0.012233242944	0.061578356789	0.000528591648	0.040499577959	0.000981676176	0.062001864513	0.003725445984	0.031732854876	0.007853631552	0.020771120324	0.002089218144	0.013902049914	0.002492007648	0.035882797082	0.000579878625	0.061899687501
0.0	0.0	0.0	0.0	0.0	0.0	0.0	0.0	0.0	0.0	0.0	0.0	0.0	0.0	0.0	0.0	0.0	0.000807010767	0.0	0.000125457765	0.0	0.003273143425	0.0	0.004532958879	0.0	0.004127815918	0.0	0.017774885842	0.0	0.037287000866
0.003171558312	0.000805383968	0.00158578992	0.0	0.0	0.0	0.0	0.0	0.0	0.0	5.0341824e-05	0.0	0.0	0.0	0.0	0.0	0.0	0.000781800549	0.0	0.000200897826	0.0	0.003373344123	0.0	0.004634882546	0.0	0.004025576405	0.0	0.017825588615	0.0	0.037238268115
0.009162301824	0.006221664151	0.004883199984	0.003271310715	0.00067961556	0.003245069746	0.005285874672	0.007326023681	0.0	0.000528643029	2.5170912e-05	0.010317888695	0.0	0.000982121613	2.5169976e-05	0.005160061868	0.0005537688	0.001612929242	0.000100687392	0.002518175911	0.0	0.004882692863	0.0	0.005137438256	0.00010068864	0.004074075328	0.0	0.01762270378	0.0	0.039152143908
0.012007005192	0.023216906307	0.011075512032	0.034524476069	0.011729917368	0.019759194021	0.011402889264	0.050020103079	0.003977133264	0.004658808606	0.010647621504	0.063568648728	7.5518352e-05	0.021284512678	0.011452923144	0.061682584405	0.000478249824	0.040245560728	0.00115788504	0.061595541546	0.003448568448	0.031451328389	0.008533233072	0.012291918265	0.002013709152	0.013748685161	0.002215058976	0.024499156765	0.0004538015	0.056302350548
0.009061586352	0.006146908644	0.0048831822	0.003195669623	0.00072995832	0.003194909987	0.005285871864	0.00730134398	0.0	0.000579096103	5.0341824e-05	0.01037020449	0.0	0.001007827521	2.5169976e-05	0.005108580998	0.00060411312	0.001612603009	0.000100688016	0.002517878961	0.0	0.004883587878	0.0	0.00511572791	0.000100688016	0.004024023848	0.0	0.017774478455	0.0	0.039252049959
0.003247174944	0.001786848801	0.002441615904	0.0	0.0	0.000452505278	0.0	0.0	0.0	0.000429067954	2.5169976e-05	0.0	0.0	0.0	0.0	0.005061624564	0.0	0.000832170728	0.0	0.002165768465	0.0	0.003146291844	0.0	0.004913086163	0.0	0.003998939649	0.0	0.01777488497	0.0	0.037437519183
0.01052193168	0.023920521752	0.008432441784	0.005769574752	0.001006874856	0.01145313932	0.007048039752	0.001736344263	0.0	0.004384208663	0.000755129232	0.007074162706	0.0	0.001234374167	5.0344632e-05	0.056545040665	0.000528588528	0.008640193425	0.000830641968	0.043441417691	0.000830649456	0.006142951416	0.004027456368	0.013698369972	0.00070478928	0.003925479826	0.0	0.022759713953	0.0	0.043228813193
0.0	0.0	0.0	0.0	0.0	0.0	0.0	0.0	0.0	0.0	0.0	0.0	0.0	0.0	0.0	0.0	0.0	0.000731328078	0.0	0.000150435877	0.0	0.003324023393	0.0	0.004659523286	0.0	0.004176678248	0.0	0.01784801007	0.0	0.037186082181
0.0	0.0	0.0	0.0	0.0	0.0	0.0	0.0	0.0	0.0	0.0	0.0	0.0	0.0	0.0	0.0	0.0	0.002824057669	0.0	0.000125310533	0.0	0.02484996447	0.0	0.004585331235	0.0	0.004076449924	0.0	0.018608138077	0.0	0.040898169431
0.009137378016	0.024097123242	0.007652102328	0.006848959679	0.00095653584	0.012736546051	0.007979402808	0.008457185394	0.0	0.004379319061	0.000780293592	0.010244957353	0.0	0.001084075084	5.0344632e-05	0.056576352322	0.00055375632	0.008841827488	0.000981672432	0.047821377057	0.001485120624	0.006800437734	0.004379849136	0.01403235478	0.000729962688	0.003952516913	0.0	0.022909402766	0.0	0.043001601303
0.012031837272	0.023289342069	0.011100493872	0.034772824035	0.011226311928	0.019886642663	0.011326930056	0.050077732135	0.0039771108	0.00488715805	0.010219770288	0.063671321469	5.0345568e-05	0.021481118514	0.011276644392	0.061659860253	0.000503435712	0.040095957581	0.00115790688	0.06162131158	0.003347809296	0.031531688909	0.008608509312	0.011157116149	0.002089255584	0.013469508295	0.002340941616	0.024474476009	0.000529430625	0.056358337805
0.003800827368	0.000780256551	0.00156062088	0.000276329889	0.0	0.0	0.0	0.0	0.0	0.0	0.0	0.0	0.0	0.0	0.0	0.0	0.0	0.002743336	0.0	0.000200961765	0.0	0.025131698603	0.0	0.004760957658	0.0	0.004023717138	0.0	0.018181667059	0.0	0.041746376499
0.003247070112	0.001056802243	0.00153545184	0.0	0.0	0.0	0.0	0.0	0.0	0.0	5.0341824e-05	0.0	0.0	0.0	0.0	0.0	0.0	0.000807057486	0.0	0.00042713077	0.0	0.003273609561	0.0	0.004787828108	0.0	0.004051992626	0.0	0.017752188935	0.0	0.037086450708
0.010370455056	0.006449941291	0.005285981376	0.003322320596	0.000931322808	0.003522787244	0.00523554408	0.007808255342	0.0	0.000402841902	0.000100684584	0.010341445273	0.0	0.000956792536	2.5171848e-05	0.005111850964	0.000553786896	0.001662840854	0.000176204496	0.002592736784	0.0	0.005036711817	0.0	0.005163148715	0.00012585456	0.00407488379	0.0	0.017600737932	0.0	0.039508864199
0.013718364192	0.023190539023	0.012585636648	0.034446786791	0.012157674048	0.019783113374	0.010269757368	0.04992188073	0.004304357928	0.004458419236	0.01052184744	0.063788559515	7.5518352e-05	0.021009346739	0.010924216992	0.061627042937	0.000553766928	0.040501306988	0.00098170176	0.061669741575	0.003775726032	0.031782026903	0.008004439248	0.011209149719	0.002013706032	0.013522248569	0.002139581496	0.0239690625	0.000504220125	0.056956623455
0.01208243556	0.02628297096	0.008432415576	0.013826849333	0.010924329312	0.027333573044	0.011201419008	0.022633586749	0.002919846384	0.02694191477	0.002567421792	0.016311884222	2.5169976e-05	0.007706002704	0.003951886536	0.06153615174	0.000528582288	0.017656210179	0.00105719016	0.052399311131	0.002038874448	0.013929448001	0.004681908192	0.017023961086	0.001359250464	0.010300964762	0.001938231672	0.026008695497	0.000453822	0.046727582808
0.00908702496	0.008664806921	0.004958790408	0.003699584954	0.000780335712	0.004453129498	0.007249424832	0.007474540218	0.0	0.001687564689	5.0341824e-05	0.010270807443	0.0	0.00105881727	5.0344632e-05	0.035567454404	0.000604101264	0.001763979273	7.5515856e-05	0.025610130362	0.0	0.006094746787	0.000906143472	0.00889217775	0.000679622736	0.003977124454	0.0	0.018529994422	0.0	0.041039143731
0.011981765016	0.026387150798	0.009061740792	0.012642851729	0.012182992848	0.027181112059	0.010748321064	0.02097416344	0.00234090324	0.031631651405	0.002793967488	0.013971020265	7.5510864e-05	0.007100746847	0.00437976864	0.061455566967	0.0005285904	0.017380847167	0.000931329984	0.051097820147	0.002064044112	0.012241082131	0.004505720544	0.01707240218	0.001308913008	0.010220629703	0.001459956264	0.025935808084	0.000479036875	0.046808993539
0.012233208312	0.023291897212	0.01122635124	0.035149321839	0.010798576776	0.019609286733	0.011075213448	0.050177737578	0.004279198248	0.004761301228	0.009917592984	0.063566709544	5.0345568e-05	0.02176504031	0.010622170728	0.061433448461	0.000604112496	0.040575197855	0.000981708	0.061692402734	0.00367506048	0.031756800005	0.008407165104	0.011234851689	0.00213957432	0.013496262794	0.0024416418	0.024322599445	0.000428585875	0.056603433821
0.013718313648	0.023238649645	0.011402564472	0.035124570492	0.010697742432	0.019504659228	0.01059714396	0.050243774314	0.004329601848	0.004785888894	0.009817061904	0.063594555211	5.0345568e-05	0.021665602221	0.010370558016	0.06165677145	0.000578955312	0.040500225412	0.000981703008	0.061440682688	0.003901582464	0.031756900913	0.008256196416	0.011232144475	0.002013705408	0.013545765289	0.002441615904	0.024247828739	0.0004790055	0.056555953985
0.009187734816	0.024142688997	0.007375270968	0.005567043481	0.001132739712	0.011503929074	0.007929119952	0.001661295803	0.0	0.004605732002	0.000880990344	0.006848972799	0.0	0.001108055751	5.0344632e-05	0.056694644179	0.000478244832	0.008388388072	0.000855818496	0.043090487536	0.000906164064	0.006170918454	0.003725400432	0.01366912411	0.000604105632	0.004048068346	0.0	0.022914415114	0.0	0.043060240196
0.003750489288	0.00075506055	0.001585776816	0.0	0.0	0.0	0.0	0.0	0.0	0.0	7.5512736e-05	0.0	0.0	0.0	0.0	0.0	0.0	0.000857038022	0.0	0.000201961055	0.0	0.003322455208	0.0	0.004636325386	0.0	0.004129017355	0.0	0.017673352478	0.0	0.037518012262
0.010521495504	0.00622192422	0.00493352028	0.003650095858	0.000805471056	0.003343980216	0.004581099432	0.007475816754	0.0	0.000579084264	7.5512736e-05	0.010119043861	0.0	0.001033813697	7.5512736e-05	0.005086594083	0.000553767552	0.001587492644	5.0343696e-05	0.002543510895	0.0	0.004933644182	0.0	0.005037557553	0.000100686768	0.003999691062	0.0	0.017825263198	0.0	0.039652180507
0.003247065432	0.000881168909	0.001560604032	0.0	0.0	0.0	0.0	0.0	0.0	0.0	5.0341824e-05	0.0	0.0	0.0	0.0	0.0	0.0	0.000756559623	0.0	0.000176529191	0.0	0.003296953207	0.0	0.004632894238	0.0	0.004025652777	0.0	0.017925678913	0.0	0.03718893804
0.003750488352	0.000755297456	0.001610946792	0.0	0.0	0.0	0.0	0.0	0.0	0.0	5.0341824e-05	0.0	0.0	0.0	0.0	0.0	0.0	0.000857036672	0.0	0.000176820366	0.0	0.003373762097	0.0	0.004584303254	0.0	0.00413050488	0.0	0.017698527283	0.0	0.037521539449
0.0119563236	0.023415523191	0.011050151112	0.034570562957	0.01178010288	0.0197843022	0.01150315452	0.050023439907	0.003876432768	0.004610016923	0.010521790344	0.063496123172	5.0345568e-05	0.0213807921	0.011377338336	0.061681719634	0.00050343072	0.040246218101	0.001132732848	0.061465227663	0.003599527152	0.031377352145	0.008407143264	0.011233684715	0.002114425872	0.013595380752	0.002114393112	0.024725262448	0.000453795375	0.056610169329
0.00327223728	0.001334225676	0.001485082872	0.0	0.0	0.0	0.0	0.0	0.0	0.0	2.5170912e-05	2.5150868e-05	0.0	0.0	0.0	0.0	0.0	0.000857048454	0.0	0.000125306532	0.0	0.00335101704	0.0	0.004509721597	0.0	0.004075503656	0.0	0.017829675179	0.0	0.037366072159
0.011981491704	0.023443258771	0.012308716368	0.034443400018	0.012132472248	0.019706746937	0.010697685336	0.049846621713	0.0039519558	0.004332067433	0.011050432848	0.063557334631	5.0345568e-05	0.021081598412	0.01137732804	0.061535895096	0.000503426976	0.040401313084	0.000931361184	0.06164880656	0.003750552624	0.031278501405	0.00813033936	0.011182378423	0.0020137104	0.01374692306	0.002089240608	0.024301385311	0.00047900975	0.056708431733
0.00372532212	0.000729738414	0.001686460464	0.0	0.0	0.0	0.0	0.0	0.0	0.0	5.0341824e-05	0.0	0.0	0.0	0.0	0.0	0.0	0.000907663563	0.0	0.000150791321	0.0	0.011456579761	0.0	0.004709799465	0.0	0.00394848433	0.0	0.017600780363	0.0	0.037620668021
0.012032170488	0.023265308539	0.011075487696	0.034625820241	0.011150933976	0.019731090968	0.011327375592	0.049892941885	0.004002330384	0.00486033957	0.010270051272	0.063339604965	7.5518352e-05	0.02143225663	0.011276732376	0.06145399032	0.000578930976	0.040300535516	0.001157885664	0.061577764965	0.003398152992	0.031579583431	0.008633914224	0.011459220587	0.002064047856	0.013723524087	0.002265422016	0.024324945561	0.0004538025	0.056151037386
0.009137089728	0.006096650366	0.004908382128	0.003222171048	0.00075512268	0.003244314192	0.005260697208	0.007329588711	0.0	0.00050350326	2.5170912e-05	0.010268595552	0.0	0.001032427698	5.0344632e-05	0.005213035651	0.00052861848	0.001663864973	0.000100676784	0.002416894913	0.0	0.013322312785	0.0	0.005212811906	0.000125852688	0.004023894175	0.0	0.017800829783	0.0	0.039502070872
0.0137183202	0.023341543023	0.012560629536	0.035551272171	0.01220812164	0.019834687398	0.010395616608	0.049755982763	0.00410288112	0.004357336303	0.010773254232	0.063539316871	7.5509928e-05	0.021079804765	0.011125898784	0.061718664925	0.000528624096	0.046389635036	0.001032018	0.06167042558	0.003649854624	0.047402888673	0.0080799108	0.011409765337	0.001963379184	0.014304356573	0.002089226256	0.024125413426	0.000479014875	0.058102423936
0.0	0.0	0.0	0.0	0.0	0.0	0.0	0.0	0.0	0.0	0.0	0.0	0.0	0.0	0.0	0.0	0.0	0.001664119947	0.0	0.000150932765	0.0	0.020821848464	0.0	0.004659550285	0.0	0.004100966773	0.0	0.018204742031	0.0	0.038702928366
0.005437143504	0.005164631462	0.00244161684	0.0	0.0	0.000855604495	0.0	0.0	0.0	0.000932203728	2.5169976e-05	0.0	0.0	0.001007850889	0.0	0.006445049626	0.0	0.000806928463	0.0	0.009970038229	0.0	0.003298336514	0.0	0.006048401685	0.0	0.003973355565	0.0	0.017774101978	0.0	0.037742385903
0.01198183428	0.023240751039	0.011327230512	0.034499054307	0.01223338428	0.019782213601	0.011025291888	0.049920662591	0.00380086668	0.004861301896	0.010899155592	0.063641214016	7.5518352e-05	0.021133430416	0.01140257196	0.061808016964	0.000503419488	0.040448678903	0.001082370432	0.061299908076	0.003574423632	0.031405976613	0.008382206976	0.013100080847	0.002089229376	0.013674609684	0.002038861344	0.025079777713	0.000504224375	0.056629422636
0.009212623056	0.006599842159	0.004958758584	0.003347540938	0.000981651528	0.00344678741	0.005260700952	0.007783711983	0.0	0.00042796306	0.000100683648	0.010315386711	0.0	0.000981936449	5.0344632e-05	0.00513539756	0.000478276032	0.001688249323	0.000151032336	0.002517190191	0.0	0.005287971277	0.0	0.005213225213	7.551024e-05	0.004073816117	0.0	0.017498509695	0.0	0.039457517536
0.013693117464	0.023237613939	0.012560606136	0.034443182214	0.012183014376	0.019686914483	0.010194274584	0.050129367134	0.004253958072	0.004508814905	0.010496380752	0.063625007691	7.55118e-05	0.021109189663	0.010899279144	0.061613253811	0.000528619104	0.0422130204	0.001006853952	0.061517153656	0.003675017424	0.037899361551	0.007878590928	0.011233709117	0.002089243104	0.013875795818	0.002114394672	0.024044421408	0.00055465175	0.056866811757
0.013718321136	0.023238152441	0.01258578828	0.034999699098	0.010723080888	0.019634938035	0.01019422872	0.05008431654	0.004404926448	0.0046602111	0.00989227044	0.063875001398	5.0345568e-05	0.021387058494	0.01042096536	0.061506308401	0.000553780656	0.040425059171	0.000855845328	0.061442694473	0.00397711704	0.031956928231	0.008029556496	0.011283809995	0.002064065328	0.013673701281	0.002391295608	0.024222756887	0.000504216875	0.056727224357
0.003750597864	0.001988813641	0.002592632016	0.0	0.0	0.00040224959	0.0	0.0	0.0	0.000302283992	2.5169976e-05	0.0	0.0	0.0	0.0	0.005060009574	0.0	0.00085762941	0.0	0.002242006781	0.0	0.003270498845	0.0	0.004985753716	0.0	0.003950224766	0.0	0.017697962662	0.0	0.037975109284
0.003725314632	0.000729812439	0.001610943984	0.0	0.0	0.0	0.0	0.0	0.0	0.0	0.0	0.0	0.0	0.0	0.0	0.0	0.0	0.000882325492	0.0	0.000150707965	0.0	0.00322245665	0.0	0.004609216136	0.0	0.004077675481	0.0	0.01767355142	0.0	0.037466688503
0.00317155176	0.000805372555	0.001636116768	0.0	0.0	0.0	0.0	0.0	0.0	0.0	5.0341824e-05	0.0	0.0	0.0	0.0	0.0	0.0	0.000781815582	0.0	0.0001255494	0.0	0.003222655345	0.0	0.00445858266	0.0	0.004076701488	0.0	0.017825552896	0.0	0.037416099115
0.00317155176	0.000780273075	0.001610945856	0.0	0.0	0.0	0.0	0.0	0.0	0.0	5.0341824e-05	0.0	0.0	0.0	0.0	0.0	0.0	0.00083209693	0.0	0.000150148385	0.0	0.003197880564	0.0	0.004584761423	0.0	0.004100091643	0.0	0.017748838	0.0	0.037289490926
0.003196723608	0.000780205576	0.001636122384	0.0	0.0	0.0	0.0	0.0	0.0	0.0	7.55118e-05	0.0	0.0	0.0	0.0	0.0	0.0	0.000781832027	0.0	0.000125113456	0.0	0.003447218925	0.0	0.004560098013	0.0	0.004001364363	0.0	0.017801896915	0.0	0.037440750373
0.013718322072	0.023313234615	0.012610950768	0.034419258256	0.011629203768	0.019785208277	0.010244582712	0.049956086477	0.004581157464	0.004584311607	0.010194326064	0.063693035419	7.5517416e-05	0.021157094494	0.010672770888	0.061584372731	0.000528624096	0.040575265717	0.000830667552	0.061687658596	0.003775740384	0.032962473309	0.007752713904	0.011205622577	0.002114410272	0.013599811146	0.002189919576	0.023843936296	0.000529432875	0.056582353722
0.009086742288	0.006247534218	0.00483286284	0.003222293043	0.0007047846	0.00309385231	0.005336233344	0.007330527938	0.0	0.000553866137	2.5170912e-05	0.010394013286	0.0	0.001007329162	5.0343696e-05	0.005211191767	0.000503445072	0.001663160723	0.000125848944	0.002542785852	0.0	0.0089379964	0.0	0.005212933548	0.000125852688	0.003998471163	0.0	0.01790129221	0.0	0.039509904355
0.01049634144	0.006323719244	0.005386594824	0.003298027794	0.00088097724	0.003244877196	0.0047824686	0.00778287462	0.0	0.000528590967	7.5512736e-05	0.01036824868	0.0	0.000957043678	2.5169976e-05	0.005085023158	0.000528598512	0.001688249565	0.0	0.002516880698	0.0	0.005136959286	0.0	0.005113193924	0.000125852064	0.003973594506	0.0	0.017649700904	0.0	0.039835047484
0.003700170864	0.000704693011	0.001686477312	0.0	0.0	0.0	0.0	0.0	0.0	0.0	5.0341824e-05	0.0	0.0	0.0	0.0	0.0	0.0	0.001486448335	0.0	0.000201408278	0.0	0.02084256183	0.0	0.004785579016	0.0	0.00394851564	0.0	0.01812956217	0.0	0.039078998724
0.003171550824	0.000805552612	0.001636115832	0.0	0.0	0.0	0.0	0.0	0.0	0.0	2.5170912e-05	0.0	0.0	0.0	0.0	0.0	0.0	0.000756559461	0.0	0.00012520645	0.0	0.003300565506	0.0	0.004660429303	0.0	0.0041028071	0.0	0.017823341746	0.0	0.037112369258
0.011981757528	0.029228488647	0.010999917864	0.023569238872	0.011301902352	0.057194252443	0.013290692688	0.052616563059	0.004228764696	0.061507803404	0.009212632416	0.072110261369	0.001434768192	0.017374909293	0.011654250192	0.061486896121	0.000528581664	0.035406919778	0.00110753448	0.060466949498	0.003423346368	0.019441879519	0.007324944432	0.019663650739	0.001560609024	0.011812030609	0.002794056408	0.035248610451	0.000453823125	0.056659449577
0.0	0.0	0.0	0.0	0.0	0.0	0.0	0.0	0.0	0.0	0.0	0.0	0.0	0.0	0.0	0.0	0.0	0.000832282564	0.0	0.000226067586	0.0	0.003222540147	0.0	0.004711127296	0.0	0.004000759138	0.0	0.017625433227	0.0	0.03767444127
0.0	0.0	0.0	0.0	0.0	0.0	0.0	0.0	0.0	0.0	0.0	0.0	0.0	0.0	0.0	0.0	0.0	0.000756567292	0.0	0.000125596812	0.0	0.003248576279	0.0	0.004557547782	0.0	0.004151658821	0.0	0.017801218437	0.0	0.037313116665
0.0	0.0	0.0	0.0	0.0	0.0	0.0	0.0	0.0	0.0	0.0	0.0	0.0	0.0	0.0	0.0	0.0	0.000857041068	0.0	0.000202221345	0.0	0.003322027457	0.0	0.004583576356	0.0	0.00407553942	0.0	0.017622311052	0.0	0.037394656227
0.0	0.0	0.0	0.0	0.0	0.0	0.0	0.0	0.0	0.0	0.0	0.0	0.0	0.0	0.0	0.0	0.0	0.000857412384	0.0	0.000124744716	0.0	0.003296898231	0.0	0.004609626355	0.0	0.003924349886	0.0	0.017798898688	0.0	0.037514624544
0.0	0.0	0.0	0.0	0.0	0.0	0.0	0.0	0.0	0.0	0.0	0.0	0.0	0.0	0.0	0.0	0.0	0.000832155158	0.0	0.000201243925	0.0	0.003070761362	0.0	0.004610733774	0.0	0.004027747642	0.0	0.017600987352	0.0	0.037163127884
0.010395640008	0.006398783131	0.005386596696	0.003298396707	0.00098166744	0.003547491241	0.005260869432	0.00785109474	0.0	0.000427830659	0.000100684584	0.010315050359	0.0	0.000931701193	5.0339952e-05	0.005210836378	0.0005034276	0.001739209699	0.000151032336	0.00254149968	0.0	0.005187699922	0.0	0.005140511246	0.000100684272	0.004151335805	0.0	0.01765099933	0.0	0.039454273762
0.0104208156	0.006500608795	0.00531108864	0.003298291081	0.000931326552	0.003549261136	0.004958784792	0.007827796242	0.0	0.000453049626	0.000100684584	0.010341611674	0.0	0.00093179046	5.0339952e-05	0.005086256215	0.000503426352	0.001688114783	0.000151031712	0.00246673731	0.0	0.005085964158	0.0	0.005113735412	0.00017619576	0.004028888792	0.0	0.017600709046	0.0	0.03971619953
0.0	0.0	0.0	0.0	0.0	0.0	0.0	0.0	0.0	0.0	0.0	0.0	0.0	0.0	0.0	0.0	0.0	0.000882453983	0.0	0.000175319913	0.0	0.00709843479	0.0	0.004659729448	0.0	0.004125709219	0.0	0.01765071423	0.0	0.03759628295
0.009162259704	0.006600203767	0.00488321028	0.003246776158	0.00065444184	0.003118537614	0.00531106524	0.007507378672	0.0	0.0003778574	0.000125855496	0.010318083399	0.0	0.000982067116	5.0344632e-05	0.005186001394	0.000478276032	0.001663123716	0.000125848944	0.002542796825	0.0	0.00546411794	0.0	0.005240609282	7.5511488e-05	0.003997766827	0.0	0.01767515778	0.0	0.039462612697
0.003750484608	0.000780351704	0.001610943984	0.0	0.0	0.0	0.0	0.0	0.0	0.0	0.0	0.0	0.0	0.0	0.0	0.0	0.0	0.000958027405	0.0	0.000150099749	0.0	0.003323678864	0.0	0.004682601574	0.0	0.004076422333	0.0	0.017623016894	0.0	0.037645243817
0.00329751864	0.001284008168	0.001485110952	0.0	0.0	0.0	0.0	0.0	0.0	0.0	2.5169976e-05	0.0	0.0	0.0	0.0	0.0	0.0	0.000832358327	0.0	0.000831264307	0.0	0.00322148264	0.0	0.00453577683	0.0	0.004026626054	0.0	0.017575615042	0.0	0.037194535415
0.012082514184	0.023464342711	0.011050319592	0.03469797861	0.010748205936	0.019682656956	0.011276997264	0.050168498805	0.004153363344	0.005112786321	0.00999317592	0.063537198581	5.0345568e-05	0.021686150344	0.01099979712	0.061497003509	0.000629290896	0.040098570021	0.0010823748	0.061769955811	0.00342332328	0.031805314082	0.008684124384	0.011258038071	0.002064044736	0.013697744823	0.002416447176	0.024469866865	0.0004538005	0.056221246281
0.00624270348	0.005416966882	0.002642977584	0.0	2.5170912e-05	0.000755103673	0.0	0.0	0.0	0.000704808409	0.000100684584	0.0	0.0	0.000931775953	0.0	0.006421114951	0.0	0.000908002968	0.0	0.009948756127	0.0	0.003273648215	0.0	0.006223349499	0.0	0.003900931947	0.0	0.017625360125	0.0	0.038051395009
0.012132578952	0.023339975793	0.01117605528	0.034672076441	0.010773250488	0.019710128688	0.01135210284	0.050126393539	0.00412813908	0.005189575969	0.009942911784	0.063424262768	5.0345568e-05	0.02170933753	0.0109997316	0.06163736082	0.000528601632	0.040271602143	0.001082391024	0.061699939505	0.003423322656	0.031552785455	0.008608488096	0.011105928826	0.002114387184	0.013620797556	0.002366109408	0.024448367317	0.0005042195	0.056276432068
0.013693149288	0.023211707573	0.012535260192	0.034645040097	0.012207989664	0.019758670323	0.010445949072	0.049772917062	0.004077831888	0.004408114626	0.010798728408	0.063746216447	0.000100691136	0.02108320934	0.01112561424	0.061635142854	0.000553766928	0.040401994637	0.00100687704	0.061519646914	0.003624689952	0.031426149047	0.008079981936	0.011031937086	0.001988532624	0.01367333127	0.002064065952	0.024145891213	0.00052943275	0.05675991465
0.012233222352	0.023109428064	0.011251642896	0.035127538992	0.010748065536	0.019581438787	0.010999899144	0.050094861173	0.004254084432	0.004759616373	0.009942909912	0.063720665389	5.0345568e-05	0.021639232692	0.010571917824	0.06168434131	0.00057895656	0.040447594554	0.000981688656	0.06169632766	0.003750554496	0.031853359633	0.00833171664	0.011209621894	0.002114390928	0.013622609066	0.002391276264	0.024173917525	0.000479008625	0.056633584048
0.003272236344	0.000906173239	0.00153543312	0.0	0.0	0.0	0.0	0.0	0.0	0.0	2.5170912e-05	0.0	0.0	0.0	0.0	0.0	0.0	0.000756439036	0.0	0.000150501636	0.0	0.003273718907	0.0	0.004610067449	0.0	0.004000730645	0.0	0.01794972203	0.0	0.037035025584
0.003700135296	0.000830816769	0.001585784304	0.0	0.0	0.0	0.0	0.0	0.0	0.0	7.5512736e-05	0.0	0.0	0.0	0.0	0.0	0.0	0.000907761773	0.0	0.000201008208	0.0	0.006895128983	0.0	0.004482020727	0.0	0.003948842342	0.0	0.017826065443	0.0	0.037445278667
0.012031837272	0.023436913654	0.011327029272	0.034519590841	0.012233151216	0.019809707563	0.010999715688	0.05005058877	0.003876427152	0.004458737937	0.010974891096	0.063872689234	7.5517416e-05	0.021180341451	0.011452869792	0.06158280318	0.00050343072	0.040424016897	0.00105722136	0.061697321529	0.003599524032	0.031303419348	0.008306455248	0.011205753837	0.002013711648	0.013646690232	0.002139579	0.024351842828	0.000453798875	0.056632724455
0.0	0.0	0.0	0.0	0.0	0.0	0.0	0.0	0.0	0.0	0.0	0.0	0.0	0.0	0.0	0.0	0.0	0.00100789759	0.0	0.000175589302	0.0	0.011578852431	0.0	0.004785119797	0.0	0.00407475003	0.0	0.017731328964	0.0	0.037647224184
0.01369364256	0.026237733442	0.01253546892	0.034627915747	0.012132704376	0.02735714684	0.010546987464	0.049793513277	0.004404968568	0.028606912366	0.010924314336	0.063636783635	7.5510864e-05	0.021037086677	0.011075361336	0.061652111861	0.000503419488	0.040448159953	0.001006847712	0.061450860969	0.003725380464	0.031555875408	0.008054998848	0.018160377792	0.002013703536	0.013752169759	0.002064087168	0.026866547242	0.000504250875	0.05739011949
0.01059700824	0.006274471229	0.005436937584	0.003574245834	0.00080547012	0.003294905912	0.004606263792	0.007578509739	0.0	0.00055419221	5.0341824e-05	0.010245804995	0.0	0.000957712301	5.0339952e-05	0.005084272099	0.000578937216	0.001662911001	2.5171536e-05	0.002516995188	0.0	0.004984491381	0.0	0.005139261916	0.000125857056	0.003949893704	0.0	0.017575626506	0.0	0.039633926096
0.0	0.0	0.0	0.0	0.0	0.0	0.0	0.0	0.0	0.0	0.0	0.0	0.0	0.0	0.0	0.0	0.0	0.000857039381	0.0	0.00015052221	0.0	0.003397808705	0.0	0.004510191998	0.0	0.004023904006	0.0	0.017699875874	0.0	0.037567273178
0.010572267888	0.006197096922	0.005512606632	0.00359966439	0.000830678472	0.003219129323	0.004581235152	0.007601360803	0.0	0.000906324835	5.0340888e-05	0.010220180957	0.0	0.00105810599	5.0344632e-05	0.005084776632	0.000553765056	0.001612839117	2.517216e-05	0.006596702081	0.0	0.005060277224	0.0	0.005642863668	0.000125857056	0.004150968771	0.0	0.017672050138	0.0	0.040055160069
0.0	0.0	0.0	0.0	0.0	0.0	0.0	0.0	0.0	0.0	0.0	0.0	0.0	0.0	0.0	0.0	0.0	0.000806852593	0.0	0.000201201732	0.0	0.003220547532	0.0	0.004635112968	0.0	0.004178697866	0.0	0.017651257456	0.0	0.036984301601
0.009187428744	0.006599903183	0.004807663848	0.003347590174	0.00067961556	0.003144291114	0.005260702824	0.007476200731	0.0	0.000402834993	0.000151025472	0.010366937963	0.0	0.0009820736	2.5169976e-05	0.005263712851	0.0005034276	0.001587621939	0.000151030464	0.002416141262	0.0	0.005112723006	0.0	0.005063157128	0.00010068864	0.004074342383	0.0	0.017777022554	0.0	0.039332784843
0.010446006168	0.006448463565	0.005336391528	0.003322145108	0.000931325616	0.003396683702	0.004807724688	0.007904190296	0.0	0.00050353857	7.5512736e-05	0.010216040589	0.0	0.000957023405	7.5509928e-05	0.005087836121	0.000503425104	0.001713510597	0.0	0.002945244269	0.0	0.005110764479	0.0	0.005140513651	0.000151027968	0.004152759478	0.0	0.017671187467	0.0	0.039638638414
0.003272250384	0.001334538541	0.00148509972	0.0	0.0	0.0	0.0	0.0	0.0	0.0	0.0	0.0	0.0	0.0	0.0	0.0	0.0	0.000932836257	0.0	0.000176067839	0.0	0.003323521834	0.0	0.004735141216	0.0	0.004050572527	0.0	0.01775060793	0.0	0.037443503356
0.01054710072	0.006273712073	0.00541191456	0.003272473329	0.00080550756	0.003321084422	0.004732257816	0.007725644619	0.0	0.000604479206	7.5512736e-05	0.01029252466	0.0	0.001032679745	2.5169976e-05	0.005087082859	0.000553763184	0.001612696472	0.0	0.003449566757	0.0	0.005111306408	0.0	0.005061554559	0.000151027968	0.004177376272	0.0	0.017572196956	0.0	0.039664211562
0.0	0.0	0.0	0.0	0.0	0.0	0.0	0.0	0.0	0.0	0.0	0.0	0.0	0.0	0.0	0.0	0.0	0.000832074088	0.0	0.00017597923	0.0	0.00332126271	0.0	0.00455717823	0.0	0.004101431735	0.0	0.017698174698	0.0	0.037419876911
0.003297403512	0.001032130137	0.001485095976	0.0	0.0	0.0	0.0	0.0	0.0	0.0	2.5170912e-05	0.0	0.0	0.0	0.0	0.0	0.0	0.000806869197	0.0	0.00017554549	0.0	0.003276044621	0.0	0.004481814297	0.0	0.004075857857	0.0	0.017700604597	0.0	0.037191676554
0.01371873204	0.029079363147	0.012057143904	0.022664287787	0.010748174112	0.057696814515	0.011931303384	0.052642334764	0.004631484312	0.061338214933	0.00873435888	0.072217199738	0.001359257328	0.017532948997	0.010848819384	0.061532764715	0.000629275296	0.033871958642	0.000880987536	0.06013455021	0.003977150112	0.019468190442	0.006846691488	0.019891915769	0.001485103152	0.011758660135	0.002466824568	0.035177003317	0.00042860525	0.056959268054
0.006217524144	0.007709289603	0.005336399016	0.0	0.000906194016	0.002942644317	0.006821501544	0.000603615214	0.0	0.001308873554	0.000100683648	0.005059608213	0.0	0.000957121342	5.0344632e-05	0.035393503793	0.000528588528	0.00153684685	0.0	0.022837734724	0.0	0.005440588362	0.000604095024	0.008441060078	0.000805472928	0.003900375745	0.0	0.018276271066	0.0	0.039053712841
0.00911192724	0.006121278122	0.004858011288	0.003373074606	0.000755129232	0.003344175698	0.005260714056	0.007300973767	0.0	0.000528909306	5.0341824e-05	0.010270203168	0.0	0.001033393904	2.5169976e-05	0.00513639019	0.000578946576	0.001562179827	7.551648e-05	0.002517460202	0.0	0.004909880975	0.0	0.004987970268	0.00015103296	0.004025140542	0.0	0.01784991236	0.0	0.039379960851
0.00380084328	0.000729642962	0.001610955216	0.0	0.0	0.0	0.0	0.0	0.0	0.0	5.0341824e-05	0.0	0.0	0.0	0.0	0.0	0.0	0.000832076049	0.0	0.000150681802	0.0	0.003346902101	0.0	0.004609858619	0.0	0.004102173705	0.0	0.017749457757	0.0	0.037310640864
0.012031937424	0.023414697153	0.012334137192	0.039728799526	0.012208161888	0.019786846037	0.010672488216	0.049826467281	0.004128089472	0.004382332443	0.011050196976	0.063823602766	0.000100682712	0.03054916984	0.011780377128	0.075238316331	0.001233437088	0.059106163159	0.0010571964	0.061445551497	0.0036247068	0.064224721101	0.00825614088	0.011810347182	0.001988545728	0.014986152181	0.002114406528	0.025255714468	0.00105889175	0.060031740228
0.009162258768	0.006549906607	0.00495868932	0.003272170436	0.00098166744	0.003422210484	0.005260712184	0.007829135396	0.0	0.000428117783	0.00012585456	0.010366580501	0.0	0.000931562534	5.0339952e-05	0.005214908004	0.0005034276	0.001688700502	0.000176202624	0.002492191497	0.0	0.005212970871	0.0	0.005241677386	7.5517104e-05	0.004101584467	0.0	0.017850145989	0.0	0.03956053765
