0.038956420152	0.006536616757	0.028981415736	0.023604670148	0.010581553008	0.005325735663	0.008559764928	0.031351453101	0.004583084688	0.0	0.000202191912	0.018806483269	0.0	0.015177987845	6.7398552e-05	0.006411089028	0.0	6.6756501e-05	0.0	0.010591476044	0.0	0.001145641037	0.0	0.00835957432	0.0	0.016186039479	0.00067398084	0.014145742292	0.0	0.078017232889
0.047449557792	0.151347252173	0.035182338048	0.113268381017	0.033969420576	0.138319917661	0.04017004524	0.186888555344	0.018130752432	0.190291707428	0.033160649184	0.259174822846	0.0043808778	0.099268433768	0.04246077888	0.199183751051	0.003976615344	0.07633666591	0.0	0.282766015134	0.003437383872	0.053274683719	0.0243984468	0.09534784602	0.00451576944	0.040455197483	0.004380916488	0.068647379298	0.004252890375	0.150849994714
0.03376753848	0.004781345704	0.007683715728	0.001415799859	0.005391881352	0.001415703124	0.001078383384	0.0	0.0	0.0	0.0	0.000607105856	0.0	0.0	0.0	0.003438364116	0.0	0.0	0.0	0.008227595877	0.0	6.7306692e-05	0.0	0.009979526283	0.0	0.006130112427	6.73998e-05	0.012541039173	0.0	0.050980072164
0.039226129488	0.006737149766	0.032755787064	0.023469216209	0.011322943632	0.005257047028	0.008290543248	0.031350006119	0.00465055344	0.0	0.000134794296	0.019145517393	0.0	0.015584444077	0.0	0.006004889556	0.0	6.7145734e-05	0.0	0.010590322756	0.0	0.001212361632	0.0	0.008565420021	0.0	0.016314805677	0.000673990824	0.014228633631	0.0	0.078748194953
0.041518995336	0.122033094995	0.03538496988	0.117030070287	0.034171612488	0.046160179543	0.035250689448	0.193287623045	0.021366211464	0.097566946742	0.030532570848	0.15868619312	0.000539180928	0.081117554134	0.02958800832	0.197425578772	0.00492023376	0.089477355759	0.0	0.279627874677	0.004313590944	0.071966222819	0.02284842768	0.065349032436	0.004785360528	0.044967462349	0.002628588768	0.047687799329	0.004252882875	0.147456177037
0.041181698376	0.136639681389	0.038417921568	0.086590909725	0.037541353824	0.062811168486	0.03370027752	0.157354637766	0.019141801848	0.102150296603	0.023792262624	0.110227503707	0.0049200606	0.077682894616	0.0357209892	0.199315910158	0.004111378752	0.077277414184	0.0	0.279395141783	0.003572182848	0.037895257267	0.024668029776	0.078488580209	0.004717974768	0.032230969303	0.001617564936	0.045375760379	6.750825e-05	0.126153517273
0.01172749968	0.000134617584	0.004785345864	6.7349846e-05	0.0	0.0	0.0	0.0	0.0	0.0	0.0	0.0	0.0	0.0	0.0	0.0	0.0	0.0	0.0	0.0	0.0	0.003765061247	0.0	0.003165493781	0.0	0.006138666761	0.0	0.012477363277	0.0	0.047800052003
0.041383895904	0.136171715935	0.035721913032	0.087196434373	0.037339003728	0.062404596182	0.034171976592	0.157358994316	0.01954621656	0.102426931376	0.02298351276	0.110292390968	0.005594040504	0.078757747777	0.034777391688	0.198656375538	0.004852752528	0.077278815084	0.0	0.279949837859	0.003841772064	0.037900295956	0.023791862016	0.078826727897	0.005459311104	0.032827991141	0.001415374896	0.04516442398	0.0	0.126894974625
0.01172736396	0.000134609934	0.00478529064	0.00013470134	0.0	0.0	0.0	0.0	0.0	0.0	0.0	0.0	0.0	0.0	0.0	0.0	0.0	0.0	0.0	0.0	0.0	0.0	0.0	0.003167131222	0.0	0.005933225363	0.0	0.012264790698	0.0	0.047533403125
0.041517806616	0.119598850181	0.0352502982	0.116695726899	0.034239183264	0.038352338486	0.033834393216	0.193626496205	0.020893567968	0.048957138621	0.030127881888	0.158948649249	0.0	0.081197871406	0.029858107968	0.197801103268	0.004515830592	0.089418001121	0.0003369912	0.280039101896	0.004717977888	0.095216917934	0.022780914	0.053081061091	0.00512231928	0.045185592663	0.002695992312	0.04463658587	0.0043205525	0.148082643041
0.04151874636	0.151272146132	0.034778001024	0.112719061876	0.034171594704	0.138863238823	0.040237531776	0.187152623175	0.0184003326	0.18881142764	0.033025916664	0.258963334201	0.004178685888	0.099739342458	0.042326011728	0.198353208971	0.00417882192	0.075393333358	0.00047178768	0.282984994785	0.003774387552	0.053674239829	0.023724488736	0.095089598976	0.004785358032	0.039983007496	0.003639549576	0.067763166414	0.00438790425	0.153603544506
0.041518000368	0.119517404815	0.036328174272	0.112732874881	0.037675986192	0.038553772015	0.033430629024	0.195246770891	0.018197911368	0.049968290939	0.032015015136	0.158352205388	0.000876188664	0.077271323627	0.03086976204	0.198920568402	0.004313634624	0.090751840185	0.0	0.280094113346	0.00350478648	0.07128013708	0.024398614032	0.052732927792	0.005054903568	0.044628100665	0.003302530296	0.045931207605	0.004590583125	0.145916405871
0.041248320984	0.119594683477	0.035519898024	0.114872868222	0.03686782788	0.037881896777	0.034845312528	0.195434689634	0.018602212824	0.04984246307	0.031004022816	0.158350464672	0.00094358628	0.078487579275	0.030127968936	0.198905895077	0.004718031552	0.090491091817	0.0	0.27963163349	0.003706988688	0.072697931862	0.023926683456	0.052331525088	0.005324520864	0.044630395514	0.00276340584	0.045391445216	0.004590592125	0.145919997228
0.034238520576	0.003500913782	0.006874888176	0.001956075073	0.004583092176	0.000336742535	0.001819753416	0.0	0.0	0.0	0.0	6.7736361e-05	0.0	0.0	0.0	0.0	0.0	0.0	0.0	0.006479038323	0.0	0.00013495934	0.0	0.006068969166	0.0	0.006126609417	0.000134799912	0.012733819418	0.0	0.049491227056
0.041315880528	0.118174811771	0.040642029792	0.138333859252	0.036867736152	0.038418199984	0.033699434184	0.194701977331	0.01846715364	0.050038091586	0.032081731344	0.158753269118	0.000606595392	0.077554857972	0.031004046216	0.199036897872	0.004313668944	0.124832159153	0.0	0.28021033116	0.003504762144	0.169799680384	0.024668134608	0.05373915715	0.004852728816	0.054085552896	0.003302609544	0.052191943204	0.00465810675	0.167090137986
0.03430672128	0.029117793518	0.0288469584	0.025021000165	0.017186674752	0.020009777202	0.013547613456	0.043955767437	0.013951787616	0.037620434886	0.000943594704	0.022244717496	6.7398552e-05	0.025629187333	0.0	0.111766185929	0.0	0.002021773272	0.0	0.098922387528	0.0	0.012949753385	0.011862251856	0.043566436979	0.001617596448	0.017397772805	0.001078404912	0.023579073523	0.0	0.085824432996
0.041181990408	0.150602914947	0.040709720376	0.114758514961	0.03673297368	0.14370884051	0.040170203424	0.216190924365	0.018872340552	0.214078134332	0.04360794048	0.272450921931	0.007683522912	0.098184689398	0.042393671424	0.199189942533	0.00417881568	0.090766244421	0.0	0.282722435216	0.003572201568	0.071481155256	0.024735582144	0.09454022419	0.0047180172	0.044843156082	0.003572159448	0.070529559376	0.00479298425	0.160093794784
0.012603588192	0.0	0.005189672592	0.0	0.0	0.0	0.0	0.0	0.0	0.0	0.0	0.0	0.0	0.0	0.0	0.0	0.0	0.0	0.0	0.0	0.0	0.00047393103	0.0	0.003030872115	0.0	0.006135108424	0.0	0.012206159347	0.0	0.047675999618
0.012738301992	6.73297e-05	0.0051896988	0.0	0.0	0.0	0.0	0.0	0.0	0.0	0.0	0.0	0.0	0.0	0.0	0.0	0.0	0.0	0.0	0.0	0.0	0.0	0.0	0.003105348299	0.0	0.006126772572	0.0	0.012401045009	0.0	0.047600647189
0.034642916568	0.002151896254	0.006402859632	0.000134869073	0.00471788928	0.000336823397	0.001280573424	0.0	0.0	0.0	0.0	0.0	0.0	0.0	0.0	0.0	0.0	0.0	0.0	0.002560943135	0.0	0.0	0.0	0.004249872298	0.0	0.006198539769	0.000269599824	0.01234077507	0.0	0.048220024762
0.034710433992	0.007480341767	0.028240096248	0.02313271257	0.010311965352	0.005527544998	0.008897042232	0.030943910798	0.00458320824	0.0	0.000269588592	0.018537179466	0.0	0.014500290398	0.000269594208	0.006074354457	0.0	0.000133668353	0.0	0.010727766477	0.0	0.001687756942	0.0	0.008492731671	0.0	0.015913173668	0.000673978656	0.014698667227	0.0	0.07895560761
0.034575463728	0.002762480485	0.006470246952	0.00182201195	0.004717881792	0.000403764234	0.001550252808	0.0	0.0	0.0	0.0	0.00027064282	0.0	0.0	0.0	0.0	0.0	0.0	0.0	0.002627939429	0.0	0.00013500398	0.0	0.004185111668	0.0	0.006200141783	0.000134799288	0.012274438406	0.0	0.049619788203
0.04131559692	0.120069598974	0.034912663344	0.116359608939	0.034373437488	0.038287803305	0.03390215868	0.1947093506	0.018804440304	0.048012961837	0.03039688548	0.159156604692	0.0	0.081272722238	0.029724008184	0.198230171446	0.004246247616	0.088334607183	0.000606591024	0.279158894996	0.004650585888	0.071948875924	0.022983675312	0.051990278177	0.004987517184	0.044231772619	0.002898166752	0.044699128566	0.00418555	0.148134883217
0.041517918	0.119668341162	0.034778073096	0.116974881534	0.034306545312	0.038084592509	0.033766876728	0.194362773407	0.017456469264	0.047139303232	0.031408427232	0.15881170365	0.0	0.08005445337	0.03046529304	0.198223909659	0.004246220784	0.08868303983	0.000471778944	0.279695017922	0.00397661472	0.071961546989	0.023455103568	0.052532012037	0.004987525296	0.044156705117	0.003167788104	0.045387568266	0.004185556125	0.14764977475
0.041518716408	0.122568030734	0.035452186848	0.038913079518	0.021769949448	0.043058258943	0.038148559488	0.097353931313	0.01759161456	0.077932224986	0.009301142448	0.044099908562	0.00087618024	0.077080236466	0.029250820872	0.13651821341	0.003302642928	0.062915432999	0.0	0.270591941246	0.003976574784	0.03310992024	0.022780888416	0.056441778402	0.003774355728	0.027376276332	0.001078404912	0.039459905995	0.0	0.110869171744
0.041382982368	0.118452944809	0.035317602216	0.116893772438	0.0341717688	0.038691846816	0.037743368832	0.194632500276	0.020152147392	0.048621683625	0.030397360032	0.158274309522	0.00114577632	0.080993396351	0.029319161976	0.198217046035	0.005122430976	0.089753959417	0.0	0.279969908282	0.004178786976	0.074922221939	0.022848526896	0.052937911468	0.004785323088	0.044832402385	0.002695989816	0.045448913237	0.004253063625	0.147349477285
0.038889053424	0.006670110897	0.032957913456	0.023805129228	0.01085113224	0.005122356313	0.008425317888	0.031148925911	0.00458317548	0.0	0.000202191912	0.018534806361	0.0	0.01538097509	0.0	0.006408905533	0.0	0.0	0.0	0.01066073567	0.0	0.001551933666	0.0	0.008428401273	0.0	0.01637728718	0.000606594768	0.014418236192	0.0	0.078542012723
0.039158717832	0.00215314151	0.009031397544	0.001887628696	0.004920052176	0.000471480714	0.001145761344	0.0	0.0	0.0	0.0	0.000674931897	0.0	0.0	0.0	0.0	0.0	0.0	0.0	0.002697007984	0.0	0.000676612856	0.0	0.004249376868	0.0	0.006194933005	0.000134794608	0.012200530932	0.0	0.048801043229
0.038956419216	0.006468309239	0.028982050344	0.023536294733	0.010581757992	0.005324738564	0.008559671328	0.031350845558	0.004650566544	0.0	0.000202205016	0.018804670343	0.0	0.01517811334	6.7397616e-05	0.006411058668	0.0	6.6797031e-05	0.0	0.010657669082	0.0	0.001148286672	0.0	0.008629972627	0.0	0.016257849534	0.000673997688	0.01428220245	0.0	0.078217012717
0.034643033568	0.002896499427	0.006672480984	0.001888427735	0.004650484176	0.000404125002	0.001685034	0.0	0.0	0.0	0.0	0.000135498737	0.0	0.0	0.0	0.0	0.0	0.0	0.0	0.002626930512	0.0	0.0	0.0	0.004184881226	0.0	0.005932711761	0.000202199712	0.012872464762	0.0	0.049698711989
0.034373396304	0.002693824087	0.00687465324	0.001889241199	0.004583065032	0.000336788213	0.001819746864	0.0	0.0	0.0	0.0	6.7714724e-05	0.0	0.0	0.0	0.0	0.0	0.0	0.0	0.002426812026	0.0	6.766848e-05	0.0	0.004181016489	0.0	0.006130820171	0.000202191912	0.01259912049	0.0	0.049416744884
0.041518984104	0.118786461156	0.035587265688	0.1157007592	0.033969361608	0.038355164128	0.039361828896	0.195381900059	0.019007249976	0.049161354346	0.030734733744	0.158691674867	0.000539194968	0.080442568784	0.029587986792	0.198095688056	0.004920216912	0.090290965015	0.0	0.279486146178	0.003774400656	0.071349298191	0.0231856092	0.052798429089	0.005054957856	0.04502578908	0.00289817892	0.045045712257	0.004050466125	0.146952969534
0.041382996408	0.119794137162	0.035451849888	0.114939271986	0.036799708608	0.037882122109	0.0348461334	0.195245951266	0.018602301744	0.049966894494	0.03100369896	0.1583756361	0.000943587216	0.078417485798	0.0301952664	0.198575410393	0.004718047152	0.090421026011	0.0	0.279693712371	0.003706979952	0.070747954891	0.02385962904	0.052602678269	0.005391947184	0.044696939287	0.002763354048	0.045459102659	0.0045230805	0.145918815424
0.034037121456	0.006939042133	0.028779578568	0.024077993338	0.009974959488	0.005729595707	0.009705760272	0.031415335189	0.005796436464	0.0	0.000269615736	0.019883856946	0.0	0.014433007451	0.0	0.005870769406	0.0	0.000132904206	0.0	0.011806591165	0.0	0.001352280918	0.0	0.01072038434	0.0	0.015920451041	0.00053918748	0.014429085471	0.0	0.079154452788
0.03410374968	0.003030964381	0.007144490808	0.001348352606	0.00458309592	0.000336863804	0.001887152904	0.0	0.0	0.0	0.0	0.0	0.0	0.0	0.0	0.0	0.0	0.0	0.0	0.00661157455	0.0	6.7447829e-05	0.0	0.00593444907	0.0	0.005997929225	0.000134799912	0.012797075556	0.0	0.048424888702
0.033362290728	0.007009163707	0.031542505488	0.022457931302	0.011659912056	0.00512356376	0.008020578384	0.031685464408	0.004717881792	0.0	0.000134794296	0.019209637407	0.0	0.015243063844	0.0	0.006342679456	0.0	0.0	0.0	0.010523865679	0.0	0.001218640477	0.0	0.008425052456	0.0	0.016519671137	0.00053918748	0.014167031644	0.0	0.078698538354
0.041517794448	0.118520491144	0.035384452272	0.117363093242	0.033968961936	0.038624410097	0.03545215128	0.193352982459	0.021433104576	0.049023045347	0.030531719088	0.158366362635	0.000471783312	0.081124471528	0.029521796616	0.197297892179	0.004920225024	0.089472296798	0.0	0.27984354934	0.004246197696	0.071620663129	0.02284895808	0.051791579353	0.004785374256	0.044916723325	0.002628554448	0.045189520228	0.00418555275	0.147925405884
0.04151897568	0.135428684216	0.035452484496	0.115772415428	0.035789035464	0.063820741951	0.03693556152	0.197466621958	0.019815975504	0.119763474381	0.031273925904	0.188635562544	0.005931088488	0.080786683861	0.033968847744	0.19816890779	0.004987628256	0.090560778024	0.0	0.279915578673	0.003774400032	0.071280920787	0.023050624896	0.079031338944	0.005459343552	0.044700047367	0.002898181104	0.051513810439	0.004117844375	0.148151827517
0.033901478208	0.006402237093	0.029048756256	0.023604456785	0.009907556256	0.004922494056	0.010245071304	0.034452133317	0.004717924848	0.0	0.000269588592	0.019546758903	0.0	0.014363965971	0.0	0.006005928787	0.0	0.0	0.0	0.010861257425	0.0	0.001348362725	0.0	0.008697792254	0.0	0.016178799046	0.000539190912	0.014494026288	0.0	0.07902628371
0.03349708596	0.0026271224	0.007885611864	0.00134793377	0.004178698056	0.000336890652	0.000808856568	0.0	0.0	0.0	0.0	0.001013028714	0.0	0.0	0.0	0.0	0.0	0.0	0.0	0.002358725411	0.0	0.000203376153	0.0	0.004176622275	0.0	0.006196605691	6.7399488e-05	0.012465293643	0.0	0.049157824658
0.034373268072	0.007745581141	0.028509568776	0.025091135265	0.010042359912	0.005796886486	0.009301361472	0.0306097081	0.005391995544	0.0	0.000336986208	0.018869636999	0.0	0.01443506858	6.7398552e-05	0.006073986086	0.0	0.000132902672	0.0	0.010657599653	0.0	0.001484087649	0.0	0.008292071285	0.0	0.016042963709	0.000539187792	0.014408819545	0.0	0.078340707277
0.03471039	0.007882134919	0.028240141176	0.025157813186	0.010177420032	0.005662265073	0.009233622216	0.03081273932	0.00465063768	0.0	0.000269604504	0.018471603227	0.0	0.014633823371	0.000134797104	0.005939667187	0.0	0.0	0.0	0.010525287159	0.0	0.001212649555	0.0	0.008422627223	0.0	0.016383952652	0.00053919528	0.014358469396	0.0	0.079162264977
0.03444068628	0.00734658807	0.028712325096	0.024481487312	0.009907769664	0.005796750049	0.00970539804	0.029732883411	0.006537609936	0.0	0.000336989952	0.019613631712	0.0	0.014499907465	0.0	0.005804108776	0.0	6.5969508e-05	0.0	0.01059540393	0.0	0.007883895341	0.0	0.008495676291	0.0	0.01597639318	0.000471788928	0.014225229234	0.0	0.078946069639
0.01267094556	6.73295e-05	0.005189681952	0.0	0.0	0.0	0.0	0.0	0.0	0.0	0.0	0.0	0.0	0.0	0.0	0.0	0.0	0.0	0.0	0.0	0.0	0.0	0.0	0.003168281602	0.0	0.006128609043	0.0	0.012326684381	0.0	0.047482073383
0.041517849672	0.118178238874	0.035519294304	0.115753271053	0.035856146664	0.038286927256	0.036935200224	0.195235499737	0.018467484984	0.049092380061	0.030868781112	0.158619064856	0.000943589088	0.080041801458	0.029454020856	0.19844373743	0.004987629504	0.090694144308	0.0	0.280105376781	0.003841805136	0.071279162912	0.022983718992	0.05213058833	0.0054593604	0.044702192641	0.002898137736	0.045578708563	0.00411803025	0.146532508031
0.041517919872	0.117969248776	0.0355873284	0.165422467449	0.042866769816	0.038353603936	0.036934635816	0.198255486202	0.018939090456	0.049566871309	0.030936087936	0.158420774747	0.000943583472	0.091976802803	0.02938651092	0.268324312814	0.004987597056	0.300370965537	0.001078404912	0.282949260257	0.006133388352	0.254005656494	0.0229833084	0.082882268837	0.022713332928	0.059812991746	0.008896816968	0.053538470769	0.004388079375	0.174395325207
0.041518716408	0.12202470045	0.035452239264	0.038708772482	0.022443910632	0.042186578873	0.038081037384	0.085429385959	0.015973987536	0.077818687956	0.00916632288	0.04382699586	0.00053918748	0.076679281427	0.029183427	0.135906587007	0.003909234576	0.063722800152	0.0	0.2701052687	0.003639576096	0.032097828446	0.023117882736	0.055905711083	0.004313537904	0.026648051171	0.001280590272	0.0404045232	0.0	0.109512042278
0.033699263832	0.0070747356	0.02952056016	0.02333119636	0.010177175736	0.004989548183	0.008829736344	0.033370853023	0.00451572264	0.0	0.000202189104	0.019749791094	0.0	0.014840636468	0.0	0.006005399022	0.0	0.0	0.0	0.010387484868	0.0	0.001216952345	0.0	0.008560777085	0.0	0.016318440861	0.000471794544	0.014352231461	0.0	0.078550747818
0.041384178576	0.119068260403	0.035317504872	0.116705342668	0.034239040056	0.038488647017	0.034172385624	0.193215630034	0.022242347712	0.048823358188	0.029992794624	0.158779019932	0.0	0.081591787999	0.029318624712	0.197218995035	0.004987622016	0.089070367073	6.739824e-05	0.279098361903	0.004717999728	0.071557468899	0.022579001328	0.052868039653	0.004987590816	0.044491313248	0.0026959608	0.045251027506	0.004252972375	0.147541505944
0.04138299828	0.118590300671	0.035317054656	0.116969008535	0.034238625408	0.038623365601	0.037811176416	0.194833949157	0.020152495584	0.048618080478	0.03039703992	0.158173259054	0.001145773512	0.080921278717	0.029319183504	0.19808736457	0.005122430976	0.090026347696	0.0	0.279769052194	0.004043995488	0.071951572647	0.022848609888	0.053208913931	0.004785373632	0.044966921974	0.002628549768	0.045244679097	0.004320575	0.147541198187
0.034912482696	0.002021064327	0.006402852144	0.001485242858	0.004852683576	0.000403954551	0.001482767208	0.0	0.0	0.0	0.0	0.000405418906	0.0	0.0	0.0	0.0	0.0	0.0	0.0	0.002628682003	0.0	0.000133685147	0.0	0.004512667898	0.0	0.006056677241	0.000269599824	0.012465930761	0.0	0.048754983752
0.012873141216	0.000134612592	0.004920087744	0.000135034107	0.0	0.0	0.0	0.0	0.0	0.0	0.0	0.0	0.0	0.0	0.0	0.0	0.0	0.0	0.0	0.0	0.0	0.0	0.0	0.003167815842	0.0	0.006124256607	0.0	0.012262712241	0.0	0.047470059478
0.047448951264	0.118315336983	0.040439760192	0.115822387106	0.034643349936	0.038016052726	0.033632184456	0.194630980478	0.017321598216	0.050035807532	0.031812738048	0.158678512438	0.000202190976	0.077696039702	0.031408357968	0.198837679929	0.004246256352	0.090089061549	0.0	0.27934546421	0.003369962544	0.071350303198	0.024937746912	0.051660935586	0.00458313024	0.044433973884	0.00384181044	0.046250246964	0.00411804225	0.146774925947
0.0130753818	0.00013462008	0.004852666728	0.000134869307	0.0	0.0	0.0	0.0	0.0	0.0	0.0	0.0	0.0	0.0	0.0	0.0	0.0	0.0	0.0	0.0	0.0	0.0	0.0	0.003368906205	0.0	0.006135195231	0.0	0.012407666252	0.0	0.047880767274
0.03363193548	0.007209615901	0.029520575136	0.023131755141	0.010379358288	0.00485434191	0.008020903176	0.031681941126	0.004583134296	0.0	0.000202191912	0.019478038522	0.000404392248	0.015381662562	0.0	0.006004780961	0.0	6.7291141e-05	0.0	0.010795144605	0.0	0.001352095117	0.0	0.008563439333	0.0	0.016512589772	0.000539190288	0.014084926875	0.0	0.078822070102
0.033834080592	0.002016959782	0.007683417144	0.001347987411	0.004313494224	0.000269841858	0.00107843112	0.0	0.0	0.0	0.0	0.000472072444	0.0	0.0	0.0	0.0	0.0	0.0	0.0	0.002493160313	0.0	0.000135222993	0.0	0.004317962196	0.0	0.006133502122	6.73998e-05	0.012539066991	0.0	0.049495246426
0.012468707784	0.0	0.005257083312	0.0	0.000134810208	0.0	0.0	0.0	0.0	0.0	0.0	0.0	0.0	0.0	0.0	0.0	0.0	0.0	0.0	0.0	0.0	0.004105704532	0.0	0.003372182121	0.0	0.006000179558	0.0	0.012467949529	0.0	0.047928755063
0.03349706724	0.002626407368	0.0078182208	0.001347933454	0.004246102224	0.000337088528	0.000808791048	0.0	0.0	0.0	0.0	0.000945399314	0.0	0.0	0.0	0.0	0.0	0.0	0.0	0.002359742072	0.0	0.000604413484	0.0	0.004178824628	0.0	0.006129968707	6.7397304e-05	0.012334174752	0.0	0.048878272083
0.039294162648	0.010509527385	0.032756369256	0.023607140574	0.011390391792	0.005257689462	0.008290215648	0.031483885514	0.004583221344	0.003510231871	0.000471793608	0.019143644222	0.0	0.015651331054	0.0	0.006072493897	0.0	6.7139312e-05	0.0	0.048570946931	0.0	0.00128311871	0.0	0.017058468614	0.0	0.01901358336	0.000673979592	0.015576981022	0.0	0.082196517257
0.0391585662	0.002155150396	0.00896398776	0.001887370428	0.004987478808	0.000471423653	0.001145774448	0.0	0.0	0.0	0.0	0.000674942617	0.0	0.0	0.0	0.0	0.0	0.0	0.0	0.002763867248	0.0	0.00020265181	0.0	0.004249950498	0.0	0.006264830992	0.000134799912	0.012334362326	0.0	0.048887434168
0.012805700544	6.73297e-05	0.005122299312	0.000269146536	0.0	0.0	0.0	0.0	0.0	0.0	0.0	0.0	0.0	0.0	0.0	0.0	0.0	0.0	0.0	0.0	0.0	0.002009661754	0.0	0.003167650575	0.0	0.006134460955	0.0	0.012673516136	0.0	0.047397232316
0.03369940704	0.007213704127	0.029521132056	0.035604248481	0.01091895948	0.004852593935	0.008087859936	0.032085765669	0.004920108336	0.0	0.000202193784	0.019549215798	0.000404388504	0.01544880493	0.0	0.010657310758	0.0	0.007019789038	0.0	0.010863278011	0.0	0.03194912455	0.0	0.008569849185	0.0	0.021166085056	0.000943584096	0.015510121133	0.0	0.082532007342
0.012536106336	6.7166616e-05	0.006200683632	6.7324721e-05	6.7405104e-05	0.0	0.0	0.0	0.0	0.0	0.0	0.0	0.0	0.0	0.0	0.0	0.0	0.0	0.0	0.0	0.0	0.000472127135	0.0	0.003303488934	0.0	0.006202138737	0.0	0.01212660717	0.0	0.047066586281
0.033497213256	0.002962926456	0.008694412272	0.004651904637	0.005526763632	0.000336778494	0.001010988576	0.0	0.0	0.0	0.0	0.000810325663	0.0	0.0	0.0	0.0	0.0	0.004996600417	0.0	0.002629092238	0.0	0.008151259839	0.0	0.004048725954	0.0	0.006200363587	0.000808768272	0.012676284171	6.750575e-05	0.050905758382
0.034238470968	0.002154211528	0.007144229664	0.001212979293	0.004515696432	0.000336857365	0.00188720064	0.0	0.0	0.0	0.0	0.0	0.0	0.0	0.0	0.0	0.0	0.0	0.0	0.002626882634	0.0	6.7446467e-05	0.0	0.003842120881	0.0	0.005998712292	0.000134799288	0.012803651591	0.0	0.049291781246
0.047449793664	0.150929553538	0.040170084552	0.113205109274	0.034306432056	0.138393405712	0.040169992824	0.186943200235	0.018467779824	0.19095550414	0.032823679824	0.259100572394	0.004717866816	0.098790176773	0.042325995816	0.19885031199	0.004246205808	0.076407188362	0.0	0.282444451079	0.003437384496	0.052739503553	0.024802830624	0.09534302961	0.004515771936	0.040045980449	0.004178713032	0.068590711123	0.00445541425	0.151774007202
0.047247729984	0.118725060144	0.037204479	0.11643025099	0.034306650144	0.037881362489	0.033902709048	0.193841253842	0.01725481368	0.049904418315	0.0314087202	0.158706563056	0.000202197528	0.078359670829	0.031003386336	0.198846374577	0.004313640864	0.089492754072	0.0	0.279273619987	0.003639602304	0.07101546962	0.024263867472	0.053668333769	0.00471803592	0.044225820724	0.003774351984	0.046322407083	0.004387933	0.145837896767
0.034642910952	0.007881740244	0.028240284384	0.025090636908	0.010177154208	0.00566231676	0.00923374296	0.030542921024	0.00465057216	0.0	0.000269601696	0.018335383879	0.0	0.014635877579	0.000134801784	0.005939359633	0.0	0.0	0.0	0.010524260818	0.0	0.00141834465	0.0	0.008426749982	0.0	0.015979166364	0.000539187168	0.014228342298	0.0	0.079227919493
0.033834910824	0.005118545004	0.007481479824	0.001146242828	0.005324479056	0.001685160638	0.002156864112	0.0	0.0	0.0	0.0	0.0	0.0	0.0	0.0	0.003573256267	0.0	0.0	0.0	0.008026302273	0.0	6.7446467e-05	0.0	0.010043433701	0.0	0.006130016643	6.73998e-05	0.012540933515	0.0	0.051054521302
0.012940584696	6.724641e-05	0.005054869872	0.000202141137	0.0	0.0	0.0	0.0	0.0	0.0	0.0	0.0	0.0	0.0	0.0	0.0	0.0	0.0	0.0	0.0	0.0	0.004044147902	0.0	0.003236985025	0.0	0.006131498006	0.0	0.01233104594	0.0	0.047602881342
0.01287309816	6.724641e-05	0.00505490076	0.000201724421	0.0	0.0	0.0	0.0	0.0	0.0	0.0	0.0	0.0	0.0	0.0	0.0	0.0	0.0	0.0	0.0	0.0	0.0	0.0	0.003303918595	0.0	0.005999121272	0.0	0.012599307116	0.0	0.047550607946
0.041517783216	0.118917955093	0.034508946888	0.120951499041	0.034306438608	0.038016190158	0.03363208056	0.194151241656	0.017051812128	0.047683135957	0.03167745984	0.158755897181	0.00013479804	0.07871969802	0.031408311168	0.198954872079	0.00397662096	0.098592685105	0.000134795232	0.279106573081	0.00357221904	0.119097642919	0.024129074736	0.052137821463	0.00444834	0.048408859885	0.003639563304	0.046736161073	0.004185561375	0.151306470828
0.034036294032	0.006938894825	0.028779162984	0.024143509496	0.009975174768	0.005729560165	0.009840533976	0.031281719983	0.005796402768	0.0	0.000269592336	0.019882150702	0.0	0.014365386798	0.0	0.005869291649	0.0	6.6906954e-05	0.0	0.010792685455	0.0	0.001283521811	0.0	0.008290093653	0.0	0.015981339153	0.000539191848	0.014835992354	0.0	0.079232707181
0.012940539768	6.7253025e-05	0.0051222834	0.000268987128	0.0	0.0	0.0	0.0	0.0	0.0	0.0	0.0	0.0	0.0	0.0	0.0	0.0	0.0	0.0	0.0	0.0	0.0	0.0	0.003034145992	0.0	0.006196354574	0.0	0.012545944237	0.0	0.047476961878
0.034912437768	0.002020636101	0.00640286712	0.001552622174	0.004852658304	0.000403714236	0.001415382696	0.0	0.0	0.0	0.0	0.000405439505	0.0	0.0	0.0	0.0	0.0	0.0	0.0	0.002696559462	0.0	0.000133905193	0.0	0.004111510007	0.0	0.00612262586	0.00026958672	0.012537459367	0.0	0.048750820684
0.034171949448	0.029050061172	0.02891443464	0.024685035674	0.017186681304	0.020351669516	0.013884660504	0.045840631054	0.012064647816	0.03875906695	0.000876192408	0.022040212503	0.001145775384	0.026031607681	0.0	0.11292150297	0.0	0.001819344615	0.0	0.099411139716	0.0	0.012880568524	0.01192967256	0.043645557108	0.001550194464	0.017863492563	0.001011006672	0.024005198404	0.0	0.085434058728
0.012536148456	0.0	0.00532447812	0.0	0.000134796168	0.0	0.0	0.0	0.0	0.0	0.0	0.0	0.0	0.0	0.0	0.0	0.0	0.0	0.0	0.0	0.0	0.000134565094	0.0	0.003434952924	0.0	0.006128039961	0.0	0.01246698556	0.0	0.047262663483
0.04138394832	0.123030017455	0.035654524776	0.038981785657	0.02264609412	0.043196957262	0.035385130872	0.085560034045	0.015839186688	0.079566463337	0.009098958024	0.043691531692	0.001010976408	0.075323682899	0.029453045544	0.136324534697	0.0038418276	0.063797606853	0.0	0.26996500999	0.00384177768	0.032166171897	0.023454893904	0.055905059939	0.004448325024	0.026432223158	0.001347982272	0.040460015926	0.0	0.108981767179
0.047381607	0.118720501178	0.037136863296	0.116494021352	0.034305966864	0.037680058607	0.033902283168	0.194099570527	0.017254306368	0.048691512404	0.03140830836	0.158827081424	0.000202197528	0.078353966568	0.031139338464	0.19864868776	0.004313643984	0.089415074003	0.0	0.279370428028	0.00357218784	0.070811060973	0.024263819424	0.052058493873	0.004717947936	0.044299658088	0.003706982448	0.046593363458	0.0043205635	0.146030820196
0.034441538976	0.024192855042	0.028577337984	0.021856177318	0.0099749754	0.011595735124	0.013008398832	0.040394338532	0.006605250912	0.015979882674	0.000404390376	0.018671817629	0.0	0.014430932229	0.000134796168	0.041114885369	0.0	6.6906126e-05	0.0	0.060767451897	0.0	0.000539795026	0.0	0.031892013628	0.0	0.016241133668	0.001213205448	0.017989877825	0.0	0.081854074466
0.012603547008	0.00114428889	0.005189681952	0.0	0.0	0.0	0.0	0.0	0.0	0.0	0.0	0.0	0.0	0.0	0.0	0.0	0.0	0.0	0.0	0.0	0.0	6.7950663e-05	0.0	0.004046088844	0.0	0.006068163906	0.0	0.012337254001	0.0	0.047817813413
0.033834101184	0.002423120385	0.007481238336	0.001280139105	0.004380884352	0.000269972311	0.002022032376	0.0	0.0	0.0	0.0	0.0	0.0	0.0	0.0	0.0	0.0	0.0	0.0	0.002289898886	0.0	0.0	0.0	0.004183277643	0.0	0.0061980798	6.739668e-05	0.012466587773	0.0	0.049166108656
0.038619457344	0.001886430949	0.006335453592	0.001620430271	0.004920085872	0.000471136754	0.001348079616	0.0	0.0	0.0	0.0	0.000473145105	0.0	0.0	0.0	0.0	0.0	0.0	0.0	0.002627253479	0.0	0.00013757828	0.0	0.00417920491	0.0	0.005995687571	0.000134799912	0.01219404824	0.0	0.049026364599
0.033632715168	0.007343957859	0.025274927808	0.003640621972	0.0087618024	0.004987854998	0.004043974896	0.008829861642	0.00458323632	0.000405481462	0.0	0.000878269183	0.000269593272	0.014908714795	0.0	0.004454774246	0.0	0.0	0.0	0.021108395049	0.0	0.000202758013	0.0	0.015843246686	0.0	0.006058696084	0.000404383824	0.013747877221	0.0	0.073636707795
0.047448979344	0.11865058523	0.040439459736	0.115761055043	0.034777813824	0.038014961032	0.033565574016	0.194644520744	0.01738914372	0.050040248716	0.031879901664	0.158630712339	0.000269597016	0.077616187695	0.031341082968	0.199241404571	0.004246193952	0.090152707312	0.0	0.279410677026	0.00337001184	0.071416430991	0.024870621984	0.051792150046	0.004650590256	0.044432090099	0.003909120384	0.046185135706	0.004050534125	0.146521418027
0.033429739824	0.002895665418	0.00876179772	0.001550952667	0.005526685008	0.00033680775	0.001011070008	0.0	0.0	0.0	0.0	0.0008103794	0.0	0.0	0.0	0.0	0.0	0.0	0.0	0.002695133418	0.0	0.000268753041	0.0	0.004116384301	0.0	0.006203361883	6.73998e-05	0.012402734863	6.750575e-05	0.049091657153
0.034440666624	0.007278358501	0.028644364944	0.024414144955	0.009907558128	0.005796622481	0.009638351424	0.02959783641	0.00653778216	0.0	0.000269588592	0.019615534006	0.0	0.014564826458	0.0	0.005872392283	0.0	0.0	0.0	0.010523420363	0.0	0.001345977978	0.0	0.008291893135	0.0	0.016180380506	0.000471791424	0.014149702846	0.0	0.078880785948
0.041518955088	0.119590303509	0.036396139104	0.11300936308	0.03767632128	0.03855270157	0.03363308676	0.195305522424	0.017928816984	0.05030840427	0.032150093976	0.158634048917	0.0008761896	0.077265194866	0.03086857332	0.198775002977	0.004246183968	0.090829716025	0.0	0.279970036771	0.003572205936	0.071085023614	0.024331309392	0.053204888958	0.005055022752	0.044697677597	0.003235168872	0.046009216462	0.004725447375	0.145988627253
0.041315654016	0.118105542426	0.040708997784	0.114811889679	0.036867165192	0.038418143628	0.03370016052	0.194696685031	0.018063117072	0.049763836826	0.03208211136	0.158688736097	0.000539194968	0.077278741011	0.031071574872	0.199058366617	0.004313581584	0.090970133228	0.0	0.279974853391	0.003505012992	0.070869077292	0.024736206144	0.051591822543	0.004852791216	0.044634716693	0.00330254652	0.046391030064	0.004658100375	0.146323069657
0.01267098768	0.0	0.005257073952	0.0	0.00013479804	0.0	0.0	0.0	0.0	0.0	0.0	0.0	0.0	0.0	0.0	0.0	0.0	0.0	0.0	0.0	0.0	0.0	0.0	0.003373563216	0.0	0.006130511992	0.0	0.012482454692	0.0	0.047461950293
0.033362413344	0.007074747205	0.031205997576	0.022525661666	0.011862387576	0.005123304974	0.008087785056	0.031818838357	0.00465054876	0.0	0.000134796168	0.01914221959	0.0	0.015246133883	0.0	0.006274645894	0.0	0.0	0.0	0.010793771817	0.0	0.001759446592	0.0	0.008292031253	0.0	0.016592091058	0.000539191848	0.014154874161	0.0	0.07883097646
0.038619490104	0.001886282875	0.0063355266	0.002698027821	0.004920136416	0.000471191328	0.001347958872	0.0	0.0	0.0	0.0	0.000473174285	0.0	0.0	0.0	0.0	0.0	0.0	0.0	0.002629383734	0.0	0.005734173782	0.0	0.004045467034	0.0	0.006136440104	0.00013479336	0.012399970571	0.0	0.050233809823
0.034575445944	0.002761168485	0.00660508056	0.002698272342	0.004650460776	0.000404113249	0.00161755776	0.0	0.0	0.0	0.0	0.00013551527	0.0	0.0	0.0	0.0	0.0	0.0	0.0	0.002561068401	0.0	0.004237084888	0.0	0.004251016502	0.0	0.006000887998	0.000202191912	0.012935939431	0.0	0.049627740047
0.03902393196	0.002020274521	0.009098828856	0.001753706845	0.005122273104	0.000471446274	0.001213298424	0.0	0.0	0.0	0.0	0.000608165736	0.0	0.0	0.0	0.0	0.0	0.0	0.0	0.002627576974	0.0	0.000133737144	0.0	0.004384972902	0.0	0.006136741845	0.000202199712	0.012533815473	0.0	0.04888587693
0.034576308936	0.024394030714	0.028038089664	0.020369378187	0.01051416756	0.011458933479	0.012806166672	0.040660067274	0.006807441888	0.015977453381	0.000404390376	0.018200509612	0.0	0.014498129508	0.000269593272	0.041246492963	0.0	0.0	0.0	0.060096559887	0.0	0.00060702115	0.0	0.031888338051	0.0	0.016519866907	0.0010784046	0.017731842138	0.0	0.082389877673
0.038957149296	0.009834678073	0.031947226272	0.018006181583	0.0095032314	0.005122148023	0.008425023984	0.024475425734	0.0045158022	0.003439388322	0.0	0.001686607345	0.0	0.015448504395	0.0	0.006411169654	0.0	0.0	0.0	0.042834962218	0.0	0.000201264937	0.0	0.016248122842	0.0	0.016052217663	0.000471785496	0.015173460538	6.7508375e-05	0.075783656592
0.034374125448	0.029584233258	0.02864471688	0.025631045882	0.017456269896	0.020143140037	0.013008394152	0.051232057231	0.011997146304	0.036744693197	0.00114578568	0.021570554001	0.0	0.025762508685	6.7398552e-05	0.111978388406	0.0	0.001819065046	0.0	0.098115426382	0.0	0.016864175863	0.01192964448	0.043959571257	0.001617596448	0.019146991946	0.001280608056	0.023576321119	0.0	0.090080225419
0.047449834848	0.13582679297	0.040102914384	0.088746251733	0.035384851008	0.062545992758	0.033700325256	0.15702662138	0.018804797856	0.111448371254	0.02359008288	0.109673703847	0.004785264432	0.07828526505	0.035586232344	0.198910868863	0.004246205808	0.076538558472	0.0	0.279493370431	0.003369989376	0.038101870249	0.02513984304	0.077211174234	0.00458318328	0.0321574946	0.001954566744	0.046187958146	0.0	0.126954231892
0.008559628272	6.7166616e-05	0.004717932336	6.7349846e-05	0.0	0.0	0.0	0.0	0.0	0.0	0.0	0.0	0.0	0.0	0.0	0.0	0.0	0.0	0.0	0.0	0.0	6.6005943e-05	0.0	0.00350362664	0.0	0.006201034716	0.0	0.012256768745	0.0	0.047473268551
0.041518000368	0.118790745263	0.034575810984	0.116771447501	0.03423860388	0.037883642731	0.033565234248	0.194297163	0.017052114456	0.047880441831	0.031744925784	0.15870260013	0.00013479804	0.078705699918	0.031408629408	0.198771525543	0.003976612224	0.089282019935	0.000134801472	0.279021254239	0.0035723688	0.071413695813	0.024129503424	0.051796108521	0.004448384304	0.044704763452	0.003774367896	0.045858420794	0.0040505365	0.14719234162
0.034710241176	0.007483673905	0.02830798152	0.023807564661	0.010312171272	0.00545896404	0.00896402988	0.030943570726	0.004583092176	0.0	0.000202212504	0.01847007202	0.0	0.014502146548	0.000269594208	0.006075105613	0.0	0.000133107162	0.0	0.010796965858	0.0	0.021632578984	0.0	0.008560320469	0.0	0.016118171558	0.0006065982	0.014765895471	0.0	0.079027084601
0.012805742664	6.73294e-05	0.0051222834	0.000201879897	0.0	0.0	0.0	0.0	0.0	0.0	0.0	0.0	0.0	0.0	0.0	0.0	0.0	0.0	0.0	0.0	0.0	6.6322084e-05	0.0	0.003707945966	0.0	0.00606469777	0.0	0.012470414789	0.0	0.047466790855
0.041517794448	0.119264994875	0.035317057464	0.116636920446	0.034171173504	0.038420860513	0.033969506688	0.193686469483	0.020893960152	0.048892391412	0.029992464216	0.15877549091	0.0	0.081197795052	0.029925879048	0.197895647241	0.004515839952	0.088203742205	0.000337004304	0.280115618878	0.004717994736	0.072167637718	0.022781552976	0.053012785618	0.00512239416	0.044443228675	0.002695970784	0.044908336262	0.004320570625	0.148417109016
0.034912457424	0.006468483399	0.027902982744	0.022395956249	0.01058154084	0.005393005276	0.008627469552	0.031213031538	0.004650594624	0.0	0.00026961012	0.01833278711	0.0	0.014638718833	0.000404390376	0.006276106444	0.0	0.0	0.0	0.010658121659	0.0	0.00134831746	0.0	0.008560681982	0.0	0.016586997022	0.000471787992	0.014091839932	0.0	0.078675856695
0.034171073352	0.002221801413	0.007211628216	0.001145106821	0.004583087496	0.000337263352	0.001954612296	0.0	0.0	0.0	0.0	0.0	0.0	0.0	0.0	0.0	0.0	0.0	0.0	0.002290782475	0.0	6.7320885e-05	0.0	0.0043149261	0.0	0.006262790684	0.000202198776	0.012538173549	0.0	0.04937241975
0.03363186528	0.002828118086	0.007953006672	0.001416091092	0.004178698056	0.00033685521	0.000876271032	0.0	0.0	0.0	0.0	0.00087824498	0.0	0.0	0.0	0.0	0.0	0.0	0.0	0.002358511358	0.0	0.000135467068	0.0	0.004051137134	0.0	0.006126276025	6.7397304e-05	0.012406428802	0.0	0.049034853879
0.041315610024	0.119200894337	0.035249665464	0.116760214741	0.034239087792	0.038355636935	0.034171673328	0.193092162991	0.02230933068	0.048893242807	0.03006038412	0.158833385523	0.0	0.081803612814	0.02931965244	0.197076735042	0.004987648848	0.089081498975	6.739824e-05	0.2792373436	0.00471793608	0.071827750453	0.02251137408	0.052802709646	0.005054932272	0.044358367325	0.002695992	0.045247853218	0.004253054875	0.147658630399
0.033901457616	0.00653652025	0.029049262632	0.023537842963	0.009907834248	0.004922928174	0.010177211304	0.034314419587	0.00465047388	0.0	0.000269585784	0.0196136479	0.0	0.014434562005	0.0	0.005937135253	0.0	0.000134199494	0.0	0.010997691667	0.0	0.001617025737	0.0	0.008697671737	0.0	0.016247839832	0.000539189664	0.014630285845	0.0	0.078960119108
0.012536148456	0.001414643096	0.006133259808	6.7322367e-05	6.7398552e-05	0.0	0.0	0.0	0.0	0.0	0.0	0.0	0.0	0.0	0.0	0.0	0.0	0.0	0.0	0.002426885335	0.0	0.0	0.0	0.004245578314	0.0	0.006137746461	0.0	0.012129775655	0.0	0.047343954423
0.0341036748	0.006938217961	0.029116154808	0.02373891275	0.009705356856	0.005528754073	0.00997526556	0.032763437642	0.005526704664	0.0	0.000269588592	0.020085122673	0.0	0.014501646474	0.0	0.00573758735	0.0	6.5991706e-05	0.0	0.010795264505	0.0	0.001551109705	0.0	0.008293185812	0.0	0.016309494004	0.000471792984	0.014358364138	0.0	0.07943623855
0.034171093944	0.002221844366	0.007211660976	0.001144914603	0.004583087496	0.000337231987	0.001954558008	0.0	0.0	0.0	0.0	0.0	0.0	0.0	0.0	0.0	0.0	0.0	0.0	0.002292255673	0.0	0.002215697183	0.0	0.004315334592	0.0	0.00626022932	0.00020219004	0.012810184899	0.0	0.049167258565
0.034711121016	0.009768087942	0.027768462696	0.017603186372	0.009503208	0.005392500691	0.008559850104	0.02494816401	0.004717993176	0.003506552148	0.0	0.001551762168	0.0	0.014705023257	0.000336991824	0.006679750829	0.0	0.0	0.0	0.042508399532	0.0	6.5995493e-05	0.0	0.016256055316	0.0	0.015912569216	0.000404383512	0.015092672253	6.7508375e-05	0.074793531763
0.034643708424	0.022773228467	0.0278358678	0.022527545325	0.010581591384	0.011456370453	0.012536565912	0.046992815022	0.006874846056	0.015908271052	0.000606582288	0.018265800514	0.0	0.014634222876	0.00040438944	0.041250737378	0.0	0.0	0.0	0.060431130527	0.0	0.001348591495	0.0	0.031675312134	0.0	0.019286656408	0.001348000368	0.018667352844	0.0	0.086713457858
0.041517784152	0.118787685875	0.035384456016	0.115689418043	0.034171206264	0.038491320525	0.039496245984	0.195382476408	0.019006652808	0.049021768441	0.030734427672	0.158675320953	0.000539190288	0.080243404355	0.029589293448	0.198579249214	0.004852831776	0.090491304564	0.0	0.279340217312	0.00384179328	0.071281558614	0.023185508736	0.052665870319	0.005054926656	0.044969832005	0.002763438912	0.045310920381	0.004185570875	0.146796671489
0.038889149832	0.0067426493	0.032958313128	0.02724564073	0.010851379344	0.005120791351	0.008424763776	0.031148999124	0.004987437624	0.0	0.000202197528	0.018535033203	0.0	0.015381479922	0.0	0.006477012187	0.0	6.6797031e-05	0.0	0.010729824912	0.0	0.029797427348	0.0	0.008362995774	0.0	0.016785101232	0.000606589464	0.014420727797	0.0	0.080031522518
0.041518986912	0.119872652874	0.03484563264	0.116841797688	0.03430654812	0.045687290606	0.033902751168	0.194764976483	0.018804961656	0.067960736212	0.03033042012	0.158752110867	0.0	0.081053397855	0.029722795128	0.198030520694	0.004313639616	0.088538760587	0.000539188416	0.279010110931	0.0046506096	0.072161043573	0.022983265344	0.057983066465	0.005054973456	0.044233785282	0.002965597752	0.045989121903	0.0042528945	0.148071953891
0.033497938656	0.007209205239	0.027836163576	0.004180606382	0.010042369272	0.004986436163	0.004111378128	0.008493143696	0.004583226024	0.000202894212	0.0	0.000810562682	0.0	0.015109213789	0.0	0.004387211843	0.0	0.0	0.0	0.020904617465	0.0	0.000135145966	0.0	0.016052012567	0.0	0.005992130418	0.000471784248	0.013626119145	6.7507625e-05	0.073560134059
0.04151786184	0.119736469139	0.03471078312	0.116915385779	0.034305970608	0.038083907162	0.033767633952	0.194367659575	0.017524357344	0.047346237307	0.031273398	0.158772503445	0.0	0.080108462143	0.03046446936	0.198013288167	0.004246228272	0.088746074273	0.000471787056	0.279282833368	0.003909204624	0.071968288484	0.023455207152	0.052524997297	0.00498757896	0.043956750984	0.003235162944	0.045184711298	0.00418547075	0.147938939623
0.033767511336	0.007345075969	0.02952113112	0.023330443501	0.010244569608	0.004922122135	0.008761976496	0.033168245887	0.004515845256	0.000472430894	0.000202211568	0.019751750304	0.0	0.01490895547	0.0	0.005871097839	0.0	6.5991266e-05	0.0	0.021514325286	0.0	0.001150697933	0.0	0.016784673776	0.0	0.01625156514	0.000471786432	0.014956208408	0.0	0.080912968558
0.012940592184	6.725082e-05	0.005054920416	0.00020214206	0.0	0.0	0.0	0.0	0.0	0.0	0.0	0.0	0.0	0.0	0.0	0.0	0.0	0.0	0.0	0.0	0.0	6.7398455e-05	0.0	0.003707320749	0.0	0.006062531998	0.0	0.012401049423	0.0	0.04774147947
