0.0	0.0	0.0	0.0	0.0	2.0203638e-05	0.0	0.0	0.0	0.001803216212	0.0	0.000574590134	0.0	0.004041481458	1.0072608e-05	0.012347354385	0.000433132128	0.013748396091	0.0	0.011489121511	0.0	0.011566846474	0.000251825496	0.008110567857	0.000171515375	0.005934817675
0.0	0.0	0.0	0.003864548759	0.0	0.00026184402	0.0	0.01302346042	0.0	0.002438517746	0.0	0.017833435964	0.0	0.003031718928	0.0	0.018557311238	0.000805835472	0.014761363294	0.00068495232	0.011547397508	0.0	0.014820632044	0.00022160268	0.00795129271	0.000181601125	0.00816972332
0.0	0.0	0.0	0.0	0.0	4.0261949e-05	0.0	0.0	0.0	0.001773259333	0.0	0.00057445874	0.0	0.004001324412	2.0144592e-05	0.012366966755	0.000433133376	0.013767320939	0.0	0.011497943112	0.0	0.011534414021	0.00024174696	0.007939053923	0.000151337375	0.005984856458
0.0	0.0	0.0	0.0	0.0	3.0243665e-05	0.0	0.0	0.0	0.001793128351	0.0	0.000554430212	0.0	0.001600917345	1.0071984e-05	0.012296930745	0.000443209104	0.013714317208	0.0	0.011468703532	0.0	0.011543670774	0.000241748832	0.007999196516	0.00014124675	0.005913472349
0.000825967584	0.007926682744	0.000271965096	0.005343967402	0.00123895044	0.024368817367	0.000523782792	0.010865892234	0.0	0.015077735607	0.0	0.016020818244	0.0	0.011010873838	1.0072608e-05	0.018562138848	0.000453269856	0.013875002812	0.0	0.011506099093	0.0	0.01155536372	0.000251817072	0.008663436668	0.000171511375	0.005915604998
0.0	0.0	0.0	0.0	0.0	4.0237561e-05	0.0	0.0	0.0	0.00175281526	0.0	0.000584565974	0.0	0.001641358651	0.0	0.012333458507	0.000433137744	0.013692465695	0.0	0.011487448272	0.0	0.011536347412	0.000241750392	0.007929004592	0.00017151675	0.005954712701
0.0	0.0	0.0	0.0	0.0	7.057067e-05	0.0	0.0	0.0	0.001823184659	0.0	0.000574491417	0.0	0.001682280067	0.0	0.012434956636	0.00042306264	0.013582767728	0.0	0.011416130693	0.0	0.011473856897	0.000251822688	0.007939602684	0.00018160125	0.006014738293
0.0	0.0	0.0	0.003588339127	0.0	5.0417767e-05	0.0	0.003803377676	0.0	0.002468464169	0.0	0.000695212001	0.0	0.003062822353	0.0	0.012374501686	0.00075547056	0.014702678524	0.000695030544	0.011495231333	0.0	0.014660035872	0.000271965096	0.007901965363	0.000201782125	0.008140341131
0.0	0.0	0.0	0.001680161463	0.0	4.0321531e-05	0.0	0.0	0.0	0.00179305361	0.0	0.00058455074	0.0	0.001672350168	0.0	0.012424678612	0.000423052656	0.013642910992	0.0	0.011437356281	0.0	0.011465027661	0.000302185728	0.007868428065	0.000161424375	0.005992735415
0.0	0.0	0.0	0.003226655713	0.0	0.000251938101	0.0	0.010865439743	0.0	0.001803246365	0.0	0.015971465163	0.0	0.001701629303	0.0	0.018574035291	0.000423061392	0.013643747526	0.0	0.011452806504	0.0	0.011594341997	0.00024175164	0.008029543864	0.000201780625	0.005944278191
0.0	0.0	0.0	0.003226676971	0.0	0.00029210203	0.0	0.010855554246	0.0	0.001773190411	0.0	0.016001099041	0.0	0.001701435476	0.0	0.018549939925	0.000423058272	0.013650325326	0.0	0.01143481083	0.0	0.011473029117	0.000282042072	0.007935789518	0.000151336625	0.006003228394
0.000866250216	0.007140792598	0.0	0.003247339242	0.0	0.012970244809	0.0	0.010906060971	0.0	0.007035738253	0.0	0.015909756253	0.0	0.00184331485	0.0	0.018539936758	0.000433125264	0.013714119776	0.0	0.011476458816	0.0	0.01158620827	0.000251818944	0.008082617929	0.000211865375	0.005913410394
0.0	0.0	0.0	0.0	0.0	6.0396605e-05	0.0	0.0	0.0	0.001833545476	0.0	0.000564433149	0.0	0.004038939004	0.0	0.012425886822	0.000402921168	0.013740932938	0.0	0.011473711788	0.0	0.011574354934	0.000251828304	0.007937828147	0.000181601875	0.005983038149
0.0	0.0	0.0	0.0	0.0	4.0220072e-05	0.0	0.0	0.0	0.001833264503	0.0	0.00056429685	0.0	0.001652318942	0.0	0.012416464646	0.000443207856	0.013783550944	0.0	0.011445044135	0.0	0.011564028408	0.000292120296	0.007930355506	0.00016142175	0.005852156602
0.0	0.0	0.0	0.0	0.0	5.0362659e-05	0.0	0.0	0.0	0.001752871975	0.0	0.000584499429	0.0	0.001693312214	0.0	0.012374150272	0.00045328296	0.013644550264	0.0	0.011435275779	0.0	0.011514397927	0.000282040512	0.007951843055	0.00017151325	0.005992389695
0.0	0.0	0.0	0.0	0.0	5.0423524e-05	0.0	0.0	0.0	0.001833410702	0.0	0.00057454416	0.0	0.001681826291	0.0	0.01235518755	0.000433139616	0.013790759573	0.0	0.011497066078	0.0	0.011585679381	0.000271973208	0.007830044507	0.0001816005	0.005923520877
0.0	0.0	0.0	0.006166517107	0.0	8.0537644e-05	0.0	0.008183237186	0.0	0.002660393684	0.0	0.002428128978	0.0	0.006529580052	0.0	0.012364112113	0.000866269872	0.016805077874	0.000886411344	0.017410367178	0.0007856628	0.02199387024	0.000493571208	0.0080731108	0.000191693625	0.008794842086
3.021876e-05	0.011732191467	0.0	0.002206177736	0.000946836072	0.031644665336	0.000906542208	0.002559855257	1.0073232e-05	0.024715590631	0.0	0.00300280574	0.0	0.019562060115	0.0	0.018548979199	0.000423060768	0.01925352059	0.0	0.011467814044	0.0	0.011494746736	0.000282033024	0.009836780302	0.000151332625	0.006113597122
0.0	0.0	0.0	0.003146706549	0.0	0.000261976626	0.0	0.010846229005	0.0	0.001813533196	0.0	0.016028279794	0.0	0.001630966832	1.0072608e-05	0.018529314087	0.000473414448	0.013757139124	0.0	0.011520135955	0.0	0.011555938823	0.000251820504	0.008052671657	0.000171513375	0.005923429068
0.0	5.0202917e-05	0.0	0.0	0.0	3.0243111e-05	0.0	0.0	0.0	0.001793249919	0.0	0.000574393682	0.0	0.001651776583	0.0	0.012276410543	0.000453281088	0.013704029991	0.0	0.011478565028	0.0	0.011564121521	0.000231678408	0.007919573305	0.000171511	0.005963951687
0.0	0.0	0.0	0.0	0.0	5.0459279e-05	0.0	0.0	0.0	0.001833387643	0.0	0.000574531445	0.0	0.00171211053	0.0	0.012454314548	0.000433135872	0.013655863638	0.0	0.011435761931	0.0	0.011584779314	0.000251819256	0.008011859743	0.000211871625	0.005883447495
3.021876e-05	0.011704151543	0.0	0.002217158707	0.000866253024	0.031765722661	0.000866251152	0.002338756363	2.0145528e-05	0.024676677656	0.0	0.003052837005	0.0	0.019559148834	1.0072608e-05	0.018579259101	0.000463347456	0.01934519964	0.0	0.011507106892	0.0	0.011594918989	0.000271963848	0.009705003385	0.00016142225	0.005974652941
0.0	0.0	0.0	0.0	0.0	3.0254364e-05	0.0	0.0	0.0	0.001792944972	0.0	0.000574511004	0.0	0.00163208508	0.0	0.01231176246	0.000453279216	0.013701234532	0.0	0.011497713101	0.0	0.011606245415	0.000241751328	0.007999739639	0.00020178125	0.005862174888
0.0	0.0	0.0	0.003077466484	0.0	0.000251858017	0.0	0.010827262512	0.0	0.001773033079	0.0	0.015919010914	0.0	0.001630998222	0.0	0.018438027833	0.000453283584	0.013672386659	0.0	0.01145681623	0.0	0.011513022291	0.000251823624	0.007920395319	0.0001816035	0.005983837975
0.0	0.007765853969	0.0	0.0	0.000705097224	0.024167834589	0.000292109688	1.009313e-05	0.0	0.015075790753	0.0	0.00057453868	0.0	0.011072854701	1.0072608e-05	0.018502070046	0.000453269856	0.013889411122	0.0	0.011496286632	0.0	0.011605331823	0.000261893112	0.00854513787	0.000161423	0.005904716716
0.0	0.0	0.0	0.0	0.0	5.0338673e-05	0.0	0.0	0.0	0.001783488013	0.0	0.000594644196	0.0	0.001731740518	0.0	0.012404263214	0.000423063888	0.013573076825	0.0	0.011432451326	0.0	0.01156635974	0.000271967904	0.008028542465	0.0001513365	0.005942694808
0.0	0.0	0.0	0.0	0.0	6.0478788e-05	0.0	0.0	0.0	0.001772962305	0.0	0.000574447909	0.0	0.00403614644	0.0	0.012485343104	0.00044320848	0.013654415599	0.0	0.011456502186	0.0	0.011436765624	0.000292111872	0.007968954983	0.000171513625	0.006025766411
0.0	0.0	0.0	0.006150349216	0.0	6.0454272e-05	0.0	0.008203533834	0.0	0.002559302617	0.0	0.002387336609	0.0	0.006679247459	0.0	0.012394645103	0.000785692752	0.016906691688	0.00086626488	0.017398863298	0.000715155168	0.022001692642	0.000554009664	0.008019920508	0.000181603	0.008905132204
0.0	0.0	0.0	0.0	0.0	2.0203699e-05	0.0	0.0	0.0	0.001742837741	0.0	0.000584655593	0.0	0.001611964959	1.0072608e-05	0.012328855034	0.00044320848	0.013663711969	0.0	0.011479650549	0.0	0.011585393168	0.00025182456	0.008100158274	0.000171515875	0.005933386508
0.0	0.0	0.0	0.0	0.0	7.0597949e-05	0.0	0.0	0.0	0.001793039864	0.0	0.000574492277	0.0	0.00169270823	0.0	0.012455972331	0.000453281088	0.013624355997	0.0	0.011487328667	0.0	0.011425394933	0.000282043008	0.007937927503	0.000161424	0.005984527311
0.0	0.007896388833	0.0	0.0	0.000735315048	0.024299916904	0.000261891864	0.0	0.0	0.015147684164	0.0	0.00058459823	0.0	0.016502159905	0.0	0.018503904514	0.000423051408	0.013722572545	0.0	0.0114444999	0.0	0.011546430043	0.000292106256	0.008573096449	0.00016142275	0.005941677051
0.0	0.0	0.0	0.0	0.0	5.0366673e-05	0.0	0.0	0.0	0.001773188281	0.0	0.000594641206	0.0	0.004065948814	0.0	0.01242432287	0.000423061392	0.013652512969	0.0	0.011447054808	0.0	0.011493719905	0.000271969152	0.007856419727	0.000181605	0.006002060052
0.0	1.011312e-05	0.0	0.0	0.0	5.0492172e-05	0.0	0.0	0.0	0.001833257395	0.0	0.000574462478	0.0	0.004086346128	0.0	0.01244663868	0.00042306264	0.013592372733	0.0	0.011464310268	0.0	0.011565987315	0.0002619006	0.0079371853	0.000221957125	0.005964351023
0.0	0.0	0.0	0.001578083158	0.0	6.0406273e-05	0.0	0.0	0.0	0.00176312604	0.0	0.000584522771	0.0	0.004158610844	0.0	0.012383652982	0.00045327048	0.013572693863	0.0	0.011432324959	0.0	0.011565243108	0.000282039576	0.00788262246	0.000171512875	0.006024459459
0.0	0.004480872612	0.0	0.0	0.0	0.013039517443	0.0	0.0	0.0	0.006943645398	0.0	0.000594430401	0.0	0.001764072954	2.0145216e-05	0.018563620742	0.000433125264	0.013745513832	0.0	0.011488299845	0.0	0.011525258126	0.000231671232	0.008040272615	0.00015133175	0.005934596776
0.0	0.0	0.0	0.0	0.0	3.0162994e-05	0.0	0.0	0.0	0.001813522101	0.0	0.000574333385	0.0	0.004002383205	1.0072608e-05	0.012365120345	0.0004633512	0.013705562827	0.0	0.011526064565	0.0	0.011523583874	0.00027196572	0.007938415428	0.000171514625	0.00598394615
0.0	0.0	0.0	0.0	0.0	7.0552471e-05	0.0	0.0	0.0	0.001803433517	0.0	0.000584579576	0.0	0.001701267249	0.0	0.012487893994	0.000412995024	0.013669901101	0.0	0.011463994374	0.0	0.011535175111	0.00025182768	0.007999800723	0.00017151275	0.005962896336
0.0	0.0	0.0	0.003299561639	0.0	0.000241727246	0.0	0.010856446279	0.0	0.001823634996	0.0	0.016023691467	0.0	0.001601843812	1.0072608e-05	0.018541059716	0.00046335432	0.013753743783	0.0	0.011505194194	0.0	0.011624756089	0.000261897792	0.00791830652	0.00018160325	0.005923490012
0.0	0.0	0.0	0.0	0.0	5.0405585e-05	0.0	0.0	0.0	0.001752909855	0.0	0.000574473479	0.0	0.0016814553	0.0	0.012453813769	0.000443206608	0.013663620885	0.0	0.011475905889	0.0	0.011474418436	0.000282042384	0.007981382672	0.00018160275	0.005902263691
0.0	0.0	0.0	0.00309844176	0.0	0.000221489964	0.0	0.010916556056	0.0	0.001843626517	0.0	0.016000367225	0.0	0.001622518209	1.0072608e-05	0.018557668044	0.000473421312	0.01377539386	0.0	0.011476462399	0.0	0.011574226182	0.000261895608	0.007959593798	0.000181600625	0.005843006451
0.0	0.0	0.0	0.003278552361	0.0	0.00028206822	0.0	0.010825599915	0.0	0.001742861261	0.0	0.01602050023	0.0	0.001602402327	1.0071984e-05	0.018574246837	0.000433131504	0.013737488512	0.0	0.011508405316	0.0	0.011564857246	0.00024175164	0.00792771752	0.0001513385	0.005933813756
0.0	0.004177215722	0.0	0.003351248151	0.0	0.000261879873	0.0	0.01081785488	0.0	0.001803615695	0.0	0.01601031103	0.0	0.001723057625	0.0	0.018570088084	0.000412991904	0.013622219687	0.0	0.011437306811	0.0	0.011474117052	0.00027196884	0.007969474912	0.000171511125	0.006004174421
0.0	0.0	0.0	0.0	0.0	4.0261272e-05	0.0	0.0	0.0	0.001773204578	0.0	0.0005745386	0.0	0.001623326062	1.0072608e-05	0.012357319337	0.000443209104	0.013706105144	0.0	0.011503944239	0.0	0.011493697957	0.000261896544	0.007949915573	0.00015133975	0.005963699833
0.0	0.0	0.0	0.003260854264	0.0	0.000261916833	0.0	0.010857888369	0.0	0.001793494633	0.0	0.015919048345	0.0	0.001691760788	0.0	0.018533628945	0.000433134624	0.013643033864	0.0	0.011438557997	0.0	0.011465708199	0.00029211312	0.007898872052	0.00015133575	0.005993941515
0.0	0.0	0.0	2.0098794e-05	0.0	4.0355852e-05	0.0	0.0	0.0	0.001783381235	0.0	0.000584472874	0.0	0.001711591038	0.0	0.012333164067	0.000443212224	0.01359353251	0.0	0.011465432706	0.0	0.011564107698	0.000271966656	0.007909350496	0.00018160075	0.00597223017
0.000755451216	0.005980795083	0.0	0.002987354004	0.0	0.00286604042	0.0	0.010867026463	0.0	0.001844199661	0.0	0.015929029849	0.0	0.001691768772	0.0	0.018458510806	0.000443197248	0.013541442912	0.0	0.011465773912	0.0	0.011566289878	0.000292116552	0.007930088419	0.000181601625	0.005922964066
0.0	0.0	0.0	0.0030178086	0.0	0.000281977052	0.0	0.01083489461	0.0	0.001823582125	0.0	0.016023577414	0.0	0.001702903574	0.0	0.018486826401	0.000433139616	0.013642861296	0.0	0.011484312531	0.0	0.011445420916	0.000271974456	0.007939937754	0.00019168925	0.005924674516
0.0	0.0	0.0	0.0	0.0	3.0243371e-05	0.0	0.0	0.0	0.001752683721	0.0	0.000564381055	0.0	0.001610596211	1.0071984e-05	0.012366916194	0.000443203488	0.013715521693	0.0	0.01148489111	0.0	0.01156499005	0.000251822688	0.007981476145	0.0001614255	0.005923356187
0.0	0.0	0.0	0.0	0.0	4.0259021e-05	0.0	0.0	0.0	0.001752872499	0.0	0.000594632927	0.0	0.004072445386	0.0	0.012311306245	0.00044320536	0.013710441194	0.0	0.011510819221	0.0	0.011556520446	0.000241751328	0.007938645777	0.000151338875	0.0059643351
0.0	0.0	0.0	1.004975e-05	0.0	5.0266925e-05	0.0	0.0	0.0	0.001853627082	0.0	0.00057440258	0.0	0.001652152748	0.0	0.012424762808	0.000412988784	0.013770736719	0.0	0.011503438401	0.0	0.011585250889	0.00027196572	0.007929262979	0.00018160475	0.0058924358
0.0	0.0	0.0	0.0	0.0	4.037683e-05	0.0	0.0	0.0	0.001793286968	0.0	0.000564421501	0.0	0.004100050766	0.0	0.01239427208	0.000453282336	0.013701997747	0.0	0.011475851022	0.0	0.011542816071	0.000271968528	0.007971928273	0.000191693	0.00591320464
0.0	0.002072246979	0.0	0.0	0.0	3.016091e-05	0.0	0.0	0.0	0.001763121336	0.0	0.000584417828	0.0	0.004010545919	1.0072608e-05	0.012368219616	0.000453279216	0.013744267506	0.0	0.011515511435	0.0	0.01170691098	0.000261896856	0.007949351663	0.0001715125	0.005924759872
0.0	0.0	0.0	0.003118733964	0.0	0.000271928845	0.0	0.010835854129	0.0	0.001773055605	0.0	0.015989809081	0.0	0.001630986181	1.0071984e-05	0.018560585696	0.000443203488	0.013706347614	0.0	0.011495312448	0.0	0.011563195015	0.00025181988	0.007960885211	0.000161424125	0.005932240622
0.0	0.0	0.0	2.0133495e-05	0.0	6.0602789e-05	0.0	0.0	0.0	0.001823197113	0.0	0.000584559589	0.0	0.004131180415	0.0	0.012404336764	0.000402916176	0.013754373379	0.0	0.011530207994	0.0	0.01156444654	0.0002618928	0.007969940349	0.000181603625	0.005903165951
0.0	0.0	0.0	0.0	0.0	6.0523887e-05	0.0	0.0	0.0	0.001833288887	0.0	0.000584546919	0.0	0.00173121391	0.0	0.012405545924	0.000423062016	0.013622349847	0.0	0.011494819744	0.0	0.011514290246	0.000261894672	0.00798819776	0.00019169125	0.005983986337
0.0	0.002343885561	0.0	0.003106610854	0.0	0.000211616313	0.0	0.010816085692	0.0	0.001853721062	0.0	0.01599139812	0.0	0.001601224982	0.0	0.018567330677	0.000473421936	0.013770933704	0.0	0.011497563411	0.0	0.011587085842	0.00026189904	0.008032756541	0.000181599625	0.005923938224
0.0	0.0	0.0	0.0	0.0	5.029485e-05	0.0	0.0	0.0	0.00178289045	0.0	0.000604774524	0.0	0.00170253111	0.0	0.01242467513	0.00043313712	0.013713366789	0.0	0.011423484091	0.0	0.011555046761	0.000261892176	0.007972281428	0.000161423	0.005984251206
0.00025181676	0.00574915294	0.0	0.003149059878	0.0	0.000433880492	0.0	0.010836444417	0.0	0.0017937344	0.0	0.015950453314	0.0	0.001581688422	1.0072608e-05	0.018621951991	0.000463343712	0.013662524946	0.0	0.011473059828	0.0	0.011474566887	0.000251824248	0.007961283424	0.000171511125	0.005923118285
0.0	0.002072139052	0.0	0.0	0.0	5.029474e-05	0.0	0.0	0.0	0.001793103381	0.0	0.000594537073	0.0	0.001732245793	0.0	0.012415969177	0.00045328296	0.013633893995	0.0	0.011453111189	0.0	0.011566885839	0.000251822688	0.008022373724	0.00019169	0.005914373984
0.0	0.003350383554	0.0	0.0	0.0	0.000241184998	0.0	0.0	0.0	0.001762680505	0.0	0.000584473064	0.0	0.001743418361	0.0	0.012394696291	0.000443200992	0.013562083572	0.0	0.011423138606	0.0	0.011575518477	0.000292114992	0.007922319073	0.000171512625	0.005965472103
0.0	0.0	0.0	0.003790919726	0.0	4.0337028e-05	0.0	0.003802932465	0.0	0.002408513537	0.0	0.000685144147	0.0	0.0030025098	0.0	0.01231778293	0.000815911824	0.014720512391	0.000664808352	0.01150995034	0.0	0.014722001596	0.000251820816	0.007926197646	0.00016142575	0.008120116231
0.0	0.003825784001	0.0	0.0	0.0	0.002654310255	0.0	0.0	0.0	0.001924354733	0.0	0.000564426682	0.0	0.001752036125	0.0	0.017250383482	0.00042305328	0.013773350099	0.0	0.011539289817	0.0	0.011595604003	0.000261900288	0.008000272068	0.000181601375	0.005883674032
0.0	0.0	0.0	0.0	0.0	3.025807e-05	0.0	0.0	0.0	0.001773314778	0.0	0.000584485243	0.0	0.001622275742	1.0072608e-05	0.012297676144	0.000433132752	0.01374643142	0.0	0.011498495347	0.0	0.011575317143	0.00023168028	0.008026995855	0.0001614265	0.005924519988
0.0	0.003945443518	0.0	0.0	0.0	0.00269515126	0.0	0.0	0.0	0.002801329778	0.0	0.00057442291	0.0	0.004148099384	0.0	0.017209149719	0.000423051408	0.013767562658	0.0	0.011465167096	0.0	0.011555808938	0.000261903096	0.007919928489	0.0001916905	0.005943272549
0.0	0.0	0.0	0.003216873885	0.0	0.000251951623	0.0	0.010846262007	0.0	0.001833417952	0.0	0.016020635032	0.0	0.00171167285	0.0	0.018584374689	0.000412988784	0.013784262224	0.0	0.011509754692	0.0	0.011485882355	0.000251821752	0.008040174797	0.000211868625	0.00590400148
0.0	0.0	0.0	0.006331275495	0.0	7.0357136e-05	0.0	0.008173538174	0.0	0.002579287834	0.0	0.002408057634	0.0	0.006635387882	0.0	0.012404290282	0.000795767232	0.016877719234	0.000846114672	0.017430772357	0.000725225904	0.021944111444	0.000533865072	0.007960202517	0.000171514625	0.008895324216
0.0	0.0	0.0	0.0	0.0	5.0395399e-05	0.0	0.0	0.0	0.001753221297	0.0	0.000574411216	0.0	0.004139896017	0.0	0.012362429824	0.00045327672	0.013622515434	0.0	0.011465376933	0.0	0.011485583755	0.00029211624	0.007882822767	0.00016142325	0.006012859616
0.0	0.002091778977	0.0	0.0	0.0	4.0338396e-05	0.0	0.0	0.0	0.001763269334	0.0	0.000574329456	0.0	0.001601582519	1.0072608e-05	0.012368212524	0.000453281712	0.013696101864	0.0	0.011462523021	0.0	0.01157490219	0.000261897168	0.007981581408	0.000151333875	0.005903224237
0.0	0.003310847444	0.0	0.0	0.0	0.000212217346	0.0	0.0	0.0	0.001773622724	0.0	0.000564321834	0.0	0.004097225292	0.0	0.01246465014	0.000443200368	0.013681772395	0.0	0.011458179468	0.0	0.011496073592	0.000292117488	0.0079301768	0.000171511125	0.005953479933
0.0	0.0	0.0	0.0	0.0	3.0161807e-05	0.0	0.0	0.0	0.001853478042	0.0	0.000564273818	0.0	0.001602772421	1.0072608e-05	0.012415947196	0.000463352448	0.013664403395	0.0	0.011492293153	0.0	0.011604819822	0.000271973208	0.007867934671	0.000171513875	0.005953093679
0.0	0.0	0.0	0.0	0.0	5.0403602e-05	0.0	0.0	0.0	0.00178306753	0.0	0.000574527912	0.0	0.001711167375	0.0	0.012374541778	0.00044320536	0.01366266597	0.0	0.011445747325	0.0	0.011523886097	0.000282043944	0.007958666991	0.000181602	0.005944445174
0.0	0.0	0.0	0.003764363525	0.0	8.0645475e-05	0.0	0.003823063472	0.0	0.00247856054	0.0	0.000675099551	0.0	0.005390573391	0.0	0.01247610428	0.0007353216	0.014720894045	0.000674885952	0.011442764653	0.0	0.014699374588	0.000251820192	0.00794851638	0.000181603	0.008169811465
0.0	0.0	0.0	0.0	0.0	4.026308e-05	0.0	0.0	0.0	0.001783169842	0.0	0.000574445721	0.0	0.001599989419	0.0	0.012348315681	0.000463355568	0.013705239591	0.0	0.0115076608	0.0	0.011614678523	0.000231676848	0.007969534037	0.000171517625	0.005923704046
0.0	0.003320392979	0.0	0.0	0.0	0.000191971664	0.0	0.0	0.0	0.00186358407	0.0	0.000564268279	0.0	0.001622660642	1.0072608e-05	0.012366722323	0.000453271728	0.013761215596	0.0	0.011498759102	0.0	0.011576437634	0.00026189748	0.007998155922	0.00018159925	0.005914311353
0.0	0.004541240085	0.0	0.0	0.0	0.013001212417	0.0	0.0	0.0	0.007036686723	0.0	0.000584339289	0.0	0.001813610698	0.0	0.018538361493	0.000433125264	0.013602794962	0.0	0.011447438624	0.0	0.011445478482	0.0002618928	0.008059720316	0.00016142125	0.005913221527
0.0	0.0	0.0	0.003247406081	0.0	0.000292099048	0.0	0.010805044998	0.0	0.001773420958	0.0	0.016009335161	0.0	0.001661820339	0.0	0.018530848145	0.000423063264	0.0136208055	0.0	0.01144803456	0.0	0.011525572021	0.000282038952	0.007917477348	0.000141247875	0.005973271213
0.0	0.0	0.0	0.003210236688	0.0	0.000271894064	0.0	0.010875802602	0.0	0.001773175539	0.0	0.016020754442	0.0	0.001620075642	1.0072608e-05	0.018574803919	0.000433132128	0.013753482825	0.0	0.011517649941	0.0	0.011595728818	0.000231679032	0.007939881969	0.00017151575	0.005973248573
0.0	0.0	0.0	0.0	0.0	4.0325569e-05	0.0	0.0	0.0	0.001793144886	0.0	0.000584624569	0.0	0.001722708319	0.0	0.012465406337	0.000412993152	0.013602693721	0.0	0.011425294204	0.0	0.011515576269	0.000292115616	0.007888166849	0.000171515	0.005942390389
0.0	0.000191070323	0.0	0.002977257451	0.0	0.000272011938	0.0	0.010856414138	0.0	0.001773415681	0.0	0.015993665213	0.0	0.001743551335	0.0	0.018509461558	0.000443207232	0.013642138944	0.0	0.011486118602	0.0	0.011425159851	0.000292116552	0.007899012283	0.000161423	0.005963628337
0.0	0.0	0.0	0.0	0.0	7.0477438e-05	0.0	0.0	0.0	0.001803418163	0.0	0.000584546491	0.0	0.001712263127	0.0	0.012446049492	0.000443207856	0.013665083349	0.0	0.011466592187	0.0	0.011476256461	0.000251824872	0.007870655806	0.000191688625	0.005994025508
0.0	0.0	0.0	0.0	0.0	4.0339213e-05	0.0	0.0	0.0	0.001773257024	0.0	0.000564387776	0.0	0.004058908514	1.0072608e-05	0.012309442421	0.00043313712	0.013684281361	0.0	0.011527872331	0.0	0.011562558614	0.000251826744	0.007981084651	0.000141249625	0.00585265911
0.0	0.0	0.0	0.003220842556	0.0	0.000261842996	0.0	0.010865907809	0.0	0.00176343241	0.0	0.015974033137	0.0	0.001681944604	0.0	0.018558595338	0.000443207856	0.013700319604	0.0	0.011497450649	0.0	0.011484845133	0.00027196884	0.007939856716	0.000191691625	0.005963235003
0.0	0.0	0.0	0.003116749696	0.0	0.000262006995	0.0	0.010825950127	0.0	0.001783239667	0.0	0.015973130451	0.0	0.001620987184	1.0072608e-05	0.018513348342	0.000453280464	0.013758675767	0.0	0.011487267883	0.0	0.011576534985	0.00025182612	0.007973203464	0.000151337	0.005924381095
0.0	0.0	0.0	0.0	0.0	4.0489094e-05	0.0	0.0	0.0	0.001883925919	0.0	0.000564540356	0.0	0.004047397338	1.0072608e-05	0.012366275635	0.000463349952	0.013739828338	0.0	0.011507820213	0.0	0.011545007542	0.000241755072	0.008069453135	0.000171513125	0.005894158658
0.0	0.007886240019	0.0	0.0	0.000735315048	0.024271156765	0.000271965096	0.0	0.0	0.015095525353	0.0	0.000574348157	0.0	0.011101271792	0.0	0.018541937298	0.000433125264	0.013784023712	0.0	0.011426735727	0.0	0.01145597208	0.000292106568	0.008583486576	0.00016142275	0.006004741102
0.0	5.0175429e-05	0.0	0.0	0.0	7.0502737e-05	0.0	0.0	0.0	0.001843566108	0.0	0.000554224183	0.0	0.001702899413	0.0	0.012457126748	0.000412993152	0.013709593585	0.0	0.011464874868	0.0	0.011544584405	0.000261901848	0.007929072913	0.00017151075	0.006003885313
2.0145528e-05	0.011623003398	0.0	0.002236355785	0.000866252088	0.031806572704	0.000916612632	0.002337574263	3.021876e-05	0.024787441055	0.0	0.003063579926	0.0	0.024941373957	0.0	0.018638848659	0.000473417568	0.019323656622	0.0	0.01150591414	0.0	0.0115463747	0.000261892488	0.009681964815	0.000181599375	0.006054301886
0.0	0.0	0.0	0.0	0.0	5.0450827e-05	0.0	0.0	0.0	0.001853905602	0.0	0.000564332672	0.0	0.001652486816	0.0	0.012394309667	0.000443206608	0.013630695435	0.0	0.011506059388	0.0	0.011623983038	0.000261895608	0.00794804135	0.000181601	0.00594412839
0.0	0.0	0.0	0.0	0.0	6.0393063e-05	0.0	0.0	0.0	0.001843351417	0.0	0.000574494683	0.0	0.001702432413	0.0	0.012374641198	0.000423061392	0.013749877684	0.0	0.011446441799	0.0	0.011516359108	0.000271970088	0.007909091478	0.000181600375	0.005882732966
0.0	0.0	0.0	0.002956828024	0.0	0.000271985611	0.0	0.010835964127	0.0	0.00177301482	0.0	0.015950589739	0.0	0.001702948216	0.0	0.018488825878	0.00043313712	0.013681511905	0.0	0.011444114831	0.0	0.011564345165	0.000302185104	0.007849706261	0.00016142225	0.005923444467
0.0	0.0	0.0	0.0	0.0	4.0233614e-05	0.0	0.0	0.0	0.00177265276	0.0	0.000574445541	0.0	0.001601956465	1.0072608e-05	0.012338296948	0.000463349328	0.013735950512	0.0	0.011505046742	0.0	0.011635012134	0.000241751328	0.007918919143	0.000161428125	0.005893747189
0.0	0.0	0.0	0.0	0.0	4.0323996e-05	0.0	0.0	0.0	0.001762928776	0.0	0.000564347665	0.0	0.001662699757	0.0	0.012465025632	0.000443210352	0.013653285145	0.0	0.01150022481	0.0	0.011466042261	0.00030218448	0.007908949023	0.000181602375	0.005934697176
0.0	0.0	0.0	0.0	0.0	4.032722e-05	0.0	0.0	0.0	0.001773100449	0.0	0.000564392878	0.0	0.001631946732	1.0071984e-05	0.012366210013	0.000473423808	0.01375766195	0.0	0.011484877963	0.0	0.011615045868	0.000261893424	0.007949389227	0.000161426375	0.005933887406
0.0	0.0	0.0	0.0	0.0	7.058013e-05	0.0	0.0	0.0	0.001803415075	0.0	0.000574408501	0.0	0.004078052463	0.0	0.012435481055	0.000423062016	0.013581837855	0.0	0.011425863535	0.0	0.011474224266	0.000261899352	0.007907759476	0.000191690125	0.006044274607
0.0	0.0	0.0	0.003290482522	0.0	0.000231738838	0.0	0.010836228038	0.0	0.001833690104	0.0	0.016061362255	0.0	0.001692103634	0.0	0.018609061301	0.000402916176	0.013720992525	0.0	0.011473459892	0.0	0.011585998598	0.0002619006	0.007958766146	0.000171512625	0.005942745589
0.000896468976	0.011753519703	0.0010173384	0.021581483205	0.001369884672	0.031706943949	0.00107777592	0.014189950835	1.0073232e-05	0.024667142881	0.0	0.015940752216	0.0	0.019480596079	0.0	0.018602565997	0.000433133376	0.019241296063	0.0	0.011466179793	0.0	0.011456283688	0.000302177616	0.009702541539	0.000171510875	0.006096185799
0.0	0.004398460065	0.0	0.0	0.0	0.012898217107	0.0	0.0	0.0	0.006968633026	0.0	0.000574456942	0.0	0.004169972106	1.0072608e-05	0.018544670524	0.00043312464	0.013662700356	0.0	0.011486758706	0.0	0.011574740697	0.000241741344	0.008125091082	0.000171511875	0.005933423165
0.0	0.002646359844	0.0	0.003247014814	0.0	0.000282074159	0.0	0.010826393999	0.0	0.001743064734	0.0	0.016020673663	0.0	0.001612635199	0.0	0.018544725709	0.000433133376	0.013650920114	0.0	0.011499186327	0.0	0.011557122769	0.000251825184	0.007966642281	0.00016142225	0.005954241787
0.0	0.0	0.0	0.0	0.0	7.0486815e-05	0.0	0.0	0.0	0.001783230325	0.0	0.00059463227	0.0	0.004118784868	1.0072608e-05	0.012426570601	0.00043313712	0.013705999259	0.0	0.011443130656	0.0	0.01160567291	0.00030219072	0.007850678144	0.000161425375	0.005993854841
0.0	0.0	0.0	0.001628922922	0.0	3.018795e-05	0.0	0.0	0.0	0.001803355587	0.0	0.000574509661	0.0	0.001581332528	1.0072608e-05	0.012394268473	0.000463343712	0.013686733248	0.0	0.011454096552	0.0	0.011504954154	0.000251821128	0.007940002485	0.000171514125	0.005893226449
0.0	0.0	0.0	0.0	0.0	3.0248339e-05	0.0	0.0	0.0	0.001763108502	0.0	0.000584645689	0.0	0.004019310007	0.0	0.012313633775	0.000433138368	0.0137029806	0.0	0.01146543712	0.0	0.011514375636	0.000241751016	0.007971625223	0.00018160475	0.005962002134
0.0	0.0	0.0	0.003311134518	0.0	0.000261940761	0.0	0.010857258838	0.0	0.001803312561	0.0	0.016140799744	0.0	0.001720802372	0.0	0.018603001361	0.000423062016	0.013661590121	0.0	0.011454264283	0.0	0.011534108985	0.000251820816	0.007958864505	0.00018160325	0.00601261512
0.0	0.0	0.0	0.0	0.0	4.0299102e-05	0.0	0.0	0.0	0.00184360866	0.0	0.000564407115	0.0	0.004039989631	1.0072608e-05	0.01239468449	0.000463351824	0.01381369035	0.0	0.011488476231	0.0	0.011595177516	0.000271966032	0.007950673743	0.000161425875	0.005882929875
0.0	0.0	0.0	0.002131159712	0.0	3.0260482e-05	0.0	0.001201409831	0.0	0.001783226537	0.0	0.000584552242	0.0	0.001650994385	1.0072608e-05	0.012316113893	0.000443197872	0.013727589389	0.0	0.011498216142	0.0	0.012613233234	0.000251820192	0.008082322014	0.000171514375	0.006690127682
0.0	1.0047789e-05	0.0	0.0	0.0	4.0194275e-05	0.0	0.0	0.0	0.001773310675	0.0	0.00058451583	0.0	0.001641126651	0.0	0.012463127171	0.000433131504	0.013649445565	0.0	0.011447324044	0.0	0.011506159634	0.00028204176	0.007899167371	0.000151332625	0.005974291351
0.0	0.0	0.0	0.0	0.0	4.0404333e-05	0.0	0.0	0.0	0.001793231643	0.0	0.000574477573	0.0	0.004087445548	0.0	0.012466170487	0.00042306264	0.013673446784	0.0	0.011441157382	0.0	0.01158441279	0.000271968528	0.007926078855	0.000201781	0.005902327174
0.0	0.0039469169	0.0	0.0	0.0	0.002705333495	0.0	0.0	0.0	0.001843954676	0.0	0.00056427063	0.0	0.001652422842	0.0	0.017221657066	0.000443197872	0.013691405543	0.0	0.011516477957	0.0	0.011515864254	0.000261898728	0.007919275177	0.00019169025	0.005973705453
0.0	0.0	0.0	0.002213603398	0.0	6.044504e-05	0.0	0.001221994512	0.0	0.001793388909	0.0	0.000574451775	0.0	0.001711851528	0.0	0.012454022889	0.000412980048	0.013592621837	0.0	0.011443276135	0.0	0.012492928241	0.000271966032	0.007989348262	0.000171512875	0.006799140947
0.0	0.0	0.0	0.0	0.0	4.0391364e-05	0.0	0.0	0.0	0.001823518417	0.0	0.000564443112	0.0	0.001641756285	1.0072608e-05	0.012365909216	0.000473429424	0.01375361114	0.0	0.011498697829	0.0	0.011574496746	0.000271971648	0.00796350523	0.000191691375	0.005923830607
0.0	0.0	0.0	0.0	0.0	4.0406682e-05	0.0	0.0	0.0	0.0018839627	0.0	0.000564388534	0.0	0.001661188045	1.0071984e-05	0.01236505174	0.000443206608	0.013769052143	0.0	0.011518482119	0.0	0.0114948253	0.000241747272	0.007979576516	0.000181602	0.005864579046
0.0	0.0	0.0	0.00651413589	0.0	0.000201351456	0.0	0.02116122543	0.0	0.002649942745	0.0	0.024785750807	0.0	0.006487779211	1.0072608e-05	0.018636547612	0.000856195392	0.016697011461	0.000896481456	0.017408480494	0.000765515712	0.021990631742	0.000523789344	0.007928630625	0.000181603875	0.00881334628
0.0	0.0	0.0	0.0	0.0	4.0489528e-05	0.0	0.0	0.0	0.001783256687	0.0	0.00057456044	0.0	0.001601473076	1.0072608e-05	0.012386922584	0.000453277968	0.013748329541	0.0	0.011497603182	0.0	0.011525511982	0.000251827368	0.008130229162	0.000161423875	0.005924420895
0.0	0.0	0.0	0.0	0.0	3.0260949e-05	0.0	0.0	0.0	0.001782876686	0.0	0.000584577508	0.0	0.001611326098	1.0071984e-05	0.012354993157	0.000453277344	0.013735627392	0.0	0.011527158271	0.0	0.011646654062	0.00025181988	0.008027747743	0.000171513875	0.005905134272
0.0	0.0	0.0	0.002997516925	0.0	0.000271914831	0.0	0.010885834609	0.0	0.001803760785	0.0	0.01596719232	0.0	0.001733017816	0.0	0.018517260462	0.000443197248	0.013645384476	0.0	0.011475075259	0.0	0.01248350907	0.000271964472	0.007879381566	0.0001715135	0.006809184024
0.0	0.0	0.0	0.0	0.0	4.0261158e-05	0.0	0.0	0.0	0.001793373325	0.0	0.000564415215	0.0	0.004041436651	1.0072608e-05	0.012377838855	0.000473423808	0.013726210098	0.0	0.011454835335	0.0	0.011545313925	0.00027197352	0.007950471016	0.000161423875	0.005832780586
0.0	0.0	0.0	0.0	0.0	5.0267157e-05	0.0	0.0	0.0	0.001743078712	0.0	0.000604660845	0.0	0.001653117542	0.0	0.012350802337	0.000433135248	0.013643207715	0.0	0.011467085613	0.0	0.011535770379	0.000271968528	0.007966031668	0.00019169325	0.005942215504
0.0	0.0	0.0	0.0	0.0	5.0417634e-05	0.0	0.0	0.0	0.001823059993	0.0	0.000574584997	0.0	0.001691435355	0.0	0.012366816511	0.000423061392	0.013702553023	0.0	0.011527091934	0.0	0.011515578489	0.000271974456	0.007982612457	0.00020177975	0.005933659019
0.0	0.0	0.0	0.002042353158	0.0	4.034024e-05	0.0	0.001211674965	0.0	0.00176305013	0.0	0.000574466479	0.0	0.004041204282	1.0072608e-05	0.012366326767	0.00045327048	0.013697622487	0.0	0.011462781649	0.0	0.012561881813	0.000271965408	0.007920402059	0.000151337125	0.006758958813
0.0	0.0	0.0	0.0	0.0	4.0324626e-05	0.0	0.0	0.0	0.00177306705	0.0	0.000574432978	0.0	0.001672618749	0.0	0.012445987705	0.000423060144	0.01364087327	0.0	0.011437856846	0.0	0.011484488409	0.000292117176	0.007929130303	0.000161422	0.005953383614
0.0	0.0	0.0	0.0	0.0	6.0472254e-05	0.0	0.0	0.0	0.001823462936	0.0	0.000584557052	0.0	0.004090596569	0.0	0.012375280114	0.000433135248	0.013633838834	0.0	0.011507616724	0.0	0.011435177008	0.000271968528	0.007819824578	0.000191690625	0.005974947344
