0.0	0.000348451668	0.0	0.001099691797	0.0	0.003607848928	0.0	0.002998283796	0.0	0.005961938349	0.000166303487	0.007513244496	0.000173532114	0.003365937316	5.0863932e-05	0.006575228363	5.8413438e-05	0.001386044837
0.0	0.000326552944	0.0	0.00111493938	0.0	0.003642181592	0.0	0.003019046128	0.0	0.005979434911	0.00016630775	0.00749367696	0.000195228348	0.003373901673	4.3597962e-05	0.006573560452	2.1904742e-05	0.001386444185
0.0	0.000333190461	0.0	0.00110080958	0.0	0.003608549933	0.0	0.003004293749	0.0	0.006012361866	0.000180765207	0.007492547776	0.000180761959	0.003378252291	4.3597146e-05	0.006574741208	3.6508655e-05	0.001399529049
0.0	0.000347625581	0.0	0.007576552652	0.0	0.00375016661	0.0	0.00896176193	0.0	0.006106690368	0.000166301863	0.007490719943	0.000180762771	0.00334938984	5.8130718e-05	0.006588124733	4.3809935e-05	0.001378197981
0.0	0.000342319119	0.0	0.001122412043	0.0	0.00363648317	0.0	0.003011584758	0.0	0.00598166663	0.000180763989	0.007512100588	0.000187994443	0.003337116992	5.0864034e-05	0.006587260262	2.9206268e-05	0.001370897869
0.0	0.000333349836	0.0	0.001100382594	0.0	0.00362175524	0.0	0.002976312323	0.0	0.005953286213	0.000166307953	0.007536393978	0.00018076744	0.003371466717	4.3598064e-05	0.006602943869	4.3810509e-05	0.001365321746
0.0	0.000340961799	0.0	0.00115094327	0.0	0.003584899698	0.0	0.002991385103	0.0	0.005980832852	0.000173534144	0.007532219903	0.000151840549	0.003361387369	6.5396688e-05	0.006537333041	4.3809607e-05	0.001385037085
0.0	0.000304706676	0.0	0.001107905849	0.0	0.003597648768	0.0	0.002975661906	0.0	0.005993362443	0.000173538001	0.007516923329	0.000187997488	0.003391145605	5.0863932e-05	0.006562113579	3.6507589e-05	0.001394318641
0.0	0.000319555757	0.0	0.001122223711	0.0	0.003660259537	0.0	0.003018798246	0.0	0.006002415159	0.000180763583	0.007499524944	0.00018799424	0.003343515336	4.359786e-05	0.00659463394	3.6507876e-05	0.001363281759
0.0	0.000312482233	0.0	0.003013948052	0.0	0.003595372328	0.0	0.003020501373	7.230454e-06	0.006021597597	0.000166303081	0.007525169599	0.000173531911	0.003400507267	5.0863218e-05	0.006566578385	5.8413602e-05	0.001342937482
0.0	0.000319499455	0.0	0.001100435075	0.0	0.003607699865	0.0	0.003019473171	0.0	0.005977633941	0.000159073439	0.007522743493	0.000180762568	0.003370582935	4.3597962e-05	0.006602691608	5.1111953e-05	0.001357958198
0.0	0.000304704835	0.0	0.007560220364	0.0	0.003719729896	0.0	0.008933222519	0.0	0.006117609196	0.000195224694	0.007493689439	0.000187993631	0.00339811578	5.0864238e-05	0.00657394828	4.3809074e-05	0.001400184863
0.0	0.000340686049	0.0	0.001143918443	0.0	0.003599396846	0.0	0.002990727214	0.0	0.005976588555	0.000166304705	0.007483855999	0.000187994037	0.003365274391	5.0863932e-05	0.006609768384	4.3808664e-05	0.001364098447
0.0	0.000332712053	0.0	0.001130078619	0.0	0.00361829636	0.0	0.002991066222	7.230454e-06	0.006005639851	0.000159071612	0.007516229529	0.000173531911	0.003400702457	5.0863728e-05	0.006581107673	3.6508491e-05	0.001371573264
0.0	0.00034218828	0.0	0.001144430927	0.0	0.003628192106	0.0	0.00300372347	0.0	0.006024913039	0.000166305517	0.007509734662	0.000180764395	0.003358208754	3.633189e-05	0.006538201331	2.9206309e-05	0.001378674303
0.0	0.000340529411	0.0	0.001137136173	0.0	0.003621573672	0.0	0.002991399217	0.0	0.005983795208	0.000166306735	0.007494662494	0.000180766628	0.003349960228	5.0864544e-05	0.006594614727	4.3808705e-05	0.001377640183
0.0	0.000341281179	0.0	0.001093786703	0.0	0.003610615169	0.0	0.002983188528	0.0	0.005978416748	0.000180766831	0.007517857328	0.000173532723	0.003365827098	5.086383e-05	0.006563367316	4.3809894e-05	0.001392853433
0.0	0.000305284575	0.0	0.001107857252	0.0	0.003590242201	0.0	0.00300586199	0.0	0.005988423831	0.000173535565	0.00750566043	0.000195223273	0.003350683222	5.8130004e-05	0.006592196526	5.1111953e-05	0.00136402796
0.0	0.000312041514	0.0	0.001115485083	0.0	0.003595963485	0.0	0.002974441755	0.0	0.005985272511	0.000151844	0.007493364176	0.000187993631	0.003379986417	4.3597656e-05	0.006585764416	2.9207006e-05	0.001386509503
0.0	0.000341693118	0.0	0.001137696774	0.0	0.003621424064	0.0	0.003034075037	0.0	0.005989338044	0.000173533535	0.007511948747	0.000180765004	0.003372980437	5.0864136e-05	0.006573620251	3.6508409e-05	0.001355876888
0.0	0.000341092731	0.0	0.003043615076	0.0	0.003624405619	0.0	0.003062668951	0.0	0.006068442387	0.000180764192	0.007522847186	0.000159069785	0.00330521188	5.0863218e-05	0.006560363096	4.3808705e-05	0.001384636806
0.0	0.000326263033	0.0	0.001078962925	0.0	0.003599471547	0.0	0.003019069	7.231266e-06	0.005987373387	0.000151844609	0.007507810498	0.00017353455	0.003371801982	7.2662658e-05	0.006590793053	4.3810509e-05	0.00135803157
0.0	0.000318607785	0.0	0.001130450964	0.0	0.003595138515	0.0	0.002991544904	0.0	0.006002971078	0.000151843797	0.00755214597	0.000187992616	0.003373134972	5.086434e-05	0.006590415877	3.6508983e-05	0.001341271125
0.0	0.000312185463	0.0	0.001136551453	0.0	0.003609358566	0.0	0.002989881755	0.0	0.006007946584	0.000166306126	0.007525216577	0.000187995458	0.003386838999	5.0864136e-05	0.006555962347	2.9207662e-05	0.001363602236
0.0	0.00031213091	0.0	0.001116110739	0.0	0.003617604845	0.0	0.002976370434	7.230454e-06	0.005997930939	0.00018076541	0.007536450553	0.000166300645	0.00338749982	5.0864034e-05	0.006589521018	4.3809976e-05	0.001349476119
0.0	0.000319114395	0.0	0.001122474842	0.0	0.003593938401	0.0	0.002989015574	0.0	0.006039050713	0.000159076484	0.007516676716	0.000173537189	0.003384769194	4.3598166e-05	0.006582352727	2.9206842e-05	0.001385541123
0.0	0.000333237127	0.0	0.00110765491	0.0	0.00361265142	0.0	0.002976060628	0.0	0.006014093424	0.000144610704	0.0075030373	0.000166300442	0.003394326799	3.6331482e-05	0.006577610907	5.1111215e-05	0.001400385456
0.0	0.000319443623	0.0	0.001108268748	0.0	0.003630115494	0.0	0.003004515609	0.0	0.006024761852	0.000166302269	0.007515940084	0.000195223679	0.003386851814	3.633189e-05	0.006559850171	4.3809935e-05	0.00140587065
0.0	0.000318082222	0.0	0.001144123644	0.0	0.003626157008	0.0	0.002982924375	0.0	0.006002789062	0.000159076687	0.007510363839	0.000187997894	0.003364574528	5.0864544e-05	0.006596142332	3.6508081e-05	0.001365421865
0.0	0.000334407608	0.0	0.001345943517	0.0	0.003613021224	0.0	0.002998235705	0.0	0.005966954866	0.000173533535	0.007513189387	0.000173532317	0.003372076276	6.5396076e-05	0.006581846578	4.3809894e-05	0.001378218257
0.0	0.000325199067	0.0	0.007604755945	0.0	0.003744914805	0.0	0.008937611931	0.0	0.006071746415	0.000144611719	0.007536428909	0.000173531302	0.003379935624	5.0863626e-05	0.006565102366	2.9206596e-05	0.001385729353
0.0	0.000349293576	0.0	0.001136445253	0.0	0.003599497425	0.0	0.003025329625	0.0	0.006038067259	0.000173538204	0.007510210905	0.000173538001	0.003357268681	3.6331584e-05	0.006574285342	3.6507999e-05	0.00135624019
0.0	0.000341868063	0.0	0.001136685656	0.0	0.00361935835	0.0	0.0029978212	0.0	0.006024555289	0.000166305111	0.007509804783	0.000180762365	0.003350790563	2.90649e-05	0.00654686173	2.9206391e-05	0.001379434535
0.0	0.000341091459	0.0	0.001129776041	0.0	0.003620125503	0.0	0.002990105325	0.0	0.006003616581	0.000166303893	0.007501340047	0.000187995052	0.003345165499	4.359837e-05	0.006582910801	3.6507835e-05	0.001379238269
0.0	0.00032659949	0.0	0.001115738207	0.0	0.003626406168	0.0	0.002983017523	0.0	0.005985870972	0.000159071815	0.007515033817	0.000187993022	0.003396784585	3.6331788e-05	0.006572676968	3.6508696e-05	0.001386348051
0.0	0.000311539945	0.0	0.001107607438	0.0	0.003613733754	0.0	0.002975494762	0.0	0.006037698179	0.000151841564	0.007496081885	0.000173531911	0.003392906912	4.3597758e-05	0.006595026884	5.1112281e-05	0.001386996264
0.0	0.000334547623	0.0	0.00108637385	0.0	0.003603839265	0.0	0.002998461131	7.230454e-06	0.006000516945	0.00017353455	0.007467002897	0.000173531505	0.003376445182	3.6331176e-05	0.006570110278	5.1111174e-05	0.001371433369
0.0	0.00033429051	0.0	0.001107855797	0.0	0.003620225675	0.0	0.002975630725	0.0	0.005977724231	0.000187997488	0.007507460144	0.000173533332	0.003380324649	5.0863932e-05	0.006581145493	3.6508409e-05	0.001385708678
0.0	0.000332884004	0.0	0.001100853464	0.0	0.00361118358	0.0	0.002999446126	0.0	0.006005506158	0.000144613343	0.007509592524	0.000173532317	0.003399697915	5.813031e-05	0.006582771197	4.3810632e-05	0.001342920942
0.0	0.000334666422	0.0	0.001121652216	0.0	0.003614785574	0.0	0.003019019271	0.0	0.005971757803	0.000180771094	0.007480419856	0.000187998909	0.003365764566	4.3597962e-05	0.00661059737	2.9206022e-05	0.001363882051
0.0	0.000341308849	0.0	0.001086711004	0.0	0.003590250079	0.0	0.00297664782	0.0	0.006001285714	0.000180764395	0.007495090512	0.00017353252	0.003358291609	5.8130106e-05	0.006572811086	4.3809894e-05	0.001400250472
0.0	0.000341061236	0.0	0.001136922052	0.0	0.003617445489	0.0	0.00301892789	0.0	0.005988961474	0.000173534753	0.007505609158	0.000166301863	0.003365865043	7.2662556e-05	0.006559453542	3.6508409e-05	0.001384911017
0.0	0.000325601146	0.0	0.003022012785	0.0	0.003600958796	0.0	0.003012874797	0.0	0.005989049896	0.000195224491	0.007501175758	0.000187993834	0.003393972595	5.0863932e-05	0.006580860499	2.9206473e-05	0.00137062953
0.0	0.000304936696	0.0	0.001122149417	0.0	0.003584559697	0.0	0.002960576276	0.0	0.006060980335	0.000166303081	0.007531733675	0.000173532317	0.003391946081	5.8130106e-05	0.006546334654	3.6507753e-05	0.001384832532
0.0	0.000339830693	0.0	0.007569681476	0.0	0.00372597427	0.0	0.009014294961	0.0	0.006083248461	0.000195225709	0.00750432629	0.000159071206	0.0033799317	7.2663372e-05	0.006535783047	4.3809853e-05	0.001371589184
0.0	0.000326319919	0.0	0.001150939592	0.0	0.00359133327	0.0	0.002990458493	0.0	0.005945637146	0.000173536986	0.007530937095	0.000151840955	0.003364253934	5.8130208e-05	0.006541464458	5.8413356e-05	0.001379003562
0.0	0.000326431978	0.0	0.001108078504	0.0	0.003621767656	0.0	0.002982837479	0.0	0.005979932465	0.000159072221	0.007523003941	0.000166301457	0.003366685937	3.6331788e-05	0.006588359392	5.1110149e-05	0.001379148912
0.0	0.000341650319	0.0	0.001151691469	0.0	0.003650605911	0.0	0.00300431637	0.0	0.006061512724	0.000173533535	0.007515521316	0.000180761756	0.003349135416	3.633138e-05	0.006554444513	3.6507835e-05	0.001371397604
0.0	0.000319027357	0.0	0.001101267549	0.0	0.003577009953	0.0	0.003005402703	0.0	0.005984552539	0.00017353658	0.007491459831	0.000166303081	0.003345007997	6.5396178e-05	0.006582965699	5.8413602e-05	0.001379782098
0.0	0.000339960074	0.0	0.001122095692	0.0	0.003606373931	0.0	0.002983194642	0.0	0.005945000592	0.000159074048	0.007522686801	0.000187993631	0.003372221435	4.3597962e-05	0.006578497622	5.1112322e-05	0.001378231777
0.0	0.000326585807	0.0	0.00112254871	0.0	0.003614074512	0.0	0.003004450375	0.0	0.005991682657	0.000166309171	0.007495989018	0.000173537595	0.003366336995	7.2663474e-05	0.006548777052	3.6508737e-05	0.001364994999
0.0	0.000320092121	0.0	0.001115174501	0.0	0.003627948925	0.0	0.00301891869	0.0	0.005989649518	0.000166302066	0.007516211256	0.000173531099	0.003363908452	4.3597248e-05	0.006596796135	4.3809935e-05	0.001393674335
0.0	0.000332632166	0.0	0.001122688351	0.0	0.003611101435	0.0	0.002977053026	7.230454e-06	0.006011378514	0.000151843797	0.007531807305	0.000173533535	0.00340885862	5.0864442e-05	0.006584191885	3.6508491e-05	0.001379443562
0.0	0.000347904556	0.0	0.001317343747	0.0	0.003604541175	0.0	0.002975679067	0.0	0.005953857118	0.000151842985	0.007503888381	0.000173532114	0.003374063039	3.6331584e-05	0.00657999003	4.3809279e-05	0.001392887423
0.0	0.000341134053	0.0	0.001122571058	0.0	0.003598792509	0.0	0.002991376805	0.0	0.005983605924	0.00017353455	0.007542327087	0.000173532114	0.003343445727	5.8130106e-05	0.006551881699	6.5714554e-05	0.001357468339
0.0	0.000334283633	0.0	0.001143470446	0.0	0.003632598937	0.0	0.003018737811	0.0	0.006039474726	0.000166302675	0.007529018183	0.000166300645	0.003312866177	3.633189e-05	0.006555084949	5.1111584e-05	0.001394007141
0.0	0.000334411116	0.0	0.003053050457	0.0	0.003651554553	0.0	0.003076999406	0.0	0.006033005559	0.000202456366	0.007485138019	0.000187994646	0.003365282893	4.3597758e-05	0.006574817443	2.9205981e-05	0.001363837024
0.0	0.00032019836	0.0	0.001137235403	0.0	0.003608772439	0.0	0.0030047215	0.0	0.006040377062	0.000166304096	0.007539667296	0.000173533332	0.003401752114	4.359786e-05	0.006559411596	2.9206965e-05	0.001378163465
0.0	0.000340839548	0.0	0.001151580037	0.0	0.003605261385	0.0	0.003005438506	0.0	0.006002978024	0.000144611313	0.007544872667	0.000187993428	0.003350406086	3.6332094e-05	0.006547831405	3.6508368e-05	0.001371700157
0.0	0.000304416584	0.0	0.001136192094	0.0	0.003629204411	0.0	0.002990104588	0.0	0.005938311337	0.000159073439	0.007515317267	0.000187993834	0.003386698551	5.8130412e-05	0.006579036648	2.9206514e-05	0.001363737843
0.0	0.000356188223	0.0	0.001129295195	0.0	0.003621469689	0.0	0.003011767316	0.0	0.005982875991	0.000180762771	0.007527075493	0.000159072018	0.003373325749	4.359786e-05	0.006579633992	2.9206842e-05	0.001370187192
0.0	0.000320331544	0.0	0.001114988883	0.0	0.00362226205	0.0	0.003025933554	0.0	0.006009529116	0.000166303893	0.007535610476	0.000166300848	0.003371055914	5.0863728e-05	0.006598108913	3.6507056e-05	0.001378518465
0.0	0.000333640553	0.0	0.001107294428	0.0	0.003622002124	0.0	0.003013240883	0.0	0.0059477488	0.000180766019	0.007519911641	0.000187994037	0.003350144022	5.0864952e-05	0.006536023954	5.1112199e-05	0.001372264001
0.0	0.00393348902	0.0	0.001918755206	0.0	0.008914784879	0.0	0.003026835398	0.0	0.006992481623	0.000173538407	0.007514950522	0.000173536783	0.003364435317	5.0864136e-05	0.006711595807	4.3810058e-05	0.001343589251
0.0	0.000333896294	0.0	0.001136734643	0.0	0.003604121968	0.0	0.003019939344	0.0	0.005980419045	0.00017353861	0.007521263705	0.000151844609	0.00338079121	7.2663066e-05	0.00654467284	4.3809443e-05	0.001364347947
0.0	0.000340260478	0.0	0.001108572878	0.0	0.003631324702	0.0	0.002961147979	0.0	0.00600795916	0.000130149796	0.007553425308	0.000173531099	0.003380183966	4.3598166e-05	0.006541745206	4.3809525e-05	0.00140753633
0.0	0.001947219244	0.0	0.001121910847	0.0	0.003834736416	0.0	0.0029837404	0.0	0.005982391666	0.000166307344	0.00752136369	0.000173535362	0.00333359958	5.0863728e-05	0.006625879718	4.3808418e-05	0.001363683491
0.0	0.002005595033	0.0	0.001123044762	0.0	0.0037937356	0.0	0.00298276132	0.0	0.006008211578	0.000159077296	0.007481032273	0.000180768252	0.003366440322	3.633138e-05	0.006595227807	5.1110231e-05	0.001385747506
0.0	0.000318704446	0.0	0.001115245959	0.0	0.00359868637	0.0	0.002989973966	0.0	0.005956219656	0.000151845015	0.00753820948	0.000173537189	0.003358479548	4.359837e-05	0.006563994245	3.6507876e-05	0.001386975344
0.0	0.000326599007	0.0	0.001166030014	0.0	0.003607739175	0.0	0.002991281569	0.0	0.005951778032	0.000173534144	0.007544911219	0.000151840346	0.003364098475	6.5396586e-05	0.006543317734	3.6508368e-05	0.001378729859
0.0	0.000312494803	0.0	0.001093120083	0.0	0.003601590245	0.0	0.002998334217	7.231266e-06	0.005969372559	0.000159075672	0.007536566549	0.000180767846	0.00340088715	5.086434e-05	0.006553967166	5.1113019e-05	0.001349739088
0.0	0.000318542282	0.0	0.001129251891	0.0	0.003622374162	0.0	0.002990795251	0.0	0.006015955129	0.000166305314	0.007502103859	0.000187995052	0.003373940847	5.0864748e-05	0.006539936505	4.3809566e-05	0.001385956686
0.0	0.000334144356	0.0	0.001144219626	0.0	0.003641036814	0.0	0.003019635646	0.0	0.006038351458	0.000144611516	0.007543332843	0.000173531302	0.003326546459	5.086434e-05	0.006547580174	3.6508491e-05	0.00135823343
0.0	0.000326028286	0.0	0.001121235876	0.0	0.003593428445	0.0	0.002997520601	0.0	0.005971589443	0.000180763177	0.007529554965	0.000173533535	0.00338003814	6.5395872e-05	0.00655855375	2.9207703e-05	0.001364162563
0.0	0.003910168793	0.0	0.001867268321	0.0	0.008976201164	0.0	0.003026081935	0.0	0.007022302204	0.00016630775	0.007521156169	0.000180770079	0.003371293823	4.359837e-05	0.006698274624	4.3808623e-05	0.001379378606
0.0	0.003925798211	0.0	0.001896924695	0.0	0.008922319994	0.0	0.003048303688	0.0	0.007023398301	0.000173538407	0.007526584448	0.000159075672	0.003366011908	5.0864136e-05	0.006697993973	3.650722e-05	0.00136370906
0.0	0.000347202668	0.0	0.001101540689	0.0	0.003604131894	0.0	0.002990667761	0.0	0.006009931725	0.000151845421	0.007509857639	0.000166307141	0.003394310234	5.8131024e-05	0.006595807467	4.3810427e-05	0.001342546678
0.0	0.000326380049	0.0	0.001108282952	0.0	0.003591865355	0.0	0.002983856855	0.0	0.005963167241	0.00016630369	0.007545304592	0.000187993631	0.003349644274	5.8130106e-05	0.006553928994	5.1112568e-05	0.00134978547
0.0	0.000333578282	0.0	0.001158378049	0.0	0.003603641784	0.0	0.002998339431	0.0	0.005901830898	0.000166304502	0.007535024242	0.000173533535	0.003386641256	5.8130616e-05	0.006592660968	2.9206596e-05	0.001342582323
0.0	0.00030437286	0.0	0.001107464421	0.0	0.003628536135	0.0	0.003005127458	0.0	0.005947433325	0.000173532723	0.007501928193	0.000187994443	0.003364195789	4.3598166e-05	0.006523197939	4.3809894e-05	0.001386692986
0.0	0.000340346183	0.0	0.001129394706	0.0	0.0036285514	0.0	0.003003750985	0.0	0.005977363288	0.000166309374	0.007507885384	0.000187998503	0.003374830042	3.633138e-05	0.006556103721	2.9207334e-05	0.001385549384
0.0	0.00031942311	0.0	0.001352761863	0.0	0.003606763176	0.0	0.002991045027	0.0	0.005961850998	0.000166301457	0.007527320485	0.000173532114	0.003341094485	5.0863932e-05	0.0066184774	4.3809115e-05	0.00136314995
0.0	0.000326851237	0.0	0.001137177829	0.0	0.00360035437	0.0	0.00299121074	0.0	0.006004372638	0.00017353455	0.007514363099	0.0001590708	0.003341627045	5.0864034e-05	0.00661186361	4.3809074e-05	0.001365645385
0.0	0.000297611644	0.0	0.001317540887	0.0	0.00360461894	0.0	0.002989977296	0.0	0.005994687283	0.000151840752	0.007503589621	0.000187993631	0.003413896107	4.3597962e-05	0.006536100884	3.6508409e-05	0.001407813353
0.0	0.000334177973	0.0	0.001100862441	0.0	0.003639582944	0.0	0.002997076907	0.0	0.006014062937	0.000166305923	0.007474121953	0.000173533129	0.003371080239	3.6331584e-05	0.006576877335	5.1110477e-05	0.001378746902
0.0	0.000319319076	0.0	0.001151776842	0.0	0.003633733702	0.0	0.003004198119	0.0	0.006044718441	0.000151846639	0.00754436194	0.000180768049	0.003334793237	4.3597656e-05	0.006546421902	4.3810099e-05	0.001364207512
0.0	0.000341514244	0.0	0.001129491309	0.0	0.003600113572	0.0	0.002997280976	0.0	0.005966225186	0.000173538407	0.00752178306	0.000166306126	0.003347278116	5.81298e-05	0.006556481881	5.8413274e-05	0.001364371448
0.0	0.000347694436	0.0	0.001158897566	0.0	0.003609905018	0.0	0.002998291956	0.0	0.005931077685	0.000173536783	0.007529938973	0.000166302472	0.003365467128	6.5396484e-05	0.006571405571	2.9207252e-05	0.001363917306
0.0	0.001982972967	0.0	0.00112233025	0.0	0.003824058427	0.0	0.002998475353	0.0	0.005973669655	0.000173537798	0.007527938773	0.000173536174	0.003358484901	6.5395872e-05	0.006560207952	4.3808951e-05	0.001387036416
0.0	0.000334057272	0.0	0.001137075833	0.0	0.003611559151	0.0	0.002990578028	0.0	0.006006052245	0.000180766628	0.007521882498	0.000166302269	0.003337805637	5.8130412e-05	0.006607815197	4.3809033e-05	0.001343122357
0.0	0.000325474275	0.0	0.001122603115	0.0	0.003618113492	0.0	0.00299076836	0.0	0.005963331256	0.000173537798	0.007494196668	0.000187995255	0.003394515351	4.3598166e-05	0.006543281489	3.6509475e-05	0.001378220136
0.0	0.000304173605	0.0	0.001101250745	0.0	0.003596838236	0.0	0.002990095388	0.0	0.005971406031	0.000166304908	0.007502921086	0.000195224897	0.003405821859	5.0863626e-05	0.006553536474	3.650845e-05	0.001400733584
0.0	0.000332647108	0.0	0.001115690738	0.0	0.003638111729	0.0	0.002967436245	0.0	0.00601194383	0.000144615982	0.00751617617	0.000173539625	0.003380073723	3.6331788e-05	0.006562525326	4.3809894e-05	0.001415314194
0.0	0.000334281999	0.0	0.001136518169	0.0	0.003641855962	0.0	0.003019847402	0.0	0.006022952442	0.000144616388	0.007505791624	0.000180769064	0.003332657986	5.0864544e-05	0.006576628255	3.6508245e-05	0.001358303588
0.0	0.000311750614	0.0	0.001115752933	0.0	0.003604216316	0.0	0.002998859949	0.0	0.006006001682	0.000151843797	0.007524358709	0.000173531302	0.00339378865	5.8129698e-05	0.006547677025	2.9206842e-05	0.001386449052
0.0	0.000318798085	0.0	0.001144930319	0.0	0.003612420291	0.0	0.003005045312	0.0	0.005932940005	0.000173531302	0.007550535717	0.00016630166	0.003364299053	5.81298e-05	0.006574022663	4.3810427e-05	0.001350052848
0.0	0.00034025903	0.0	0.00111577826	0.0	0.00361108698	0.0	0.002983165812	0.0	0.005989575554	0.000151841564	0.007487901615	0.000180761959	0.003373511612	3.633189e-05	0.006588435489	3.6507712e-05	0.001385600309
0.0	0.000325965824	0.0	0.001108037972	0.0	0.003615599688	0.0	0.002990940594	0.0	0.005940254504	0.000173533332	0.007509672709	0.000187994646	0.003371893391	4.359837e-05	0.006549402731	4.3810755e-05	0.001385026691
0.0	0.000334248161	0.0	0.001100533064	0.0	0.003591336814	0.0	0.002976901251	7.231063e-06	0.005976796552	0.000159078108	0.00750533076	0.000180767643	0.003380086828	5.813031e-05	0.006557296267	5.1112732e-05	0.001357505005
0.0	0.000340220847	0.0	0.00111523462	0.0	0.003627704144	0.0	0.002990499984	0.0	0.00597999058	0.000159072221	0.007522500114	0.00018076338	0.003382825323	4.3598064e-05	0.006565449841	2.9206596e-05	0.001384611548
0.0	0.000304995881	0.0	0.001108411268	0.0	0.003606558393	0.0	0.002983074792	0.0	0.00594146598	0.000159072627	0.007510347412	0.000180762568	0.003408672334	4.359786e-05	0.006535449746	2.9207293e-05	0.001386959111
0.0	0.000318462736	0.0	0.001129084481	0.0	0.003599417515	0.0	0.002976650032	0.0	0.005921356267	0.000166308156	0.007522842606	0.000187998503	0.003386490146	5.8130718e-05	0.00658812527	2.1905726e-05	0.001379650131
0.0	0.000333805124	0.0	0.001158753519	0.0	0.00359521572	0.0	0.003033791678	0.0	0.006003907259	0.000173533941	0.007497088877	0.000151840752	0.003363349816	6.5396484e-05	0.006550352255	3.6508368e-05	0.001362464112
0.0	0.000325825257	0.0	0.001107663975	0.0	0.003590735048	0.0	0.002982838083	0.0	0.006016207528	0.000151844812	0.007480518602	0.000180764192	0.003409524582	3.6331278e-05	0.006594606134	4.3810222e-05	0.001400846259
0.0	0.00032614691	0.0	0.001150855919	0.0	0.003602961176	0.0	0.002991325308	0.0	0.005931367292	0.000166303081	0.007537802161	0.000180762568	0.003356312501	6.5396178e-05	0.006572208281	2.920717e-05	0.001356459485
0.0	0.000348503876	0.0	0.001122336733	0.0	0.003612269963	0.0	0.003005706948	0.0	0.005992849971	0.000173533738	0.007512914338	0.000173533332	0.00337994491	6.539679e-05	0.006566436219	2.9206801e-05	0.001371167251
0.0	0.000333568306	0.0	0.001143547748	0.0	0.003620616377	0.0	0.002982627853	0.0	0.006001345674	0.000151843594	0.007529219792	0.000187995255	0.003358598475	3.6331686e-05	0.006546575822	4.3809812e-05	0.001400608031
0.0	0.000341382449	0.0	0.001122356495	0.0	0.003610902183	0.0	0.003005128054	7.230454e-06	0.005990812618	0.000173535768	0.007503072142	0.000173531911	0.003355049268	5.0863728e-05	0.006587433602	4.3808746e-05	0.001364339171
0.0	0.000319369695	0.0	0.001093357813	0.0	0.003584029783	0.0	0.003005206212	0.0	0.005977451173	0.000173536783	0.007491908466	0.00017353252	0.00334998258	6.5396382e-05	0.006583150119	5.8413766e-05	0.00137164797
0.0	0.000348094976	0.0	0.001130230261	0.0	0.00362546574	0.0	0.002982674243	0.0	0.005996624709	0.000151842782	0.007515981287	0.000195223679	0.003389263344	3.6331482e-05	0.00657601221	2.9205981e-05	0.001371240601
0.0	0.000326668484	0.0	0.001129956791	0.0	0.003622183525	0.0	0.002991110427	0.0	0.006013004691	0.000166306126	0.007505707895	0.00016630166	0.003336489604	5.0864034e-05	0.006623323848	3.6507261e-05	0.001358488791
0.0	0.001962094364	0.0	0.001101212333	0.0	0.003808821789	0.0	0.002976044205	0.0	0.005976398768	0.00015184603	0.007524978952	0.000187997285	0.003399950048	4.3597758e-05	0.006537767912	4.3810222e-05	0.001408642717
0.0	0.000327290122	0.0	0.001122435085	0.0	0.00362052958	0.0	0.003005562746	0.0	0.005986162412	0.000180767034	0.007526257579	0.000173533129	0.003371618752	5.086383e-05	0.006587815938	3.6508532e-05	0.001363759729
0.0	0.003930950635	0.0	0.001867269532	0.0	0.008945162578	0.0	0.002998434921	7.231266e-06	0.007034009434	0.000159076687	0.007508140527	0.000180768049	0.003394940901	5.0864646e-05	0.006683788594	3.6508778e-05	0.001379346074
0.0	0.0003260484	0.0	0.001137209721	0.0	0.003621390192	0.0	0.002983448043	0.0	0.00599919262	0.000166305314	0.007486897791	0.000180762974	0.003342808231	5.0864034e-05	0.006602166596	3.650763e-05	0.001370490864
0.0	0.000340667482	0.0	0.001128506397	0.0	0.003613460844	0.0	0.003011881773	0.0	0.005961477407	0.000173538407	0.007539648355	0.000187998503	0.003364113257	4.3597758e-05	0.006557745923	4.3810468e-05	0.00137303635
0.0	0.000326077171	0.0	0.001151031092	0.0	0.003635766377	0.0	0.002991229305	0.0	0.005995710875	0.000151843188	0.007502219855	0.000187993834	0.003380537344	4.3598064e-05	0.006557085758	3.6508532e-05	0.001392945068
0.0	0.000347994503	0.0	0.00113677373	0.0	0.003597326367	0.0	0.003011823714	0.0	0.00599809573	0.00017353861	0.007513779897	0.000159075672	0.003364405371	6.5396586e-05	0.006544227618	3.6508327e-05	0.001363722762
0.0	0.000334165287	0.0	0.001144776922	0.0	0.0036205488	0.0	0.003018849976	0.0	0.006029583703	0.000173538407	0.007534169317	0.000173539016	0.00331229714	5.0864136e-05	0.006584839928	4.3808254e-05	0.001377277987
0.0	0.000319372268	0.0	0.001101141168	0.0	0.003626399249	0.0	0.003011140336	0.0	0.006035981241	0.00015907689	0.007489731451	0.000173538813	0.003385559893	3.6331992e-05	0.006590229613	5.1111092e-05	0.001370457506
