2.74122807018 2.66 0.0
1.44537480064 1.14 0.0
2.04346092504 0.38 0.0
0.847288676236 1.9 0.0
2.74122807018 1.14 0.0
1.94377990431 1.14 0.0
0.0498405103668 1.14 0.0
1.0466507177 0.38 0.0
1.0466507177 1.9 0.0
0.1495215311 2.66 0.0
1.74441786284 2.66 0.0
1.64473684211 1.9 0.0
1.14633173844 0.38 0.0
2.64154704944 0.38 0.0
0.647926634769 1.14 0.0
1.54505582137 2.66 0.0
2.44218500797 1.9 0.0
0.448564593301 1.14 0.0
1.84409888357 0.38 0.0
0.847288676236 2.66 0.0
2.14314194577 0.38 0.0
0.647926634769 0.38 0.0
2.34250398724 2.66 0.0
1.94377990431 2.66 0.0
2.34250398724 1.14 0.0
0.747607655502 0.38 0.0
0.548245614035 2.66 0.0
0.1495215311 1.9 0.0
2.14314194577 1.9 0.0
1.44537480064 2.66 0.0
2.04346092504 1.9 0.0
0.548245614035 1.14 0.0
1.54505582137 1.14 0.0
1.0466507177 1.14 0.0
1.24601275917 1.14 0.0
0.94696969697 2.66 0.0
1.24601275917 1.9 0.0
1.84409888357 2.66 0.0
2.94059011164 1.14 0.0
1.14633173844 1.9 0.0
2.14314194577 1.14 0.0
0.647926634769 1.9 0.0
0.94696969697 0.38 0.0
0.747607655502 1.14 0.0
0.249202551834 1.14 0.0
2.64154704944 2.66 0.0
2.54186602871 1.9 0.0
0.249202551834 0.38 0.0
2.84090909091 1.9 0.0
2.84090909091 0.38 0.0
1.0466507177 2.66 0.0
1.3456937799 1.9 0.0
0.348883572568 1.9 0.0
0.548245614035 0.38 0.0
2.04346092504 2.66 0.0
2.34250398724 1.9 0.0
2.84090909091 2.66 0.0
0.249202551834 2.66 0.0
2.94059011164 0.38 0.0
0.348883572568 0.38 0.0
1.24601275917 2.66 0.0
0.348883572568 1.14 0.0
0.647926634769 2.66 0.0
1.3456937799 2.66 0.0
1.44537480064 1.9 0.0
1.44537480064 0.38 0.0
2.84090909091 1.14 0.0
0.348883572568 2.66 0.0
2.54186602871 1.14 0.0
1.54505582137 0.38 0.0
2.44218500797 2.66 0.0
0.847288676236 1.14 0.0
1.14633173844 1.14 0.0
0.847288676236 0.38 0.0
2.54186602871 0.38 0.0
1.64473684211 1.14 0.0
0.94696969697 1.9 0.0
2.34250398724 0.38 0.0
0.0498405103668 2.66 0.0
2.64154704944 1.14 0.0
1.94377990431 1.9 0.0
1.3456937799 0.38 0.0
2.24282296651 0.38 0.0
0.448564593301 0.38 0.0
1.74441786284 1.14 0.0
0.0498405103668 1.9 0.0
1.94377990431 0.38 0.0
1.84409888357 1.9 0.0
2.14314194577 2.66 0.0
0.0498405103668 0.38 0.0
0.548245614035 1.9 0.0
0.94696969697 1.14 0.0
1.24601275917 0.38 0.0
0.448564593301 1.9 0.0
2.94059011164 1.9 0.0
1.84409888357 1.14 0.0
0.448564593301 2.66 0.0
0.249202551834 1.9 0.0
0.1495215311 1.14 0.0
2.04346092504 1.14 0.0
2.24282296651 2.66 0.0
2.44218500797 0.38 0.0
2.44218500797 1.14 0.0
1.74441786284 0.38 0.0
2.64154704944 1.9 0.0
1.54505582137 1.9 0.0
2.94059011164 2.66 0.0
1.3456937799 1.14 0.0
1.64473684211 0.38 0.0
0.747607655502 2.66 0.0
2.54186602871 2.66 0.0
0.747607655502 1.9 0.0
2.74122807018 0.38 0.0
1.64473684211 2.66 0.0
1.74441786284 1.9 0.0
2.74122807018 1.9 0.0
1.14633173844 2.66 0.0
2.24282296651 1.9 0.0
0.1495215311 0.38 0.0
2.24282296651 1.14 0.0