0.0	0.0	0.0	0.0	0.0	0.0	0.0	0.0	0.0	0.0	0.0	0.0	0.0	0.0	0.0	0.002166793318	0.0	0.003361885582	4.8713184e-05	0.017783690028	0.001485743376	0.013593430773	0.0	0.014621099811	0.0	0.022734580655
0.001899745848	0.002485877764	0.004310962344	0.00131451774	0.000438400872	0.001242827576	0.001461328128	0.009887272173	0.001339543296	0.000731228849	0.002581763184	0.010590465849	0.0	0.0	0.0	0.014447440426	0.0	0.004410473394	7.3066032e-05	0.017246348624	0.0036777156	0.013790224949	0.0	0.014694128937	0.0	0.023099612622
0.010521638712	0.018267087021	0.003896904024	0.028565378426	0.004018689792	0.005554990398	0.00272779884	0.096531738583	0.008719449336	0.001753713035	0.008086194792	0.088444788335	0.00080374944	0.008674137873	0.00389694864	0.064717418212	0.001071664464	0.023241814368	0.005480034768	0.043980486995	0.00521216592	0.02328938418	0.000608885472	0.018887666933	4.8790375e-05	0.036602872909
0.0	4.8681682e-05	9.7425432e-05	9.7087138e-05	0.0	0.0	0.0	0.0	0.0	0.0	0.0	4.8473763e-05	0.0	0.0	0.0	0.00262806038	0.0	0.003606199211	2.4355344e-05	0.011158277264	0.001777959456	0.013667735894	0.0	0.014695092489	0.0	0.022857389564
0.002873972088	0.007039588222	0.006405603048	0.001364803895	0.001047300696	0.012130834365	0.001436967792	0.009792166137	0.001242223632	0.000487250196	0.002606032728	0.01059117229	0.0	0.0	0.0	0.014150230987	2.4355968e-05	0.0045316786	2.4355344e-05	0.0284539177	0.003872694384	0.013789549185	0.0	0.014767672046	0.0	0.023168974125
0.00194846652	0.002557883296	0.003848215176	0.00126483167	0.000316623528	0.001169544173	0.001777948848	0.00991154429	0.001120352688	0.000706698462	0.002265113448	0.010463253871	0.0	0.0	0.0	0.014735911322	2.4356592e-05	0.004652489406	4.8710688e-05	0.017419333022	0.003799565952	0.013690814247	0.0	0.014668138552	0.0	0.023121408506
0.005869884384	0.00435882815	0.003848283504	0.032661167679	0.002873982384	0.004046070632	0.002727938304	0.102677333337	0.008694924264	0.004339766217	0.008110422216	0.092927613308	0.001704909648	0.067423629416	0.0042866616	0.037658478009	0.006381328512	0.06200406894	0.005650554624	0.026068030461	0.007136231856	0.039496782629	0.00406744572	0.018106197112	0.001536890625	0.035288035634
0.010497285864	0.018678134745	0.003896903088	0.028584579275	0.005139027504	0.005607464534	0.002752264008	0.09687336307	0.00871953264	0.001290817005	0.008670817584	0.088403288268	0.000706304976	0.008503484619	0.004018745952	0.06490585883	0.001047329088	0.023465243397	0.005553136368	0.043615874448	0.005480001072	0.02331505121	0.000584546976	0.01876686108	4.8790125e-05	0.036797394558
0.0	0.0	0.00012177828	4.8288779e-05	0.0	0.0	0.0	0.0	0.0	0.0	0.0	0.000122559663	0.0	0.0	0.0	0.002921902286	4.8713184e-05	0.003338458224	7.3066032e-05	0.010986821817	0.001461344976	0.013714360746	0.0	0.014769199448	0.0	0.022739005278
0.004091851296	0.002485591492	0.003848276016	0.020495610085	0.00056017728	0.000755572474	0.001972907352	0.102694457288	0.00862183296	0.001437730668	0.007964267688	0.084738443742	0.001680546192	0.027681831501	0.002557356672	0.013492764534	0.004359751968	0.041006873759	0.0019728228	0.015201644617	0.00689267904	0.025311435324	0.00048710532	0.017231507173	0.000878215875	0.033802548514
0.0	0.0	0.0	0.0	0.0	0.0	0.0	0.0	0.0	0.0	0.0	0.0	0.0	0.0	0.0	0.002288767737	0.0	0.00345887341	2.4355344e-05	0.010450748534	0.001558791312	0.013738684187	0.0	0.014718569596	0.0	0.022905583612
0.0	0.0	0.000146133936	0.0	0.0	7.3178132e-05	0.0	0.0	0.0	0.0	0.0	0.000122424275	0.0	0.0	0.0	0.002678156472	0.0	0.003288111109	4.8710688e-05	0.0111336039	0.001461349968	0.013497032639	0.0	0.014575031511	0.0	0.022832146638
0.010619066016	0.018658187093	0.003896903088	0.028588675788	0.00423788508	0.005602462456	0.002679101568	0.096527753436	0.008695161072	0.001729397836	0.007915696776	0.088416508713	0.000755017536	0.008747108681	0.003896956752	0.064810527899	0.001144751088	0.023191334819	0.00548005848	0.043737155786	0.005163389712	0.023314520104	0.000633255792	0.018718545101	2.4396375e-05	0.036725801044
0.01049729148	0.020432486493	0.00540697248	0.028541592367	0.004359689568	0.037811395746	0.002800893888	0.09683485925	0.008597694456	0.001632160899	0.008354011536	0.088332753337	0.000755038128	0.008574578365	0.003921245328	0.064759566698	0.001071674448	0.023659984026	0.005504461248	0.043789014998	0.00523655808	0.023387980255	0.000608892024	0.01876549857	0.0	0.036845322722
0.001802396232	0.002826654304	0.00384833124	0.001703653521	0.000438400872	0.001364282626	0.001875436056	0.009986377216	0.00114471396	0.000779641021	0.002192059584	0.010638522157	0.0	0.0	0.0	0.014611240661	0.000462775248	0.005725670805	2.4355344e-05	0.017392195152	0.003945607536	0.013715050987	0.0	0.014744644781	0.0	0.023025804796
0.0	0.0	0.0	0.0	0.0	0.0	0.0	0.0	0.0	0.0	0.0	0.0	0.0	0.0	0.0	0.002142336114	2.4356592e-05	0.0033379921	4.8711312e-05	0.010645665652	0.001510056288	0.013768160776	0.0	0.014647520835	0.0	0.02295137642
0.0	4.8729862e-05	0.00012177828	0.000121971893	0.0	0.0	0.0	0.00036507891	2.4357528e-05	0.0	0.0	4.8861967e-05	0.0	0.0	0.0	0.002677884351	0.0	0.003460208749	2.4355344e-05	0.011765411732	0.00170493336	0.013670051699	0.0	0.014671155447	0.0	0.022905813353
0.001802371896	0.003387558983	0.00379958904	0.00464982864	0.000389690496	0.001267259129	0.001607577192	0.038367036257	0.0009742356	0.000731646572	0.002533016304	0.016951700268	0.0	0.0	0.0	0.019800434429	0.000462775248	0.01367197818	9.7423248e-05	0.018854768727	0.005820998352	0.014886621168	0.000292266	0.014474237926	0.0	0.023174203484
0.01088698104	0.01839167244	0.004091748336	0.028542006697	0.004798061424	0.005677735941	0.002557316736	0.096318793814	0.009230879736	0.001583333764	0.008402808024	0.088406492518	0.000730674048	0.008285101461	0.00399438936	0.064885264736	0.0011203764	0.022926352061	0.005699246592	0.043673041605	0.005212187136	0.023193311462	0.000730680288	0.018812735759	0.0	0.036502541846
0.0	0.0	0.0	2.44256e-05	0.0	0.0	0.0	0.0	0.0	0.0	0.0	0.0	0.0	0.0	0.0	0.002312516214	0.0	0.003606450366	4.8710064e-05	0.010790585002	0.001534407888	0.013617922727	0.0	0.014548962113	0.0	0.022783020686
0.010570357512	0.019168786565	0.003896899344	0.028534904783	0.004724953272	0.006114773018	0.002581671456	0.096405827293	0.00915781932	0.001753857096	0.008256677832	0.088434979715	0.00075503376	0.008210093094	0.003896919936	0.06490696951	0.001193458656	0.023072648856	0.005723621904	0.044002982174	0.00530962224	0.023215427611	0.000681952128	0.018815382651	2.4396125e-05	0.036595860057
0.011739677976	0.018466137991	0.004530243744	0.028435420755	0.005187752856	0.005703323439	0.00243564984	0.096494073284	0.009084786048	0.001558718369	0.008743736664	0.088459742244	0.000633242064	0.008187755087	0.004213551264	0.06479022618	0.001120396992	0.026017086564	0.006332506128	0.043665946116	0.005236453872	0.022926267996	0.000730676544	0.018887632549	2.4393875e-05	0.03666995538
0.0	0.0	0.0	0.0	0.0	0.0	0.0	0.0	0.0	0.0	0.0	0.0	0.0	0.0	0.0	0.002142337798	0.0	0.003410867323	2.435472e-05	0.011278068242	0.001656212064	0.013741163145	0.0	0.014621638629	0.0	0.022879816132
0.0	0.0	0.0	0.0	0.0	0.0	0.0	0.0	0.0	0.0	0.0	0.0	0.0	0.0	0.0	0.001996786491	2.4356592e-05	0.003459788521	2.4355344e-05	0.010671883909	0.001631861088	0.013716998126	0.0	0.014890968069	0.0	0.022932033457
0.001777965696	0.002632793202	0.003775162248	0.001266558135	0.000414047088	0.001193207968	0.001534399776	0.009839349199	0.001120409784	0.000706765317	0.002557331712	0.010639383459	0.0	0.0	0.0	0.014565440347	2.4356592e-05	0.004483599069	2.4355344e-05	0.018052331342	0.003750839664	0.013570859754	0.0	0.014522748206	0.0	0.023219796793
0.010522089864	0.019411333461	0.00392139072	0.028612732419	0.004944205656	0.005680064476	0.002800962216	0.097121558703	0.00867073896	0.001363819714	0.008573340672	0.088600556569	0.000706304352	0.008553456012	0.003945620016	0.064715208804	0.001047329712	0.023509103237	0.005504414448	0.043592957193	0.00540692568	0.023459708171	0.000560183832	0.018938618679	2.4395125e-05	0.036625043862
0.000219198096	0.000146017965	0.001656216432	0.002143461057	0.0	0.0	0.0	0.009766996781	0.0	0.0	0.0	0.0	0.0	7.32312e-05	0.0	0.002482809423	0.000462775248	0.006968311669	4.8711312e-05	0.010717532827	0.002338138608	0.013912542007	0.0	0.014572500833	0.0	0.023147431969
0.004652098776	0.002435477907	0.004359778488	0.020247883745	0.0007550244	0.001120918204	0.001534480272	0.1026033358	0.008816766192	0.000803785555	0.00893850516	0.085975733651	0.001631842992	0.027341253453	0.002654793024	0.013519072392	0.00433539912	0.040321568146	0.002045901312	0.015393846587	0.006770881104	0.025290475617	0.000414042096	0.01732664273	0.0008782105	0.034208822411
0.0	4.8879788e-05	0.000121779216	2.44282e-05	0.0	0.0	0.0	0.000462360798	4.8710376e-05	0.0	0.0	4.886189e-05	0.0	0.0	0.0	0.002848310179	0.0	0.003557899425	2.4355344e-05	0.011082345061	0.001583154768	0.013716173106	0.0	0.014569472738	0.0	0.022882123078
0.0	0.0	0.0	0.0	0.0	0.0	0.0	0.0	0.0	0.0	0.0	0.0	0.0	0.0	0.0	0.002191207411	2.4356592e-05	0.003410432465	2.4355344e-05	0.010669040038	0.001510056288	0.013715607693	0.0	0.014573281538	0.0	0.022758021198
0.0	2.4332618e-05	0.000146133936	4.8642595e-05	0.0	0.0	0.0	0.0	0.0	0.0	0.0	0.000121350598	0.0	0.0	0.0	0.002823173504	0.0	0.003508485111	2.4355344e-05	0.011207230265	0.00165622392	0.013764794156	0.0	0.014795150223	0.0	0.022705909106
0.00211899636	0.002751384545	0.004311044712	0.002240974786	0.000462757464	0.001560044261	0.001412702928	0.009987211581	0.00129084696	0.000609377759	0.00265478616	0.012347252834	0.0	2.4430545e-05	0.0	0.015146720094	0.000462775872	0.009744345197	7.3066656e-05	0.017514261479	0.005626151856	0.0139590367	0.0	0.014889340814	0.0	0.02321618199
0.001826679816	0.002508558637	0.003848203944	0.001314024963	0.000462755592	0.001290443641	0.00168053184	0.00969406588	0.001217763144	0.000365498712	0.002630481984	0.010590213095	0.0	0.0	0.0	0.014104253406	4.8713808e-05	0.00470202882	2.4355344e-05	0.017368103323	0.00384821736	0.013737074715	0.0	0.014768201473	0.0	0.023244110653
0.001899744912	0.002459658089	0.003823841736	0.001242196128	0.00038968956	0.001218881379	0.001680609528	0.009327613627	0.000998588448	0.000731051343	0.002362554792	0.010392121774	0.0	0.0	0.0	0.014684718733	0.0	0.004774497868	2.4355344e-05	0.017346227015	0.00379948296	0.01373855025	0.0	0.014476306929	0.0	0.02315044276
0.001948458096	0.002483664845	0.003896913384	0.001338742968	0.000438401808	0.00131502244	0.00177795072	0.009718444278	0.001193427144	0.000511861398	0.002484336816	0.010589910083	0.0	0.0	0.0	0.014272711989	2.4356592e-05	0.004578965384	2.4355344e-05	0.017493833445	0.003994309488	0.013642893656	0.0	0.014768094066	0.0	0.0231966683
0.0	0.0	0.0	4.8313536e-05	0.0	0.0	0.0	0.0	0.0	0.0	0.0	0.0	0.0	0.0	0.0	0.002069218359	0.0	0.003265691604	4.8711312e-05	0.010547845219	0.001461335616	0.013591558071	0.0	0.014742967176	0.0	0.022804059301
0.0	0.0	9.7422624e-05	2.4199929e-05	0.0	0.0	0.0	0.0	0.0	0.0	0.0	7.328937e-05	0.0	0.0	0.0	0.002922184011	0.0	0.003435213331	4.8710688e-05	0.011108741039	0.001558763232	0.013619410286	0.0	0.014449087142	0.0	0.02285719548
0.0	0.0	0.0	0.0	0.0	0.0	0.0	0.0	0.0	0.0	0.0	0.0	0.0	0.0	0.0	0.002215862702	2.4356592e-05	0.003289536166	2.4355344e-05	0.010572882092	0.001437005856	0.013910116625	0.0	0.014672982609	0.0	0.022684573231
0.005894096832	0.017518815887	0.00567495864	0.001486512245	0.001169081784	0.036244717607	0.003263614848	0.00945028217	0.000998631504	0.002970730112	0.002435539392	0.010443634062	0.0	0.0	0.0	0.034474983576	0.0	0.004702429637	2.4356592e-05	0.039374639369	0.00457900872	0.013767107546	0.0	0.016280923527	0.0	0.0242667576
0.0	4.8755843e-05	0.000146133936	9.7690549e-05	0.0	0.0	0.0	0.0	0.0	0.0	0.0	4.8473763e-05	0.0	0.0	0.0	0.002654526706	2.4356592e-05	0.003556394668	2.4355344e-05	0.011110809106	0.001729251888	0.013569401184	0.0	0.01476831309	0.0	0.022733879719
0.001851035472	0.002534411419	0.004164831216	0.001313700611	0.000438405552	0.001314702438	0.00141262056	0.009742888655	0.001242107568	0.000317178366	0.002679184872	0.010736052523	0.0	0.0	0.0	0.014125036766	0.0	0.004556283101	0.0	0.017394388385	0.00389701728	0.013618550708	0.0	0.014893744169	0.0	0.023215260999
9.7422624e-05	0.000170342061	7.3066968e-05	0.001557803526	0.0	9.7160302e-05	0.0	0.008037863241	0.0	0.0	0.0	9.771916e-05	0.0	0.0	0.0	0.003066647846	0.000511488432	0.00443396669	2.4355344e-05	0.011082810765	0.001583119824	0.013811373686	0.0	0.014498020889	0.0	0.022784674912
0.01149587712	0.018999626405	0.004481444448	0.028536919335	0.005090322744	0.005678483041	0.002459983032	0.096238937816	0.009255334608	0.001582823454	0.008670745512	0.088477908935	0.000633237696	0.008041806496	0.004140499584	0.065057295728	0.0010960404	0.022655444633	0.005772325728	0.044053159015	0.005309516784	0.022874521025	0.000730680288	0.018718695038	0.0	0.036912342652
0.001899787968	0.00263107263	0.00382394376	0.001314995248	0.000389690496	0.001218689205	0.001656300672	0.009376927877	0.0009742356	0.00070694497	0.002459950272	0.010392767024	0.0	0.0	2.4357216e-05	0.014806949705	0.00048713184	0.004677590988	2.4355344e-05	0.017295586021	0.003775124496	0.013764129467	0.0	0.014523552838	0.0	0.022976413025
0.00226512	0.003971433017	0.004311049392	0.015499448218	0.0007550244	0.001510318056	0.001583193456	0.096618906166	0.006624773064	0.000804166676	0.00367765632	0.017343623821	0.000365360112	0.00455623013	0.000681961488	0.020971185071	0.004408476384	0.027946383992	4.871256e-05	0.020046244814	0.00594278568	0.019638851606	0.00021920184	0.01679006606	0.000195155625	0.025781463661
0.0	0.0	0.0	0.0	0.0	0.0	0.0	0.0	0.0	0.0	0.0	0.0	0.0	0.0	0.0	0.002191324775	2.4356592e-05	0.003410399593	4.8711936e-05	0.012203395196	0.001656218304	0.013835698197	0.0	0.014619811993	0.0	0.022661412098
0.0	0.0	7.3067904e-05	0.0	0.0	0.000244251244	0.0	0.0	0.0	0.0	0.0	9.7714694e-05	0.0	0.0	0.0	0.002800163748	0.0	0.003410947506	7.3067904e-05	0.011640673112	0.00148572528	0.013667234669	0.0	0.01454899729	0.0	0.022975937638
0.011715407496	0.019196217836	0.003921365448	0.028485664864	0.004505798232	0.005653131388	0.002581807176	0.096390649921	0.008987211792	0.001729779312	0.008134681464	0.092438720132	0.001656191472	0.028285417301	0.008695072464	0.071026169396	0.005066104992	0.042102105872	0.006113298672	0.048971248987	0.007745154768	0.027140414957	0.00231381228	0.019181427039	0.001195351375	0.03733251756
0.0	0.0	9.7424496e-05	2.4599467e-05	0.0	0.001486186818	0.0	0.0	0.0	0.0	0.0	9.7724011e-05	0.0	0.0	0.0	0.003068033921	0.0	0.003435775386	4.871256e-05	0.024729193725	0.00151010184	0.013789647183	0.0	0.015012419701	0.0	0.022612217434
0.011861266248	0.021293054108	0.011398591152	0.031584098473	0.013103537616	0.065148852498	0.012591756216	0.097370391701	0.009986073552	0.001436975563	0.008792394624	0.088618549853	0.000608903568	0.008063408532	0.00423784296	0.064933275889	0.001071640128	0.022928877703	0.00572364624	0.043905181483	0.005407123488	0.02326955716	0.00077939316	0.01922902447	2.439425e-05	0.036886900121
0.0	0.0	0.0	2.442576e-05	0.0	0.0	0.0	0.0	0.0	0.0	0.0	0.0	0.0	0.0	0.0	0.002069077074	4.8713184e-05	0.003386387808	2.4355344e-05	0.010499477736	0.001607467056	0.013764258739	0.0	0.014670759385	0.0	0.022805258645
0.0	0.0	0.000146133936	2.4364359e-05	0.0	0.0	0.0	0.0	0.0	0.0	0.0	0.000122482309	0.0	0.0	0.0	0.002752398024	0.0	0.003239742317	4.8710688e-05	0.011080861447	0.00148570656	0.013596088257	0.0	0.01471861728	0.0	0.022856790193
0.000219200904	0.001705561107	0.001729289952	0.008478650955	0.000487112184	0.000170384664	0.00153448776	0.060509933834	0.00107165916	0.000463682614	0.002191979088	0.003606832937	7.3066656e-05	2.4319596e-05	2.435472e-05	0.005065203479	0.000487131216	0.016006684328	2.4355344e-05	0.012594271119	0.004676242896	0.015498083012	0.000170493024	0.014352932001	0.00017076475	0.024392511324
0.010521934488	0.019046180641	0.00389700792	0.028662114098	0.004408378416	0.005700464047	0.002630540016	0.096461782415	0.00886560012	0.001729688289	0.00803741328	0.088146594272	0.000730660944	0.008601517912	0.00382386264	0.064935088475	0.0011691108	0.033575837595	0.005991515712	0.044953705534	0.007306674336	0.023191241933	0.00068196648	0.018764618925	2.4396125e-05	0.036648754039
0.0	0.0	0.0	0.0	0.0	0.0	0.0	0.0	0.0	0.0	0.0	0.0	0.0	0.0	0.0	0.002239953548	0.0	0.00341179979	2.4355344e-05	0.010739909197	0.001534436592	0.013887001951	0.0	0.014619967865	0.0	0.022809677313
0.0	2.4412815e-05	0.000146133936	4.8790366e-05	0.0	0.0	0.0	0.0	0.0	0.0	0.0	0.000121395222	0.0	0.0	0.0	0.002726494308	2.4356592e-05	0.003630027421	2.4355344e-05	0.011644792755	0.001680570528	0.013666748762	0.0	0.014744365705	0.0	0.022780874057
0.0	0.0	0.0	0.0	0.0	0.0	0.0	0.0	0.0	0.0	0.0	0.0	0.0	0.0	0.0	0.002167308877	0.0	0.00343522688	0.0	0.023532912629	0.001510081248	0.013668385706	0.0	0.015131788189	0.0	0.022855293046
0.000243553752	0.001753556172	0.002825298216	0.015495098321	0.000681952752	0.000560637468	0.001753685856	0.096484752077	0.007038796752	0.000804117223	0.002946982896	0.012394038871	0.000365353872	0.006309760857	0.00058452888	0.006283775474	0.003970048992	0.027333167871	7.3067904e-05	0.012351427853	0.004676297808	0.019586442052	0.000170491464	0.016475433587	0.000243944	0.025903341646
0.010472930208	0.028358906495	0.012202306272	0.034629350792	0.013322834928	0.071752333123	0.013444392312	0.098783728631	0.011763964368	0.034783872152	0.008378334432	0.088386887998	0.000730680288	0.008551462389	0.003969946032	0.064930990498	0.001022934432	0.023465282435	0.005480087184	0.044487843694	0.00535840968	0.023408430548	0.000584541984	0.020302697003	7.318325e-05	0.037137273951
0.01271391732	0.018632020534	0.004505888088	0.028659110865	0.005212116	0.005679671758	0.002435651712	0.09654386579	0.00908464752	0.001412963208	0.008792265456	0.092258848671	0.00165621768	0.020320591588	0.008695063728	0.065130276053	0.00112039512	0.038422402343	0.006235084128	0.047684929243	0.007891162032	0.025675242451	0.002338157016	0.01896006004	0.001244143	0.036840260927
0.0	0.0	0.0	0.0	0.0	0.0	0.0	0.0	0.0	0.0	0.0	0.0	0.0	0.0	0.0	0.002167581856	0.0	0.003239519554	4.8711312e-05	0.010816971216	0.001461334368	0.013593552772	0.0	0.014692863281	0.0	0.022782906852
0.001851082272	0.003799380078	0.003848291928	0.008721401065	0.000389688624	0.001364131872	0.001802388744	0.060558769851	0.001169069616	0.000828952077	0.002167623432	0.017412368384	0.0	0.001169041197	0.000146130816	0.019337709417	0.000438418656	0.019851689187	0.000121779216	0.019829863121	0.006186282336	0.015666593981	0.000267910344	0.014744255728	9.75805e-05	0.024171055953
0.000146133936	0.0	0.00014613768	0.001485453288	0.0	0.0	0.0	0.008499049447	0.0	0.0	0.0	0.0	0.0	4.87017e-05	0.0	0.002239644439	0.000487132464	0.004386162742	2.4355344e-05	0.01045099684	0.001461335616	0.013788185041	0.0	0.014723101282	0.0	0.0228538012
0.0	0.0	0.0	0.0	0.0	0.0	0.0	0.0	0.0	0.0	0.0	0.0	0.0	0.0	0.0	0.002070017155	0.0	0.003581143615	2.4355344e-05	0.01057295707	0.00160748016	0.01366828392	0.0	0.014694767162	0.0	0.02270882845
0.0	4.887936e-05	0.00012177828	4.8562439e-05	0.0	0.0	0.0	0.0	0.0	0.0	0.0	7.2792556e-05	0.0	0.0	0.0	0.002679627709	4.8713808e-05	0.003556843162	2.4355344e-05	0.010840013159	0.001656196464	0.013715860529	0.0	0.014744105531	0.0	0.022634047824
0.010546014024	0.019217494163	0.003945620016	0.028466418454	0.004091744592	0.00557727948	0.002703445992	0.096604129543	0.00862203888	0.001729640301	0.007867017288	0.088419318196	0.000779369136	0.00865078714	0.003872588304	0.064810888203	0.001144738608	0.023414892186	0.005480059104	0.043763978618	0.005163405312	0.023263226772	0.000633256104	0.018644034715	0.0	0.036628010328
0.003604667976	0.01042689967	0.00584544168	0.001435618664	0.001022950656	0.020922634067	0.003214936296	0.010205993695	0.001169155728	0.000852817862	0.002143301472	0.010540623562	0.0	0.0	0.0	0.020706889379	0.0	0.004654262802	2.4356592e-05	0.034871336991	0.004018840176	0.013790217193	0.0	0.015087537146	0.0	0.023001162966
0.000292267872	0.001778667912	0.00185106636	0.008571762943	0.000560179152	0.000316856316	0.001412702928	0.060562476615	0.001266494112	0.000170669547	0.00216762156	0.003459779518	0.0	0.000827988329	4.8710064e-05	0.004310045461	0.000462775248	0.016346245043	2.4355344e-05	0.012352095182	0.004919775744	0.015740604194	9.7424808e-05	0.014767396363	0.0001463685	0.024119260244
0.001802321352	0.003046158065	0.004384063944	0.001339546647	0.000316638504	0.002556136719	0.001826666712	0.010229939036	0.001144792584	0.000803947383	0.002167659936	0.010563463577	0.0	0.0	0.0	0.014444816373	0.0	0.004799151875	2.4356592e-05	0.018534318309	0.003921332688	0.013812422712	0.0	0.014670093844	0.0	0.023220332058
0.0110331234	0.018510317736	0.004213532232	0.028611689456	0.004895483112	0.005579702005	0.002508608232	0.096433929038	0.009401397408	0.001607597645	0.008500264344	0.088340663264	0.000584527632	0.008333279217	0.004043099424	0.065030574855	0.00114473424	0.0225658258	0.00579667608	0.043784431709	0.005114696496	0.023263856372	0.00073068216	0.018791395822	2.4396375e-05	0.036352451347
0.0	0.0	0.0	0.0	0.0	0.0	0.0	0.0	0.0	0.0	0.0	0.0	0.0	0.0	0.0	0.002264634314	0.0	0.003435694849	4.8711312e-05	0.011352158562	0.001412658624	0.01376816149	0.0	0.014547578109	0.0	0.022781710628
0.001875392064	0.002703056736	0.004311046584	0.001291080549	0.000462757464	0.001486329173	0.001461397392	0.009937439999	0.00129084696	0.000706596483	0.002654826408	0.010615043747	0.0	0.0	0.0	0.014126213867	2.4356592e-05	0.004409335308	4.8710688e-05	0.017612698895	0.00384819552	0.013885672611	0.0	0.014624050549	0.0	0.023170964149
0.001826677008	0.002705545003	0.0043109586	0.001266924566	0.000438399936	0.001413342945	0.001510042248	0.00986368023	0.00131520168	0.000731140472	0.002679180192	0.01063934886	0.0	0.0	0.0	0.014223506683	2.4356592e-05	0.00448297993	7.3066032e-05	0.017370900667	0.003726414432	0.013933660163	0.0	0.014695205306	0.0	0.02304399276
0.010472949864	0.018412651173	0.003921357024	0.028435874512	0.00435965868	0.005530182098	0.002606141304	0.096309155314	0.008865660024	0.001729500636	0.007964409024	0.088291871631	0.000755016288	0.008650645155	0.003872577696	0.064961458539	0.001193466768	0.023243813159	0.005431338432	0.043859122891	0.005406940656	0.023117708548	0.00065760708	0.018668412801	4.879e-05	0.036575407946
0.012056037552	0.018632473362	0.0052608348	0.028435697323	0.005309472168	0.024994514979	0.002411185608	0.0965409042	0.008938749456	0.001290745915	0.008865484992	0.088538595699	0.000681971472	0.008209984952	0.00431092584	0.064744266835	0.001096026048	0.022972758814	0.00565054152	0.043830643683	0.005333972592	0.02321398515	0.000755037816	0.018768435109	2.439625e-05	0.03686454135
0.001777965696	0.002680913281	0.003848198328	0.001266899107	0.000340978248	0.001145490578	0.001729237536	0.009741218169	0.001095986736	0.000731115496	0.00233819352	0.010462983967	0.0	0.0	0.0	0.014736622637	0.0	0.004654311539	2.4355344e-05	0.017491884831	0.003848204256	0.013812163619	0.0	0.014573292183	0.0	0.023246370967
0.0	0.0	9.7422624e-05	2.4592538e-05	0.0	0.0	0.0	0.0	0.0	0.0	0.0	9.771916e-05	0.0	0.0	0.0	0.00287192284	0.0	0.003410234613	2.4355344e-05	0.011203434458	0.001558765728	0.013788350466	0.0	0.014427532032	0.0	0.022904090738
0.010545995304	0.018828348451	0.003848229216	0.028389907345	0.004018719744	0.017275547308	0.002776518576	0.096683102412	0.008621993016	0.00172967588	0.008232243552	0.088526434166	0.000779398464	0.008623755227	0.003921267168	0.064987305191	0.001022956896	0.023388829389	0.00548007408	0.043807742062	0.005163461472	0.023340287212	0.000657608016	0.018788353782	2.4394125e-05	0.036745778981
0.005821242336	0.003335370862	0.004140585072	0.0327253273	0.00348286536	0.002924983504	0.002411302608	0.102632442428	0.00867060792	0.003486161028	0.008987201496	0.092777423713	0.001704901536	0.065912767402	0.004164868656	0.029524921868	0.00604032	0.062029063679	0.0056018352	0.020222169308	0.00691699632	0.039689586229	0.00418920996	0.018278647172	0.001683247125	0.035450459802
0.001972813752	0.004042754427	0.004895534592	0.001339109973	0.000414042408	0.004382521465	0.001534405392	0.009670260129	0.00109604196	0.000731253177	0.002484267552	0.010493115243	0.0	0.0	0.0	0.014783590211	4.8713184e-05	0.004579728209	2.4356592e-05	0.021391737503	0.0037264968	0.013737727563	0.0	0.014402578606	0.0	0.023172655853
0.0	0.0	7.3066968e-05	0.0	0.0	0.000170787107	0.0	0.0	0.0	0.0	0.0	9.771916e-05	0.0	0.0	0.0	0.002726455113	2.4356592e-05	0.003387007141	4.8710688e-05	0.011134924088	0.001510084368	0.013740066043	0.0	0.014598103138	0.0	0.022805159427
0.01049733828	0.01841459815	0.003994349112	0.028444157345	0.005480016984	0.005800860907	0.002557318608	0.097043450919	0.008670717432	0.001193302385	0.008719498944	0.088554661559	0.000706306224	0.008358595974	0.004164865536	0.064782594336	0.001096038528	0.023389119208	0.005699262816	0.043862295557	0.005480044128	0.023386883538	0.00063326484	0.018888972417	4.878925e-05	0.036647755297
0.011934281736	0.018656714246	0.00450580572	0.028515167786	0.005260779576	0.006068359259	0.002411181864	0.096659554076	0.008865535536	0.001144880231	0.008914139208	0.088512967431	0.00065761488	0.008064531965	0.004359705792	0.064909136542	0.001120383888	0.023267885545	0.005626174944	0.043543379679	0.005382701376	0.022827180965	0.000730669368	0.018793745138	4.878975e-05	0.036917549054
0.011057933952	0.018684530513	0.003872677536	0.028340924807	0.004578872688	0.005558301103	0.002825340336	0.096832649175	0.008597681352	0.001461911463	0.008451549288	0.088521452024	0.00073066344	0.008650656088	0.003945628128	0.065006120506	0.001047328464	0.037832761214	0.005967172848	0.046144742272	0.008012982432	0.023942716992	0.001437008976	0.018814533091	2.439625e-05	0.036773333838
0.002045879784	0.00236218984	0.004043046384	0.001313645199	0.000462755592	0.00129141495	0.001485687528	0.00979103456	0.001315189512	0.000731103035	0.002557401912	0.010612882808	0.0	0.0	0.0	0.014445099695	0.0	0.00448217624	4.8710688e-05	0.017515425514	0.00372648432	0.013596136588	0.0	0.014549812572	0.0	0.02319356376
0.005918593824	0.003410337594	0.003823952184	0.032824369768	0.003093170184	0.003290274201	0.002581794072	0.102475037276	0.009133371	0.004047317892	0.008207874792	0.092716960437	0.001777984416	0.065790926567	0.004359704544	0.029668795655	0.005845505328	0.061936552764	0.006064601088	0.02056025935	0.006965755056	0.039375942523	0.004164865224	0.018132622185	0.001536884125	0.035081880146
0.010521693	0.019310998894	0.004310971704	0.028412698537	0.005382587808	0.005630176554	0.0024111828	0.096777775591	0.008670689352	0.001071864894	0.00901175184	0.088413134343	0.000657617376	0.00801691578	0.004384058016	0.064759088119	0.00107168568	0.023389177101	0.0055774836	0.043589793206	0.005333990688	0.023311635503	0.000633247368	0.018814668069	2.4394125e-05	0.037062141293
0.0	4.8859827e-05	9.7422624e-05	2.4101727e-05	0.0	0.0	0.0	0.00034057216	2.4355656e-05	0.0	0.0	7.328937e-05	0.0	0.0	0.0	0.002800864448	2.4356592e-05	0.003508260432	2.4355344e-05	0.011011068601	0.001485724656	0.013716251155	0.0	0.014620210859	0.0	0.022685554552
0.0	0.0	0.0	0.0	0.0	0.0	0.0	0.0	0.0	0.0	0.0	0.0	0.0	0.0	0.0	0.002264316434	0.0	0.003362313546	7.3065408e-05	0.010522066483	0.001437010848	0.013786294984	0.0	0.014646886038	0.0	0.022684322203
0.014321418696	0.019775388934	0.004505912424	0.036575876377	0.005236465104	0.006190468769	0.002435653584	0.102508013386	0.00893852856	0.003559108381	0.008914143888	0.092872632945	0.001656197088	0.074294548458	0.008792504448	0.081326438025	0.006308251872	0.068316724404	0.008646311856	0.05174474391	0.007866887184	0.03949204384	0.004213550952	0.019203749909	0.001658848625	0.039963313837
0.000170489592	0.000584491807	0.001704924936	0.002241678598	0.0	0.0	0.0	0.010329904959	4.8710376e-05	0.0	0.0	4.8667013e-05	0.0	0.0	0.0	0.00292066788	0.000438418656	0.007310145901	2.4355344e-05	0.011154328053	0.00272783472	0.013958315814	0.0	0.01471880349	0.0	0.023195359082
0.001802323224	0.002754108201	0.003872556792	0.001435450945	0.000462755592	0.001315126537	0.00187543512	0.009694344743	0.00116907336	0.00063328565	0.002362569768	0.010638713968	0.0	0.0	0.0	0.014294993063	0.0	0.004679486573	2.4355344e-05	0.017564350741	0.003921249072	0.013763420127	0.0	0.014694084348	0.0	0.023269249974
0.011227957416	0.019114730022	0.004432731264	0.028585265624	0.004968551016	0.005629322363	0.0025573158	0.096360095916	0.009304039368	0.00158336373	0.008573305104	0.088334335082	0.000584527008	0.008236152949	0.004091811984	0.064928593197	0.001169099568	0.022706463422	0.005772318864	0.044003753903	0.00533386776	0.023239719805	0.000779392224	0.018839034324	4.8791125e-05	0.036718436567
0.000292267872	0.001218219219	0.001851068232	0.004798830671	0.000462757464	0.000316846178	0.001412701992	0.03834385191	0.0	0.0	0.0	0.000219928401	0.0	0.0	0.0	0.004821566136	0.000462775872	0.011474081437	2.4355344e-05	0.012326868483	0.004846768368	0.01506008114	2.435472e-05	0.014815537793	0.0	0.023099104825
0.0	0.000781915928	0.000146133	4.8296268e-05	0.0	0.002512463596	0.0	0.0	0.0	0.0	0.0	0.000147042758	0.0	0.0	0.0	0.009449518383	0.0	0.003411538229	0.0	0.031332269096	0.001924138944	0.013644844161	0.0	0.016253601711	0.0	0.023973437763
0.001802323224	0.002802984754	0.0038482002	0.001364794726	0.000462757464	0.001290767338	0.001607462064	0.009791343998	0.001217763144	0.000292742458	0.002703536784	0.010711297766	0.0	0.0	0.0	0.014127818518	0.0	0.004751445555	0.0	0.017346469388	0.003848294112	0.013741543376	0.0	0.014693573487	0.0	0.023247788541
0.00017048772	0.001168915416	0.001704915576	0.004823013382	0.00031662072	0.0	0.001826750016	0.038123311239	7.3066032e-05	0.0	0.0	4.8859657e-05	0.0	0.000267808335	0.0	0.00389670882	0.000438418656	0.011378990893	2.4355344e-05	0.011765886026	0.00509031744	0.014985670441	4.8711e-05	0.014694002179	0.0	0.023051038026
0.000194845248	0.00192587195	0.002727865296	0.01567008688	0.000584535744	0.000389942724	0.001972887696	0.096832945353	0.006429885696	0.000852960091	0.002703446928	0.012852991131	0.000219216192	0.004117359832	0.000608881104	0.006381692769	0.004043134368	0.028454772122	9.7423872e-05	0.012788101541	0.00506601264	0.019441225176	9.7422936e-05	0.016621478225	0.000219551875	0.025782832384
0.004164934176	0.00438473809	0.003799594656	0.020347554373	0.000657601776	0.00170598766	0.001753685856	0.102475108399	0.009060294672	0.00141344025	0.00818352288	0.086448412236	0.001729268736	0.030120844792	0.003117542064	0.029791265603	0.004578975648	0.040518757289	0.00199718064	0.022730348533	0.006722206608	0.02524094521	0.000487107816	0.017327401	0.000829425125	0.033743594937
0.001826675136	0.002654955339	0.003969981288	0.00131596774	0.000438401808	0.001218035782	0.001510035696	0.009741760675	0.00121777344	0.000731000248	0.00253303596	0.01054004843	0.0	0.0	0.0	0.014467038644	0.0	0.004531631823	4.8710688e-05	0.017636516216	0.003726483072	0.013692101663	0.0	0.014548940326	0.0	0.023100035699
0.0	0.0	0.0	0.0	0.0	0.0	0.0	0.0	0.0	0.0	0.0	0.0	0.0	0.0	0.0	0.002045175846	2.4356592e-05	0.003630054727	2.4355344e-05	0.010597059554	0.001510081872	0.013788383324	0.0	0.014817417621	0.0	0.022877726637
0.010448608248	0.019117242996	0.003872584872	0.028734917495	0.004578815592	0.022537169972	0.002630390256	0.096262552986	0.009133482384	0.001802389408	0.00815912136	0.088191031949	0.000779389104	0.008355671369	0.003848209248	0.064936224776	0.001144739232	0.022975932429	0.005601820224	0.04385755115	0.005382682032	0.023022858108	0.000730674672	0.018765766266	2.43935e-05	0.036502042164
0.002265083496	0.002508516559	0.004262266944	0.001364048476	0.000438406488	0.002652949328	0.001388260224	0.009767388227	0.001266586776	0.000341592923	0.00265474404	0.010689008825	0.0	0.0	0.0	0.014224337944	2.4356592e-05	0.004482681857	2.4355344e-05	0.018199511643	0.003921374496	0.013719247254	0.0	0.014794777992	0.0	0.022999432939
0.010497287736	0.018849793743	0.003872548368	0.028612357781	0.004018680432	0.005604038444	0.002752166664	0.096721851774	0.008719451208	0.00172930247	0.007940065536	0.088300745186	0.000755029392	0.008722580771	0.003896953632	0.065072879505	0.00107166696	0.023511390741	0.005480059104	0.043811912852	0.00530960352	0.023362803037	0.000657608328	0.018717441012	2.4396375e-05	0.036821012738
0.0	0.0	0.000146133	4.885146e-05	0.0	0.0	0.0	0.0	0.0	0.0	0.0	0.000121861335	0.0	0.0	0.0	0.00265392361	4.8713808e-05	0.003557124343	2.4355344e-05	0.012619418405	0.00151008624	0.013737287439	0.0	0.01476592452	0.0	0.022902715336
0.0	2.4334156e-05	9.7422624e-05	2.4360618e-05	0.0	0.0	0.0	0.00017045477	0.0	0.0	0.0	7.3292835e-05	0.0	0.0	0.0	0.003044511517	2.4356592e-05	0.003362775074	4.8710688e-05	0.011035325111	0.001583131056	0.01363985172	0.0	0.014524129509	0.0	0.022832733829
0.0	0.000513004793	0.0	0.0	0.0	0.0	0.0	0.0	0.0	0.0	0.0	0.0	0.0	0.0	0.0	0.005772387285	4.8713808e-05	0.003435056558	2.4355968e-05	0.029988426844	0.001753644672	0.01364420079	0.0	0.016376548452	0.0	0.024047514897
0.001802331648	0.002680054759	0.003823857648	0.00126650592	0.00036533484	0.001219823291	0.00170488188	0.009473767678	0.00104728572	0.000731185987	0.00236254356	0.010415504889	0.0	0.0	0.0	0.014760794769	0.0	0.004726747449	2.4355344e-05	0.01756422289	0.003799492944	0.013815181695	0.0	0.014476922659	0.0	0.023172642582
0.010570352832	0.018925862338	0.00396996912	0.02836959051	0.005406937848	0.005605059338	0.00253296108	0.09677782074	0.0086707062	0.001120375811	0.008865650664	0.088512165181	0.000681950256	0.008284446264	0.004237935936	0.064881027253	0.00114475296	0.02348446075	0.005601848928	0.043835995046	0.005455684416	0.023385835146	0.000584548224	0.018767612749	2.439425e-05	0.036966360055
2.4355656e-05	0.0	0.0	0.000924516415	0.0	0.0	0.0	0.000705544263	0.0	0.0	0.0	0.0	0.0	0.0	0.0	0.002044832291	0.000414062064	0.003604936548	2.4355344e-05	0.010548791916	0.001656175248	0.013692430243	0.0	0.014744755656	0.0	0.022807262639
0.0	0.0	0.0	0.0	0.0	0.0	0.0	0.0	0.0	0.0	0.0	0.0	0.0	0.0	0.0	0.002093962819	2.4355968e-05	0.003557181396	2.4355968e-05	0.01103398825	0.001534433472	0.013547514894	0.0	0.014889919779	0.0	0.023026462641
9.7422624e-05	0.0	0.000146138616	0.000851987176	0.0	0.0	0.0	0.000632866278	0.0	0.0	0.0	9.8047758e-05	0.0	0.0	0.0	0.002749279685	0.000462775872	0.003605507867	7.3066032e-05	0.011132978034	0.001558763856	0.013762624394	0.0	0.014722249666	0.0	0.022830220145
0.010521639648	0.020068916951	0.008597654208	0.028752970641	0.01268941752	0.059204682727	0.002630376216	0.096630623809	0.009036043848	0.001778363976	0.008086056264	0.088182953976	0.000803748192	0.008526458406	0.003848164944	0.065085847553	0.001169097072	0.022952155178	0.005553120768	0.043706832297	0.005407099776	0.023119823688	0.000657608328	0.018643515204	4.878975e-05	0.036478177119
0.0	0.0	0.0	0.0	0.0	0.0	0.0	0.0	0.0	0.0	0.0	0.0	0.0	0.0	0.0	0.002069211438	0.0	0.003484218727	2.4355344e-05	0.010740788369	0.001607481408	0.013836408246	0.0	0.014669243926	0.0	0.022830022048
0.0	4.8731478e-05	9.7422624e-05	4.8610587e-05	0.0	0.0	0.0	0.0	0.0	0.0	0.0	0.000145637831	0.0	0.0	0.0	0.002752016504	0.0	0.003532831615	0.0	0.011181737722	0.001656221424	0.013718387915	0.0	0.014695143642	0.0	0.022801888671
0.0	4.8795463e-05	0.000121777344	0.00012142924	0.0	0.0	0.0	0.000170332938	0.0	0.0	0.0	4.8857347e-05	0.0	0.0	0.0	0.002727634003	0.0	0.003313349617	2.4356592e-05	0.017952803162	0.001753650288	0.01374065445	0.0	0.014668611218	0.0	0.022662458478
0.0	0.0	0.0	2.4584056e-05	0.0	0.0	0.0	0.0	0.0	0.0	0.0	0.0	0.0	0.0	0.0	0.00233809641	2.4356592e-05	0.003362773403	4.8710064e-05	0.010841420891	0.001656187728	0.013518992945	0.0	0.014546995729	0.0	0.022975772391
0.0	0.0	7.3066032e-05	2.4609126e-05	0.0	0.000170694598	0.0	0.0	0.0	0.0	0.0	9.771454e-05	0.0	0.0	0.0	0.002848138758	2.4356592e-05	0.003387702615	2.4355344e-05	0.010985435116	0.001412662992	0.013715825635	0.0	0.014570607633	0.0	0.022902696818
0.012153815856	0.018416061635	0.003896992008	0.028660603611	0.004310961408	0.005631772262	0.002727919584	0.102676905867	0.00867055176	0.001632321347	0.008280883728	0.092389518319	0.001680551184	0.042764079633	0.008427198	0.078328788092	0.00555321624	0.053675961809	0.006917044992	0.049828735055	0.008013050448	0.03318187492	0.002192043672	0.019204107982	0.001488103	0.037944620872
0.001851040152	0.002435250159	0.003848213304	0.001412683404	0.000340996032	0.001120590303	0.001777942296	0.010108525278	0.001096080336	0.000755335681	0.002240714736	0.010512168793	0.0	0.0	0.0	0.014417788846	2.4356592e-05	0.004652941743	2.4355344e-05	0.017247288279	0.00379957032	0.013644361827	0.0	0.014569586796	0.0	0.023148178916
