0.004929605928	0.01176654712	0.000976480128	0.015146083939	9.4494816e-05	0.002474432374	0.001039430808	0.05442431121	0.0	0.002537414968	0.0	0.055237199454	1.5750384e-05	0.010019449652	0.002015924976	0.048988608615	0.00137017296	0.015518063257	0.00305531616	0.036019315082	0.000929211504	0.02467004797	4.7248032e-05	0.009487845794	0.000536329125	0.01245043605
0.000488219472	6.2818443e-05	0.0	0.0	0.0	0.0	0.0	0.0	0.0	0.0	0.0	4.7399474e-05	0.0	0.000173165887	0.0	0.000771595958	0.0	0.00918663509	0.001811164368	0.013815216478	0.000141742848	0.020833092084	0.0	0.009125395411	9.464325e-05	0.011694006189
0.000503963928	0.0	0.0	0.0	0.0	0.0	0.0	0.0	0.0	7.878434e-05	0.0	4.7303838e-05	0.0	0.000220596222	0.0	0.000818865161	0.0	0.009328266637	0.001811173104	0.020794640919	9.4494192e-05	0.021029018278	0.0	0.009104420675	3.154825e-05	0.012026574593
0.001622151648	0.000489315557	0.0	0.000362541208	0.0	0.00069398085	0.0	0.006000255278	0.0	4.7271141e-05	0.0	0.005890109182	0.0	0.00022047989	3.1497648e-05	0.001386105036	7.87488e-05	0.010272893512	0.001700888592	0.0139464201	0.000110240832	0.020747484138	0.0	0.009030318639	1.5774125e-05	0.011946661976
0.005055422112	0.032162306122	0.006961048848	0.024899266499	0.007417838376	0.040039401065	0.004551554592	0.055241146334	0.000125991216	0.013156058264	0.0	0.055515052414	4.7245536e-05	0.010067104819	0.002015833872	0.049014793265	0.001165446672	0.014776510545	0.002976602304	0.036816870872	0.000929182176	0.024662808793	7.8745056e-05	0.010303872258	0.0004416795	0.012573358101
0.0	0.0	0.0	0.0	0.0	0.0	0.0	0.0	0.0	7.8784042e-05	0.0	3.1498168e-05	0.0	0.00022041957	0.0	0.000787859341	0.0	0.01047919455	0.00176391696	0.013897376244	0.000110243952	0.020829149618	0.0	0.008997935531	4.732225e-05	0.011898630966
0.001559152296	0.000551999484	0.0	0.000362920344	0.0	0.000709131734	0.0	0.005590638055	0.0	0.0	0.0	0.00545143957	0.0	0.000204788567	3.1498272e-05	0.001276384002	9.4497312e-05	0.009265082038	0.001763916336	0.013878148828	0.000125987472	0.020762435387	0.0	0.009042118064	1.5774e-05	0.011927452512
0.0	0.0	0.0	0.0	0.0	0.0	0.0	0.0	0.0	9.4545166e-05	0.0	3.159907e-05	0.0	0.000157436764	0.0	0.000818429858	0.0	0.010257095198	0.00181112256	0.013909741367	0.00011024208	0.020754758202	0.0	0.009138124619	9.4644375e-05	0.011865061859
0.005008171896	0.011801046696	0.0009449388	0.015019648906	7.8744744e-05	0.002506807652	0.001023677928	0.054361041894	1.57482e-05	0.002584860716	0.0	0.05531240123	1.5750384e-05	0.010020230256	0.002031649776	0.049051592861	0.001275680016	0.014792819951	0.003023809776	0.036110080586	0.000881965344	0.024685259568	6.2993424e-05	0.009599327245	0.0005205535	0.012515162916
0.0	0.0	0.0	0.000740540424	0.0	0.0	0.0	0.006473133008	0.0	0.0	0.0	4.7400968e-05	0.0	0.000173202168	0.0	0.000677252057	0.0	0.011974512844	0.001905634224	0.013896576767	0.000125989968	0.020905857365	0.0	0.009359907586	7.8872875e-05	0.011707380055
0.002425439952	1.5854657e-05	0.0	0.006432980646	0.0	0.0	0.0	0.052448793099	0.0	0.0	0.0	0.003431472415	0.0	0.000693073825	3.149952e-05	0.00151336865	0.0	0.019614978745	0.001685150688	0.015489130738	0.00102369072	0.023613516665	0.000362227944	0.008979174545	3.154875e-05	0.012590060039
0.0	0.0	0.0	0.0	0.0	0.0	0.0	0.0	0.0	0.0	0.0	4.7400968e-05	0.0	0.000157454492	0.0	0.000692905492	0.0	0.010351899107	0.001858386816	0.013962503664	0.000141740352	0.020676775753	0.0	0.009281391333	7.8872875e-05	0.011849260646
0.001590660864	0.000567222296	0.0	0.000330851703	0.0	0.000708958907	0.0	0.005526515631	0.0	0.0	0.0	0.005450516845	0.0	0.000204870514	1.5749136e-05	0.001276105778	0.000110247072	0.009453686803	0.00166940904	0.013816083002	0.00014173848	0.020851967733	0.0	0.009109087803	1.577475e-05	0.011879687051
0.000503963928	1.5732528e-05	0.0	0.0	0.0	0.0	0.0	0.0	0.0	9.4515509e-05	0.0	4.7384836e-05	0.0	0.000220604176	0.0	0.000818990604	0.0	0.009296867445	0.001795414608	0.014997284532	9.4494192e-05	0.020922532007	0.0	0.009060339184	4.7322375e-05	0.01185188454
0.001606397832	0.000551595565	0.0	0.000362869597	0.0	0.000693134283	0.0	0.005574394587	0.0	0.0	0.0	0.005450234619	0.0	0.000204735578	1.5749136e-05	0.001354430763	0.000125997456	0.009548113413	0.001622157888	0.013880412825	0.00012598872	0.020677008765	0.0	0.009218867972	0.0	0.01207167892
0.000488219472	6.3226917e-05	0.0	0.0	0.0	0.0	0.0	0.0	0.0	0.0	0.0	6.3201678e-05	0.0	0.000157607157	0.0	0.000755767646	0.0	0.009248759618	0.001858384944	0.013897245119	0.000141740976	0.02087086029	0.0	0.009264768175	7.88705e-05	0.011580996398
0.004834920168	0.011782829196	0.000960686064	0.015255075883	4.7246472e-05	0.002475013749	0.0010551762	0.05405898742	0.0	0.002490450887	0.0	0.054897081408	1.5748512e-05	0.009814898737	0.002063157408	0.048964888729	0.001212677232	0.015015432983	0.002803365552	0.035982481679	0.000944955024	0.024744562264	6.2996544e-05	0.009581488346	0.000441663875	0.012607283002
0.000503968608	3.1431186e-05	0.0	0.0	0.0	0.0	0.0	0.0	0.0	0.0	0.0	9.4755388e-05	0.0	0.000204668695	0.0	0.000787498451	0.0	0.009123694464	0.001858388688	0.013769416254	0.000141739728	0.020745861317	0.0	0.009376204173	0.0	0.011802113331
0.0	0.0	0.0	0.0	0.0	0.0	0.0	0.0	0.0	9.454869e-05	0.0	3.1596547e-05	0.0	0.000188965731	0.0	0.000819278538	0.0	0.01036750949	0.001763892	0.01386320222	9.4494816e-05	0.020843122439	0.0	0.009233071186	4.7323625e-05	0.011915927884
0.0	0.0	0.0	0.0	0.0	0.0	0.0	0.0	0.0	4.7278018e-05	0.0	4.7298214e-05	0.0	0.000236132009	0.0	0.000740065443	1.574976e-05	0.010509500814	0.001700914176	0.013945564077	0.000125997456	0.020917521263	0.0	0.009080381667	1.577425e-05	0.011994733595
0.001559152296	0.000535631124	0.0	0.000299824355	0.0	0.000646525416	0.0	0.005606495601	0.0	0.0	0.0	0.00538889952	0.0	0.000188860967	1.5749136e-05	0.001371387797	7.8748176e-05	0.009171193363	0.001826913504	0.013976851167	0.000125989968	0.020780598243	0.0	0.009203024519	1.5774875e-05	0.011893592653
0.00264592224	0.0	0.0	0.013808761083	0.0	0.0	0.0	0.062197785209	0.0	3.1503912e-05	0.0	0.026854049853	0.0	0.002111215699	0.000866210592	0.002222098139	6.3000288e-05	0.029525721805	0.002000128416	0.015516682786	0.001606412496	0.026397824464	0.000456728064	0.009328005095	0.0	0.012226019978
0.001826876376	0.000598488772	0.0	0.000346695951	0.0	0.000630976876	0.0	0.005668859402	0.0	0.0	0.0	0.005357789554	0.0	0.000157505881	3.1498272e-05	0.001339217678	6.3000288e-05	0.009201127665	0.001842669504	0.01399246333	0.000141742224	0.020920915117	0.0	0.009362090984	4.732125e-05	0.0116127941
0.001795378104	0.001985147281	0.0	0.000347223573	0.0	0.001638051822	0.0	0.005669147125	0.0	0.0	0.0	0.00529909198	0.0	0.000188991337	3.1498272e-05	0.001291478683	9.449232e-05	0.009123130959	0.001795422096	0.021303089221	0.000141740352	0.020839039168	0.0	0.009218420988	9.4645125e-05	0.011725185229
0.0	0.0	0.0	0.0	0.0	0.0	0.0	0.0	0.0	0.0	0.0	0.000110507653	0.0	0.000204856566	0.0	0.000835519162	0.0	0.01041432869	0.001669423392	0.03127636104	0.000110244576	0.020765819283	0.0	0.00908948476	0.0	0.011895152126
0.000488224152	4.7286415e-05	0.0	0.0	0.0	0.0	0.0	0.0	0.0	0.0	0.0	6.3199354e-05	0.0	0.000173293518	0.0	0.00072442095	0.0	0.009232230603	0.001842641424	0.014036424308	0.0001417416	0.02087408356	0.0	0.009328254999	7.88705e-05	0.011579528411
0.004488493464	0.014796028338	0.004913720136	0.021543607869	0.007339107672	0.032126546061	0.004520048832	0.054599844854	1.5749136e-05	0.006160343771	0.0	0.055373126128	3.1497648e-05	0.010098382539	0.002031586752	0.048987319416	0.001181192688	0.014855019001	0.002976591696	0.036063689749	0.000944927568	0.02456978189	4.7246472e-05	0.009786614293	0.000441676875	0.012354046216
0.002535637104	0.000535419104	0.0	0.001102951516	0.0	0.000692772336	0.0	0.007321239491	0.0	7.877038e-05	0.0	0.007354306007	1.5748512e-05	0.000977201384	0.000834726672	0.001386932102	9.449856e-05	0.015802567008	0.001842626448	0.013942009025	0.000110240832	0.02076236205	0.0	0.00893378486	3.1548125e-05	0.011899699905
0.000503985456	3.1767232e-05	0.0	0.000220801544	0.0	0.0	0.0	0.000583444484	0.0	0.0	0.0	0.000409718503	0.0	0.000204765247	0.0	0.000787108553	0.0	0.010462248017	0.001763897616	0.013865346673	0.000141737232	0.020784388847	0.0	0.009140079893	1.5774e-05	0.011958717292
0.004708943928	0.011764146038	0.000944937864	0.014907908945	4.7246472e-05	0.004790852249	0.001055230488	0.054403905159	1.57482e-05	0.00253774197	0.0	0.055046384496	3.1497024e-05	0.009924412423	0.002031655392	0.049045639831	0.001228426992	0.014873755655	0.002771854176	0.036062262885	0.00092918904	0.024701624094	4.7248032e-05	0.009501784425	0.0004258985	0.012590476118
0.0	0.000141905286	0.0	0.0	0.0	0.000614083867	0.0	0.0	0.0	0.0	0.0	7.8955761e-05	0.0	0.000173291629	0.0	0.010542388642	0.0	0.010445712217	0.002063145552	0.033415174975	0.000110245824	0.020732121506	0.0	0.00940716865	1.5774875e-05	0.011990225014
0.0	0.0	0.0	0.0	0.0	0.0	0.0	0.0	0.0	6.3042423e-05	0.0	4.7298214e-05	0.0	0.000220369068	0.0	0.000740323856	1.574976e-05	0.010542233745	0.001700912928	0.013898405121	9.449856e-05	0.020872629419	0.0	0.009045300725	1.577425e-05	0.011978563594
0.000503983584	3.1321944e-05	0.0	1.5847304e-05	0.0	0.0	0.0	0.0	0.0	0.0	0.0	0.000409716036	0.0	0.000188938817	0.0	0.000771501435	0.0	0.010178671566	0.001842642048	0.01386380768	0.000141737232	0.020946193432	0.0	0.008980812861	1.5774125e-05	0.012005334936
0.002535634296	0.000551893461	0.0	0.000787798872	0.0	0.000708913716	0.0	0.006299217749	0.0	6.3012094e-05	0.0	0.005905648395	1.5748512e-05	0.000204701625	0.000220483536	0.001355158912	7.8748176e-05	0.012116886871	0.001779629904	0.013849751991	9.449232e-05	0.020764494628	0.0	0.009029361472	3.1548e-05	0.011947081535
0.002945074392	0.014557747406	0.000425225736	0.002441667464	0.0	0.013374597696	0.0	0.005622314138	0.0	0.00110273022	0.0	0.005421492688	0.0	0.000220579811	3.1497648e-05	0.021632744662	0.00058272552	0.009878219594	0.002897862864	0.035479473983	0.000125993712	0.023521742365	0.0	0.010183129938	0.000268166875	0.012354486881
0.002661630192	0.000771960873	3.14964e-05	0.0232585977	9.449388e-05	0.000709531299	0.001023686352	0.067839641586	4.7248344e-05	0.004727215843	0.0	0.064419038896	0.00247265616	0.017455705386	0.002850667248	0.005169931754	0.00039373152	0.043466091158	0.001921371504	0.017945366476	0.001858448592	0.030828100837	0.001590688944	0.009153701067	6.309625e-05	0.012623728356
0.001543402224	0.00053628954	0.0	0.000346754079	0.0	0.000661993658	0.0	0.005622056005	0.0	0.0	0.0	0.005436480423	0.0	0.000189014523	1.5749136e-05	0.001292630798	9.4497312e-05	0.009123135038	0.001779668592	0.01375391079	0.00012598872	0.020764302965	0.0	0.009058192801	0.0	0.011848571843
0.004992607152	0.011827167455	0.00096072912	0.014975100551	0.000110243016	0.002521536143	0.0010079316	0.054297568689	0.0	0.002553217713	0.0	0.055271484449	1.5750384e-05	0.010476233576	0.002015926848	0.048909609728	0.001354425072	0.015819830961	0.003071068416	0.036063677887	0.000960689184	0.024677060239	7.8746304e-05	0.009516473745	0.00056787775	0.012401193575
0.001763892936	0.002204942764	0.0	0.000346606769	0.0	0.00340075427	0.0	0.005638567893	0.0	0.0	0.0	0.005376400285	0.0	0.000173279705	3.1497648e-05	0.001291661911	7.8745056e-05	0.009232998366	0.00179541648	0.028108426552	0.000157489488	0.020826457478	0.0	0.009093627836	9.4645125e-05	0.01182037801
0.004976677368	0.011845709076	0.000944937864	0.01522567597	6.2996544e-05	0.002443855849	0.001023678864	0.05420665842	3.1498272e-05	0.002537721327	0.0	0.055370778061	1.5750384e-05	0.010035105201	0.002015908752	0.048955185624	0.00129142728	0.014731704322	0.002976561744	0.036006676858	0.000818968176	0.024658233147	4.7245536e-05	0.009312890963	0.00047323125	0.012563142991
0.0008347482	1.5812067e-05	0.0	0.003608844579	0.0	0.0	0.0	0.035199011948	0.0	0.0	0.0	0.000756081018	0.0	0.000582681943	3.1498272e-05	0.000740343219	0.0	0.017928972889	0.001700899824	0.014923305275	0.001055185872	0.021354596431	0.0	0.009202885111	1.577475e-05	0.012023655456
0.004803437808	0.01184692068	0.000976437072	0.015114993493	6.2996544e-05	0.00247453782	0.001118170872	0.053824670468	0.0	0.002522217076	0.0	0.055064278809	3.1500144e-05	0.009830417307	0.002015912496	0.049013574441	0.00122842512	0.014793525333	0.002882098752	0.03614170088	0.0009449544	0.024584150946	3.1495776e-05	0.009564431565	0.000457458	0.012608215636
0.001322919936	0.008384700299	0.0	0.0	0.0	0.004504718794	0.0	0.0	0.0	0.000441296077	0.0	6.3099776e-05	0.0	0.000251994524	0.0	0.017458398342	0.000173249856	0.009720510634	0.002740382736	0.035625351218	0.000110246448	0.023512896157	0.0	0.009895230783	0.0001577435	0.012323875037
0.004819185072	0.011735391041	0.000960687936	0.015258344688	7.874568e-05	0.002490191596	0.001118170872	0.053887464234	0.0	0.002537651494	0.0	0.055140558709	3.1500768e-05	0.009940886023	0.001952924688	0.049078495519	0.001228427616	0.014889079023	0.002882100624	0.036173425052	0.000944958144	0.024934280817	4.7245536e-05	0.009535362951	0.000441682625	0.012639326449
0.0	0.0	0.0	0.0	0.0	0.0	0.0	0.0	0.0	6.30222e-05	0.0	4.7397393e-05	0.0	0.000141908511	0.0	0.000771486748	0.0	0.010305222702	0.001811126304	0.013878838372	0.000141739728	0.020769702171	0.0	0.008983968082	7.8869375e-05	0.011834645805
0.001543414392	0.00050418227	0.0	0.000362473576	0.0	0.000615211748	0.0	0.005590094673	0.0	0.0	0.0	0.005421379482	0.0	0.000157540471	3.1498272e-05	0.001386595661	4.7249904e-05	0.009058791512	0.001842662016	0.014053384974	0.000141742848	0.020795221514	0.0	0.009313436174	1.577325e-05	0.011688829271
0.0	0.0	0.0	0.0	0.0	0.0	0.0	0.0	0.0	9.4518211e-05	0.0	3.1593606e-05	0.0	0.000188944949	0.0	0.000818681619	0.0	0.010350861971	0.001763877024	0.013925809937	9.449544e-05	0.020730774901	0.0	0.009111875662	6.30975e-05	0.011837129412
0.0	0.0	0.0	0.0	0.0	0.0	0.0	0.0	0.0	7.8749521e-05	0.0	4.7298878e-05	0.0	0.000236126357	0.0	0.000787706479	1.574976e-05	0.010416037623	0.001763916336	0.013928823847	9.4494192e-05	0.020921081441	0.0	0.009153962448	3.154875e-05	0.012042346356
0.00453570624	0.011843862807	0.000960687	0.014816677628	4.7245536e-05	0.006981242048	0.001055230488	0.054516134085	0.0	0.002506314873	0.0	0.055148691286	3.1497024e-05	0.010018886757	0.002031605472	0.049094916655	0.00122845008	0.014856406594	0.00283486632	0.036236709427	0.000929185296	0.024734754589	6.2997792e-05	0.009390552864	0.0004416695	0.012651370607
0.002504145384	0.000141733097	0.0	0.023445390646	4.7247408e-05	1.577528e-05	0.001039444848	0.067692020135	1.5750072e-05	0.002380127903	0.0	0.05689083717	0.0022994244	0.017265954564	0.00300814488	0.003798318907	0.000425223552	0.043623013031	0.001732398096	0.017947733932	0.002015943072	0.030799526362	0.001543434048	0.009078937995	1.5774e-05	0.012780583517
0.000503968608	6.3048446e-05	0.0	0.0	0.0	0.0	0.0	0.0	0.0	0.0	0.0	6.3201678e-05	0.0	0.000157529841	0.0	0.000755670092	0.0	0.009266316833	0.00187416528	0.013848577319	0.000141739728	0.020707581026	0.0	0.00934546273	6.3094625e-05	0.011692124071
0.000503972352	3.1540934e-05	0.0	0.0	0.0	0.0	0.0	0.0	0.0	9.4548196e-05	0.0	4.7381895e-05	0.0	0.000204882125	0.0	0.000819012258	1.574976e-05	0.00934253206	0.001795407744	0.013754967493	9.4496688e-05	0.020890877194	0.0	0.009202680788	4.7322375e-05	0.01188255937
0.0	0.0	0.0	0.0	0.0	0.0	0.0	0.0	0.0	3.1543207e-05	0.0	4.734852e-05	0.0	0.000204664065	0.0	0.000740028216	0.0	0.010540114632	0.00166941216	0.013847099577	0.000125996832	0.020851003669	0.0	0.0089171582	1.5774125e-05	0.011946102694
0.0	0.0	0.0	0.0	0.0	0.0	0.0	0.0	0.0	9.4509297e-05	0.0	3.1547444e-05	0.0	0.000204682137	0.0	0.000772178641	0.0	0.010494427008	0.001779664848	0.013881432741	9.4494192e-05	0.020813851922	0.0	0.00909141841	4.732225e-05	0.011900397746
0.004882209696	0.011847483471	0.00094494348	0.015193942195	6.2996544e-05	0.002459598527	0.001055178072	0.053883049611	0.0	0.002506423946	0.0	0.054881025231	1.5748512e-05	0.009767716228	0.002063158656	0.049010556486	0.001244173008	0.014951529327	0.002819099712	0.035952888696	0.000929208384	0.024726982735	4.7247408e-05	0.009564809148	0.000425891375	0.012669962443
0.0	0.0	0.0	0.0	0.0	0.0	0.0	0.0	0.0	0.0	0.0	0.000110510481	0.0	0.000204825826	0.0	0.000708990953	0.0	0.010509097941	0.001669424016	0.02773152955	0.000110245824	0.020669798269	0.0	0.009123123067	1.5774125e-05	0.011848072706
0.0	0.0	0.0	0.001039236307	0.0	0.0	0.0	0.007575500916	0.0	0.0	0.0	0.000110278733	0.0	0.000220652169	3.1497648e-05	0.000708820335	0.0	0.015659934669	0.001984378656	0.013880889393	0.000157487616	0.020750486431	0.0	0.009282290885	7.8872375e-05	0.011707264385
0.004945198752	0.011747683972	0.000929193408	0.015180846842	6.2996544e-05	0.002522397516	0.001039429872	0.054103559628	3.1498272e-05	0.002537977683	0.0	0.055371125619	1.5750384e-05	0.010082482002	0.001968665712	0.0489362767	0.00127567752	0.014826399079	0.002992312752	0.036129794722	0.00083471856	0.024751841598	4.724616e-05	0.009392720825	0.000473229875	0.012686285285
0.001748130696	0.00288294107	4.7247408e-05	0.002346827476	0.0	0.010583630826	0.0	0.005653308792	0.0	0.0	0.0	0.005391928384	0.0	0.000173280916	3.1498272e-05	0.001291840612	6.2993424e-05	0.009184732289	0.001779662352	0.031477431856	0.000157488864	0.0207615207	0.0	0.00923272452	7.8870125e-05	0.011801941641
0.0	0.0	0.0	0.0	0.0	0.0	0.0	0.0	0.0	4.726431e-05	0.0	4.7349682e-05	0.0	0.000220443493	0.0	0.000724343896	0.0	0.010540267597	0.001685171904	0.013879552532	0.000125995584	0.020771786846	0.0	0.009170679443	1.577425e-05	0.011931434224
0.0	0.0	0.0	0.000220477228	0.0	0.0	0.0	0.000693906284	0.0	0.0	0.0	4.7400968e-05	0.0	0.000188977718	0.0	0.000661490044	0.0	0.010304689199	0.00184263768	0.013942741437	0.000157488864	0.02080998456	0.0	0.009153672007	7.8872875e-05	0.011722280095
0.001622146968	0.000488571876	0.0	0.00033143108	0.0	0.000709578478	0.0	0.005511001023	0.0	1.5754959e-05	0.0	0.005449736854	0.0	0.000220490759	3.1497648e-05	0.00135460613	0.000125996832	0.009485601197	0.00162215352	0.013900424477	0.00012598872	0.020885241604	0.0	0.009138249489	3.154875e-05	0.011978172788
0.004519954296	0.014478496	0.00387424908	0.018294493545	0.007087088736	0.026991068599	0.001716682032	0.054437790186	0.0	0.003009450812	0.0	0.055356356384	3.1497024e-05	0.010049585575	0.00204733464	0.049034748046	0.001196936208	0.014839386878	0.002992339584	0.036109655171	0.000944931936	0.024733390866	4.7247408e-05	0.00951734198	0.000425905875	0.012497226009
0.000503963928	7.87008e-05	0.0	0.0	0.0	0.0	0.0	0.0	0.0	7.8760269e-05	0.0	4.73934e-05	0.0	0.000189068672	0.0	0.000850298399	1.574976e-05	0.009185382398	0.001763925072	0.013878756113	0.000141745344	0.020775778039	0.0	0.009169849545	9.4647875e-05	0.011852794184
0.0	0.0	0.0	0.0	0.0	0.0	0.0	0.0	0.0	9.4497649e-05	0.0	3.1596849e-05	0.0	0.000157409771	0.0	0.000818587645	0.0	0.010256700565	0.001779624912	0.013957065148	0.000110243328	0.020774998465	0.0	0.009074490695	6.3097625e-05	0.011867518526
0.00179539776	0.000583603076	0.0	0.000331111633	0.0	0.001684945319	0.0	0.00568483142	0.0	0.0	0.0	0.00535888453	0.0	0.000141752859	1.5748512e-05	0.001276071455	9.4500432e-05	0.009217283824	0.001858410528	0.013928140385	0.000125994336	0.020691986023	0.0	0.00924839404	6.3097375e-05	0.011487679025
0.002551354416	0.004476010541	3.1498272e-05	0.002379031666	0.0	0.01184541986	0.0	0.005558960201	0.0	1.5748128e-05	0.0	0.005406178866	0.0	0.000173289678	3.1497648e-05	0.014006683309	6.2993424e-05	0.009358166048	0.002141891856	0.033402966051	0.0001417416	0.020860328428	0.0	0.009470533737	7.8873e-05	0.011913057334
0.001622147904	0.000504087903	0.0	0.000347005348	0.0	0.000724891465	0.0	0.005542792829	0.0	1.5776878e-05	0.0	0.005449523903	0.0	0.000204825152	1.5749136e-05	0.001354651869	0.000125997456	0.009453016871	0.001606408128	0.013960660195	0.00012598872	0.020661420015	0.0	0.008979453751	1.5774625e-05	0.011992869947
0.0	0.0	0.0	0.0	0.0	0.0	0.0	0.0	0.0	1.5779348e-05	0.0	6.3149878e-05	0.0	0.000236169242	0.0	0.000755748592	0.0	0.010508299542	0.001653668016	0.013958248238	0.000125996208	0.020851313999	0.0	0.009060026766	1.577425e-05	0.011913991338
0.000850495464	0.0	0.0	0.003561928184	0.0	0.0	0.0	0.034791613926	0.0	0.0	0.0	0.000204851839	0.0	0.000582987251	3.1497648e-05	0.00070891835	0.0	0.017694215183	0.001968628896	0.014761451549	0.001086691008	0.021282943849	0.0	0.009328176802	7.8872375e-05	0.011644015733
0.000488220408	4.7247467e-05	0.0	0.0	0.0	0.0	0.0	0.0	0.0	0.0	0.0	6.3199354e-05	0.0	0.000173127382	0.0	0.000755904054	0.0	0.009217232906	0.001842641424	0.013910786699	0.000141739728	0.02085855478	0.0	0.009298462238	7.887225e-05	0.011626507001
0.001606397832	0.000567033494	0.0	0.000378139844	0.0	0.000708898266	0.0	0.005526656057	0.0	0.0	0.0	0.005482028988	0.0	0.000204718558	1.5749136e-05	0.00137103585	0.000110247072	0.009563011385	0.001622161008	0.013864331896	0.00012598872	0.020788197301	0.0	0.00920296906	1.577475e-05	0.011864703172
0.000503972352	1.5732444e-05	0.0	0.0	0.0	0.0	0.0	0.0	0.0	9.4495635e-05	0.0	4.7333548e-05	0.0	0.000236346622	0.0	0.000818946786	0.0	0.009375192444	0.001826920368	0.014903295682	9.4494192e-05	0.020935758882	0.0	0.0090441703	4.7321875e-05	0.011883647409
0.001637894232	0.000488833575	0.0	0.000346611236	0.0	0.000693899594	0.0	0.005999498498	0.0	3.1506047e-05	0.0	0.005417725881	0.0	0.00022048022	3.1497648e-05	0.001354107159	9.4497312e-05	0.009486394125	0.00163789704	0.013882059836	9.4491072e-05	0.020774870142	0.0	0.009063235273	1.5774e-05	0.011962189296
0.000503973288	7.8904676e-05	0.0	0.0	0.0	0.0	0.0	0.0	0.0	3.1482297e-05	0.0	4.7399474e-05	0.0	0.000173347953	0.0	0.000803126795	0.0	0.009233129021	0.001779667344	0.013973311913	0.000157495104	0.020771179963	0.0	0.009121510784	7.887175e-05	0.011834990691
0.00179537904	0.000536120219	0.0	0.000330668445	0.0	0.00166958303	0.0	0.005684453084	0.0	0.0	0.0	0.005328345192	0.0	0.000173264645	1.5749136e-05	0.001291449493	9.449232e-05	0.009281732017	0.001874157792	0.015137544966	0.000141740976	0.020883469361	0.0	0.009315491533	6.3098125e-05	0.011597960152
0.000503968608	4.7253605e-05	0.0	0.0	0.0	0.0	0.0	0.0	0.0	0.0	0.0	6.3201678e-05	0.0	0.000173127382	0.0	0.000740161164	0.0	0.009059057907	0.001842640176	0.013944082879	0.000125991216	0.020860817249	0.0	0.00932890965	7.887225e-05	0.011565346372
0.004897932624	0.011769564767	0.0009449388	0.015130592508	6.2996544e-05	0.002474764979	0.001070923464	0.053902888137	0.0	0.002522135925	0.0	0.054943153981	1.5750384e-05	0.009861809063	0.002047411392	0.049044538144	0.001228421376	0.014951515977	0.002850596736	0.036046497982	0.000929206512	0.02467855675	3.1497336e-05	0.009279051468	0.0004259105	0.01266999665
0.006866798328	0.011659401281	0.00096072912	0.015932775336	0.000110243016	0.002520658957	0.001039440168	0.062674304448	3.1499208e-05	0.005672200324	0.0	0.064517871309	0.002661642048	0.022151065881	0.004772056224	0.051959609351	0.002661611472	0.036296233738	0.004913736672	0.040253877685	0.004283715072	0.02974358614	0.001732434288	0.009597711089	0.00102534	0.012400755988
0.004661694648	0.011716606968	0.0009449388	0.014923255106	4.7245536e-05	0.006887623537	0.001039477608	0.054437726444	0.0	0.002522036401	0.0	0.055100880356	3.1497648e-05	0.009956532274	0.002031660384	0.049063000955	0.001244182368	0.014888767735	0.00278760768	0.036146026372	0.000944933808	0.024671468801	4.7248032e-05	0.009325302493	0.000425890875	0.012619802465
0.00732353544	0.011768142991	0.000976480128	0.023085184858	0.000125992152	0.002489387633	0.001023691968	0.067936234863	0.0	0.005703665734	0.0	0.06447925914	0.002645894784	0.031053727474	0.004819303008	0.055740022803	0.003260083632	0.054413210966	0.0048822384	0.043167960043	0.0042995316	0.033979886263	0.002204920224	0.009721763195	0.00102534025	0.012573983491
0.000503972352	6.3137281e-05	0.0	0.0	0.0	0.0	0.0	0.0	0.0	9.4518211e-05	0.0	4.7392072e-05	0.0	0.000173169265	0.0	0.000850402485	1.5750384e-05	0.009295381871	0.001779671088	0.013831836934	0.000125997456	0.020779410521	0.0	0.009144583828	7.8872125e-05	0.011931274227
0.004598696232	0.014322558291	0.002393840592	0.014973072041	0.000125987472	0.012448317248	0.001055217384	0.054471483049	0.0	0.002600430916	0.0	0.055322450391	3.1497648e-05	0.010018299236	0.002031618576	0.049096202631	0.001181187072	0.014665622427	0.002929344288	0.036090908919	0.000960681696	0.024652782287	4.7248032e-05	0.009532319355	0.000410115875	0.012622348301
0.0	0.0	0.0	0.0	0.0	0.0	0.0	0.0	0.0	0.0	0.0	0.000110529965	0.0	0.000204650872	0.0	0.000724656615	0.0	0.010415320893	0.00165368112	0.014934570487	0.000110247072	0.020755032111	0.0	0.0091559546	1.5774125e-05	0.01184913071
0.000503968608	6.3221201e-05	0.0	0.0	0.0	0.0	0.0	0.0	0.0	0.0	0.0	6.3201678e-05	0.0	0.000157607157	0.0	0.000755868155	0.0	0.009249808187	0.0018584124	0.013959958366	0.000141740976	0.020647152775	0.0	0.009268545369	7.8869625e-05	0.011693158081
0.006299816328	0.011863554056	0.000944979048	0.01505197948	9.4494816e-05	0.00248954246	0.001055188368	0.054405451368	1.5749136e-05	0.004617274134	0.0	0.064508807511	0.002677393056	0.01611713538	0.002819140272	0.049155491539	0.001133938416	0.028987070376	0.004897983792	0.039403505467	0.00426796656	0.026953796727	0.001133958072	0.00957776897	0.00059942775	0.012353678913
0.004866438096	0.011749407959	0.0009291906	0.015162653806	6.2996544e-05	0.00249036416	0.001196916552	0.053952140485	3.1498272e-05	0.002553803483	0.0	0.055254951635	3.1500768e-05	0.010066801417	0.001921425168	0.049031600749	0.001291418544	0.014905260369	0.002882098752	0.036111084232	0.000897710736	0.02481132507	4.7245848e-05	0.009440221289	0.000410131875	0.012718399724
0.000519717744	6.3155114e-05	0.0	0.0	0.0	0.0	0.0	0.0	0.0	0.0	0.0	6.3201678e-05	0.0	0.000173131258	0.0	0.000802998573	0.0	0.009250095382	0.001826916624	0.013878629147	0.000141739728	0.020803640307	0.0	0.009138863722	7.8869375e-05	0.01169250196
0.00181114128	0.000598923781	0.0	0.000299377532	0.0	0.000646166262	0.0	0.005622843539	0.0	0.0	0.0	0.005373894272	0.0	0.000157354778	3.1498272e-05	0.001291859783	9.4501056e-05	0.009295675588	0.001858408656	0.013929033868	0.0001417416	0.020727256873	0.0	0.009296321297	7.8871125e-05	0.011611391019
0.002362437792	3.152956e-05	1.5751008e-05	0.023051143301	0.000141740352	3.1556574e-05	0.001055192112	0.068025413516	0.0	0.00434958145	0.0	0.055957264944	0.002661648288	0.017315454469	0.003086880576	0.003734447947	0.000330734976	0.043341734223	0.0020158788	0.01770761153	0.00196867632	0.030897744377	0.001496191632	0.00934048743	0.0	0.012590078359
0.005165850456	0.011812852149	0.00096072912	0.015176750743	0.000110243016	0.002475156603	0.001023678864	0.054471053606	0.0	0.00255340026	0.0	0.055385557756	0.0	0.012965860524	0.00201591624	0.049159912915	0.001244184864	0.024751897065	0.004897977552	0.036652065024	0.002409589104	0.024888172508	4.7248032e-05	0.009586131262	0.000536328125	0.012416165732
0.004976675496	0.011973566772	0.0009449388	0.015162016583	7.8744744e-05	0.002443803522	0.000992182464	0.054250770044	1.5749136e-05	0.002553380249	0.0	0.055359207385	1.5750384e-05	0.01001895978	0.002031651648	0.048972710625	0.001291429152	0.014746327079	0.00299231088	0.036063391163	0.0008504652	0.024796938566	4.7245536e-05	0.009518096919	0.00048900425	0.012578910599
0.0	0.0	0.0	0.0	0.0	0.0	0.0	0.0	0.0	0.0	0.0	7.8948612e-05	0.0	0.000204661616	0.0	0.000693009155	0.0	0.010461144834	0.00165367176	0.014870355098	0.000125996832	0.020882698032	0.0	0.009202958848	1.577425e-05	0.01191385219
0.005717081448	0.011911169007	0.000960727248	0.015003853873	0.000110243016	0.002537135252	0.0010236798	0.054391225133	0.0	0.002553486262	0.0	0.05847435914	3.14964e-05	0.01307636931	0.002000165232	0.049123966204	0.001165437312	0.027475461296	0.004882231536	0.038005993763	0.004267965312	0.025347922018	0.000220493832	0.00951797518	0.0005678775	0.012321656537
0.0	0.0	0.0	0.0	0.0	0.0	0.0	0.0	0.0	0.0	0.0	0.000110500646	0.0	0.000204640832	0.0	0.000740394555	0.0	0.010446490174	0.001637930112	0.020844605196	0.000110245824	0.020712770578	0.0	0.009157632991	1.577425e-05	0.011866532392
0.000503968608	4.7388102e-05	0.0	0.0	0.0	0.0	0.0	0.0	0.0	0.0	0.0	6.3200516e-05	0.0	0.000173290877	0.0	0.000740473464	1.5750384e-05	0.009107963448	0.0018426408	0.01392849623	0.000125990592	0.020845861579	0.0	0.009390981915	1.5774875e-05	0.011691934178
0.002677419576	0.0	0.0	0.006417733092	0.0	0.0	0.0	0.05057372556	0.0	3.15041e-05	0.0	0.002977356804	0.0	0.000724841412	1.5748512e-05	0.00151313174	0.0	0.019300338492	0.00196862952	0.015469575108	0.001086691632	0.023455161749	0.000330732792	0.00945549884	7.8872375e-05	0.012051957828
0.004504206096	0.012446023284	0.001417407264	0.01484646697	3.14964e-05	0.007802543289	0.001086720336	0.054529068554	0.0	0.002522048594	0.0	0.055243675571	3.1497648e-05	0.010003058114	0.002031605472	0.0490611458	0.001212692832	0.014808064507	0.002866358352	0.036124602126	0.000929188416	0.024701380382	4.7247408e-05	0.009550281003	0.00044165425	0.012637576268
0.000488220408	3.1418774e-05	0.0	0.0	0.0	0.0	0.0	0.0	0.0	0.0	0.0	9.475506e-05	0.0	0.000188938817	0.0	0.000787491843	0.0	0.009155171061	0.00188989008	0.013957506298	0.00012598872	0.020824563335	0.0	0.009152351267	0.0	0.011848494354
0.000503963928	3.1510776e-05	0.0	0.0	0.0	0.0	0.0	0.0	0.0	6.3048019e-05	0.0	3.1509976e-05	0.0	0.000204851731	0.0	0.001040292864	0.0	0.009390279415	0.001748172816	0.031161774481	0.00012599184	0.020740367845	0.0	0.009079156652	3.154825e-05	0.011929892795
0.000503972352	3.1673532e-05	0.0	0.0	0.0	0.0	0.0	0.0	0.0	7.8806259e-05	0.0	6.305709e-05	0.0	0.000220578211	0.0	0.000787427375	0.0	0.009343656227	0.001763926944	0.027697170946	0.00012599184	0.020726458844	0.0	0.009028357083	3.1548e-05	0.011899751419
0.000850499208	1.5799337e-05	0.0	0.000756261431	0.0	0.0	0.0	0.006346018533	0.0	0.0	0.0	0.000409640813	0.0	0.000204758096	0.0	0.000787228171	0.0	0.012115587748	0.001700901072	0.013928049203	0.00012598872	0.020686531449	0.0	0.009123804216	1.5774e-05	0.0119125241
0.000850499208	1.5848344e-05	0.0	0.001023353986	0.0	0.0	0.0	0.007335727219	0.0	0.0	0.0	0.000693024421	0.0	0.000252150915	3.1498272e-05	0.000756083339	0.0	0.016008304115	0.001748147856	0.013911541684	0.000141737232	0.020623985252	0.0	0.009266052748	0.0	0.012007425683
0.002677380264	0.000692995494	0.0	0.013996856505	0.0	0.000724054951	0.0	0.062483744568	1.5749136e-05	0.000110262147	0.0	0.032392673419	7.8743808e-05	0.003560725819	0.002299423152	0.003925529348	9.449856e-05	0.029557864448	0.001905623616	0.015596747428	0.001527668064	0.026387445009	0.000566969208	0.009123616274	6.309625e-05	0.012403357354
0.001322931168	0.001938403747	0.0	0.0	0.0	0.003605824203	0.0	0.0	0.0	4.7271141e-05	0.0	4.7302252e-05	0.0	0.000204823901	0.0	0.01121959674	0.0	0.009452630623	0.00212616144	0.033404597831	0.000110245824	0.020945596018	0.0	0.009454312499	4.7322375e-05	0.012008197219
0.0	0.000708825667	0.0	0.0	0.0	0.002094827306	0.0	0.0	0.0	0.000362366954	0.0	7.8957763e-05	0.0	0.000236341464	0.0	0.016433621557	0.000141749088	0.010649084352	0.002693129088	0.035587773727	0.00014174472	0.023331293974	0.0	0.010117633015	0.0001419695	0.012383766826
0.0	0.0	0.0	3.1677202e-05	0.0	0.0	0.0	0.0	0.0	0.0	0.0	4.7400968e-05	0.0	0.000157606448	0.0	0.000677283936	0.0	0.010383011449	0.00185838432	0.013947265478	0.000141740352	0.020872352056	0.0	0.009236388772	7.8873e-05	0.011769091472
0.00162215352	0.000520708405	0.0	0.000346963383	0.0	0.000709573129	0.0	0.006189546192	0.0	6.3041682e-05	0.0	0.00592164616	0.0	0.000204691599	3.1497648e-05	0.001386097821	7.87488e-05	0.010494413134	0.001716635232	0.013945598084	0.00011024208	0.020783451853	0.0	0.009090879476	1.5774e-05	0.011931740729
0.004787683992	0.011748908673	0.000960686064	0.014847246963	4.7247408e-05	0.00258601265	0.0010394748	0.054104264883	1.5749136e-05	0.002506319407	0.0	0.055033065774	3.1497648e-05	0.009877206707	0.002047408896	0.048983191751	0.001212670368	0.014872950449	0.002787596448	0.036061997583	0.0009449544	0.024683546262	6.2997168e-05	0.009471364829	0.000457442625	0.012606745318
0.004897940112	0.011782169715	0.00100793628	0.015131451253	9.4494816e-05	0.002506134491	0.001023678864	0.054407022895	3.1498272e-05	0.002553305075	0.0	0.055219983139	1.5750384e-05	0.009987717073	0.002015891904	0.049018962891	0.001307174544	0.014636578002	0.003055314288	0.036068314697	0.000897712608	0.024659717392	3.1499208e-05	0.009546804315	0.00053632825	0.012449213537
0.002614382784	0.000519711606	0.0	0.003578129841	0.0	0.000693362973	0.0	0.035451819054	0.0	9.4495882e-05	0.0	0.018330675974	1.5748512e-05	0.001701928271	0.000834726048	0.001986154892	9.449856e-05	0.017754971021	0.001874124096	0.014838852665	0.001055192112	0.021248474312	0.0	0.00915413818	4.7322125e-05	0.011882719449
0.0	0.0	0.0	0.0	0.0	0.0	0.0	0.0	0.0	0.0	0.0	4.7398777e-05	0.0	0.000157463468	0.0	0.000708588714	0.0	0.010352956203	0.001874131584	0.013929611482	0.000157488864	0.020738222454	1.5749136e-05	0.009200278613	6.3098e-05	0.011801016718
0.004913685504	0.011825945926	0.0009291906	0.015162575835	7.874568e-05	0.002537831213	0.001118172744	0.054000933674	1.5749136e-05	0.002537877765	0.0	0.055258863867	3.1500768e-05	0.010130355108	0.001937174928	0.048953042482	0.001291419168	0.014826320079	0.002960820096	0.03627046192	0.000866213712	0.024750025566	3.1497648e-05	0.009515552722	0.000425907375	0.012686484819
0.001543402224	0.000535754219	0.0	0.000331305672	0.0	0.000615040064	0.0	0.005623322243	0.0	0.0	0.0	0.005404792578	0.0	0.000141670315	1.5749136e-05	0.001386552909	6.2999664e-05	0.009107152	0.001842661392	0.013926347508	0.0001102452	0.020857600129	0.0	0.009328857802	1.5774875e-05	0.01178315728
0.004976678304	0.011895841775	0.001007935344	0.015100733541	9.449388e-05	0.002506727804	0.001039429872	0.054377833364	3.14964e-05	0.002553424685	0.0	0.055282810217	1.5750384e-05	0.010019613011	0.00203164728	0.04903359991	0.001291426656	0.014619715797	0.003008062512	0.036036290085	0.000913462992	0.024666119059	3.1496088e-05	0.009422960382	0.000520552875	0.01248263104
0.001559152296	0.000552060774	0.0	0.000331012917	0.0	0.000709321609	0.0	0.005527869371	0.0	0.0	0.0	0.00546711185	0.0	0.000189090739	1.5749136e-05	0.001245176107	9.4497312e-05	0.009359720987	0.001732399344	0.013894530963	0.000125987472	0.02084108331	0.0	0.009139135676	1.577475e-05	0.011896460893
0.005087102904	0.011841725342	0.000976479192	0.015160741593	0.000110243952	0.002490880839	0.001007930664	0.054424386988	0.0	0.002537488562	0.0	0.055243510558	0.0	0.012807855999	0.00201591624	0.048894373435	0.00127568064	0.019395555922	0.004409749344	0.036111405256	0.00094494192	0.024677716097	6.299748e-05	0.009596276339	0.00055210175	0.012480405422
0.002645878248	0.000456925197	0.0	0.006479726923	0.0	0.000724320654	0.0	0.052669628205	0.0	9.4547505e-05	0.0	0.019403778024	7.8743808e-05	0.002142938929	0.000944978112	0.00326418503	9.449856e-05	0.019520445606	0.001889875104	0.015564523211	0.001007945952	0.023432654764	0.000409476912	0.009142587592	6.309625e-05	0.012371145296
0.001795396824	0.001104018874	0.0	0.00029993975	0.0	0.001638049348	0.0	0.005669782231	0.0	0.0	0.0	0.005283279374	0.0	0.000189007589	1.5748512e-05	0.001291669299	9.4493568e-05	0.009249007075	0.001842671376	0.015075454742	0.0001417416	0.020788054274	0.0	0.009345101046	7.887175e-05	0.011724577447
0.00245690172	6.291282e-05	0.0	0.01410627223	0.0	0.0	0.0	0.0624329728	0.0	1.5777125e-05	0.0	0.027693878897	0.0	0.002111077772	0.000881962848	0.00228539723	7.8746304e-05	0.029998814198	0.001700898576	0.015612335683	0.00159066336	0.026417970208	0.0005197218	0.009185559425	1.5774e-05	0.01251286628
