0.0	0.0	0.0	0.0	0.0	0.0	0.0	0.0	0.0	0.0	0.0	7.7951161e-05	0.0	0.001224708905	0.0	0.002529920023	0.0	0.012569161248	0.000345051408	0.014586842573	0.0	0.024383252357	0.000278271864	0.006446969998	0.0006800835	0.006392499297
0.0	2.2291339e-05	0.0	0.014664709354	0.0	0.000334224505	0.0	0.04530166379	0.0	0.0	0.0	0.01980012126	0.0	0.002671693267	0.000133575936	0.003611295457	0.0	0.045169636009	0.000923858832	0.019296811842	0.001870011936	0.031194314236	0.001413633624	0.006513129664	0.000657776	0.006527011387
0.0	0.0	0.0	0.0	0.0	0.0	0.0	0.001336694534	0.0	0.0	0.0	0.000924664767	0.0	4.449703e-05	0.0	0.003086697596	0.0	0.01226087113	0.00035619168	0.014988444297	0.0	0.02445068982	0.000278281848	0.006444581396	0.000646633125	0.006414931657
0.0	0.0	0.0	0.0	0.0	0.0	0.0	6.6945846e-05	0.0	0.0	0.0	7.8048101e-05	0.0	4.4550944e-05	0.0	0.002406096374	0.0	0.012346068146	0.00035619792	0.014520037164	0.0	0.024486130655	0.000289406832	0.006269157348	0.00061319725	0.006425802311
0.0	0.0	0.0	0.0	0.0	0.0	0.0	0.001448255354	0.0	0.0	0.0	0.000912718228	0.0	4.4517677e-05	0.0	0.003211410712	0.0	0.012102511029	0.000367315104	0.014553420587	0.0	0.024451116591	0.000311668344	0.006368893109	0.000602039	0.006414938246
0.0	0.0	0.0	0.0	0.0	0.0	0.0	0.0	0.0	0.0	0.0	6.6799987e-05	0.0	0.001213421928	0.0	0.002418332005	0.0	0.012538391418	0.00036732384	0.014642661028	0.0	0.024470010362	0.000289407456	0.00643411623	0.0006578025	0.006391796697
0.0	0.0	0.0	0.0	0.0	0.0	0.0	0.0	0.0	0.0	0.0	8.9112092e-05	0.0	0.001235571235	0.0	0.002473157408	0.0	0.012470221094	0.000356191056	0.01458714038	0.0	0.024437702055	0.000278276544	0.006424871405	0.000635497625	0.006347898198
0.0002782728	0.003561787018	0.0	0.007647436975	0.0	0.000133707619	0.0	0.032787335272	0.000656722872	0.000968663248	0.001012944816	0.038173770293	5.5658304e-05	0.001168962129	0.000968399952	0.042362409377	0.0	0.012859876255	0.000857087088	0.034153696756	3.3392736e-05	0.024549708011	0.000300538992	0.006389158806	0.00063550125	0.006394247166
0.0	0.0	0.0	0.0	0.0	0.0	0.0	0.0013142856	0.0	0.0	0.0	0.001002827449	0.0	5.5626936e-05	0.0	0.003220376138	0.0	0.012137014967	0.000356197296	0.01453314808	0.0	0.02444043758	0.000278277168	0.006380849313	0.00065779975	0.006402958713
0.0	0.0	0.0	0.0	0.0	0.0	0.0	0.001291642649	0.0	0.0	0.0	0.000957426917	0.0	5.5680085e-05	0.0	0.003165017884	0.0	0.012247416805	0.000378456624	0.014520365589	0.0	0.024507364561	0.000289406832	0.006292171611	0.000579752875	0.006459722002
0.0	0.0	0.0	0.001658162996	0.0	0.0	0.0	0.002907249468	0.000122440032	0.0	0.0	0.001826831338	0.0	0.000100149374	0.0	0.00313275564	0.0	0.012414863331	0.000345050784	0.014621037105	0.0	0.024483502015	0.0002671422	0.006380619826	0.00065777675	0.00637145371
0.0	0.0	0.0	0.00575611541	0.0	0.0	0.0	0.03826249846	0.0	0.0	0.0	0.00189325613	0.0	0.002093032947	0.0	0.003053878374	0.0	0.02447034402	0.000690119664	0.015577473034	0.001747566288	0.028544400242	0.001012917672	0.006367998644	0.000668923625	0.006503761048
0.0	0.0	0.0	0.0	0.0	0.0	0.0	0.0	0.0	0.0	0.0	7.8066636e-05	0.0	0.001235518756	0.0	0.002496942646	0.0	0.012535971231	0.000345063888	0.014597207081	0.0	0.024402207383	0.000267143136	0.00627004938	0.00064664975	0.006371790265
0.0	0.0	0.0	0.0	0.0	0.0	0.0	6.701581e-05	0.0	0.0	0.0	7.7981255e-05	0.0	5.5664168e-05	0.0	0.002495323579	0.0	0.012415158936	0.000367318224	0.015023290778	0.0	0.024529507183	0.000244888176	0.006345625069	0.000668929625	0.006482422124
0.0	2.2374456e-05	0.0	0.0	0.0	0.004832126907	0.0	3.3376832e-05	0.0	0.001359355852	0.0	0.000144954836	0.0	0.001892470003	0.0	0.022426554023	0.0	0.012359782877	0.000356195424	0.033488691628	1.1130912e-05	0.024449023343	0.000278271864	0.006457618395	0.000657780875	0.006337847598
0.0	0.0	0.0	0.0	0.0	0.0	0.0	7.8057558e-05	0.0	0.0	0.0	0.000100282331	0.0	5.5660382e-05	0.0	0.002495549953	0.0	0.012057226144	0.000356189808	0.014567014181	0.0	0.024395852459	0.000267143448	0.006358572653	0.0006577885	0.006381414505
0.000289404648	0.00624507286	0.0	0.007648856717	0.0	0.00072316291	0.0	0.032664985674	0.000411855912	0.000879922021	0.000968415552	0.038075396412	5.5653936e-05	0.001101723431	0.00100180704	0.042381043993	0.0	0.012851943693	0.000779175072	0.034220979354	2.2262448e-05	0.024449052679	0.000289404024	0.006456793828	0.000624335375	0.006414560528
0.0	0.0	0.0	0.0	0.0	0.0	0.0	0.0	0.0	0.0	0.0	7.7982941e-05	0.0	0.001246742104	0.0	0.002451059044	0.0	0.012659212365	0.00036732072	0.014766550268	0.0	0.024572236628	0.000278284344	0.006379042354	0.000602043375	0.006426303765
0.0	0.0	0.0	0.0	0.0	0.0	0.0	6.6869253e-05	0.0	0.0	0.0	6.6777191e-05	0.0	4.4484879e-05	0.0	0.002362704189	0.0	0.012270378611	0.000378446016	0.014574752794	0.0	0.0244169615	0.000289404648	0.006445883952	0.00065778925	0.006392909375
0.0	0.0	0.0	2.2185975e-05	0.0	0.0	0.0	1.111341e-05	0.0	0.0	0.0	5.5653249e-05	0.0	0.001235150575	0.0	0.002475219568	0.0	0.012302062509	0.00038957568	0.014553220238	0.0	0.024538696243	0.0002894034	0.006435512699	0.000668923875	0.006349678176
0.0	0.0	0.0	2.234536e-05	0.0	0.0	0.0	0.002116649916	0.0	0.0	0.0	0.001380897343	0.0	6.6808916e-05	0.0	0.003222359122	0.0	0.012615396843	0.000367313856	0.014532077732	0.0	0.024461954442	0.000233751024	0.006401128063	0.0006577745	0.006492557645
0.0	0.0	0.0	0.0	0.0	0.0	0.0	0.0	0.0	0.000289709437	0.0	7.7917527e-05	0.0	0.001224310508	0.0	0.002885393878	0.0	0.012404048012	0.000378448512	0.030245869913	0.0	0.024482922341	0.000300535248	0.006490572936	0.00064663875	0.006348368636
0.000189224568	0.003527286932	0.0	0.007636076948	0.0	0.000111382365	0.0	0.03269678044	0.00048975732	0.000991002844	0.000923895648	0.0381710143	7.7921376e-05	0.001224503253	0.00095725968	0.042477631355	1.1131536e-05	0.013026721731	0.00081255096	0.034242438035	1.1130912e-05	0.024349116828	0.000267141888	0.006391088009	0.00068007125	0.006438004566
0.0	2.2189068e-05	0.0	0.014563458374	0.0	0.000668332959	0.0	0.051213943923	0.000267140952	0.0	0.0	0.045598599766	0.0	0.002583003107	7.7920752e-05	0.006128189261	0.0	0.045212031396	0.000857075232	0.019330065382	0.001914531216	0.031191529585	0.001447028856	0.006401395101	0.000613180375	0.006560585062
0.0	0.0	0.0	0.001669837181	0.0	0.0	0.0	0.001794143977	0.0	0.0	0.0	0.000189260276	0.0	7.7915984e-05	0.0	0.002385667254	0.0	0.012625358419	0.000356181072	0.014563604892	0.0	0.024425512197	0.000267143448	0.006290369577	0.000635477125	0.006382822264
0.0	0.0	0.0	2.2243564e-05	0.0	0.0	0.0	0.000579672027	0.0	0.0	0.0	5.5677256e-05	0.0	0.001235680775	0.0	0.002497563079	0.0	0.012506122982	0.000367313856	0.01463123139	0.0	0.024491360085	0.000289404336	0.006413017507	0.000646625875	0.006381823427
0.0	0.0	0.0	0.0	0.0	0.003485525997	0.0	0.0	0.0	0.000245131951	0.0	6.6852296e-05	0.0	0.001491617607	0.0	0.006258823275	0.0	0.012548113829	0.000356196048	0.032247879258	0.0	0.024448310547	0.000289402152	0.006479613444	0.000635484	0.006403040882
0.0	0.0	0.0	2.2196982e-05	0.0	0.0	0.0	0.000768857371	0.0	0.0	0.0	5.5679237e-05	0.0	6.6803008e-05	0.0	0.002542328931	0.0	0.012538054032	0.00036731448	0.014609698207	0.0	0.024469864332	0.000289406208	0.006357763485	0.000602030125	0.006383077797
0.000178093656	0.012815943815	0.0	0.000267708456	0.0	0.006703665998	0.0	0.001459623741	0.00022261824	0.006913968707	0.0	0.00092455997	0.0	0.001013060973	0.000545409072	0.02608976913	0.0	0.012751456479	0.000489767616	0.035198179426	2.2261824e-05	0.024460092377	0.000289407144	0.006747572228	0.00064663925	0.006370252409
0.0	0.0	0.0	0.0	0.0	0.0	0.0	0.0	0.0	0.0	0.0	6.6889772e-05	0.0	0.001201980187	0.0	0.002551543184	1.1131536e-05	0.012680752144	0.000356192928	0.014531781061	0.0	0.024403005466	0.000300538368	0.006402637381	0.000680094875	0.006469213819
0.0	0.0	0.0	0.0	0.0	0.0	0.0	0.0	0.0	0.0	0.0	6.6882186e-05	0.0	0.001258227352	0.0	0.00245116665	0.0	0.012558241655	0.000367325712	0.01455271762	0.0	0.024561932904	0.000289406208	0.006379727424	0.000579752	0.006482712406
0.00022261824	0.003573498557	0.0	0.007581593466	0.0	6.6774849e-05	0.0	0.032775470434	0.00053429688	0.000990824579	0.000935039664	0.038152235176	6.678984e-05	0.001146632383	0.000968420544	0.042429256241	1.1131536e-05	0.012848101197	0.000834820896	0.034254041929	1.1130912e-05	0.024551270564	0.000233752896	0.006291307762	0.000657794	0.006482270586
0.002560125672	0.011098715409	0.002738226816	0.015188198405	0.0	0.020024013333	0.0	0.032761044788	0.000534288456	0.002661826056	0.000957248136	0.038145399764	5.5652064e-05	0.001157389447	0.000990644928	0.042382367829	1.1131536e-05	0.012784952572	0.00084595992	0.034121843643	2.2262448e-05	0.024482345826	0.0002560116	0.006480646914	0.000624334	0.006449089597
0.0	0.0	0.0	0.006748200653	0.0	0.0	0.0	0.038853789577	0.0	0.0	0.0	0.002049128046	0.0	0.002193602307	0.0	0.002931853546	0.0	0.024428948383	0.000768032304	0.015677793549	0.001691914848	0.028411675345	0.001068572544	0.006379641961	0.000646627125	0.006425530475
0.0	0.0	0.0	0.0	0.0	0.0	0.0	0.0	0.0	0.0	0.0	6.6847495e-05	0.0	0.001235779156	0.0	0.002784456584	0.0	0.012549913769	0.000378451008	0.025688579142	0.0	0.02446982608	0.000289406208	0.006390979428	0.000590893625	0.006426315625
0.000311665536	0.003628820177	0.0	0.007648299911	0.0	0.000133669926	0.0	0.032654240445	0.0005899374	0.000968884654	0.000968423976	0.038117147506	5.5658304e-05	0.001146644436	0.000979523376	0.042429477955	1.1131536e-05	0.012781047468	0.000834810912	0.034174714327	0.0	0.02452930222	0.000289404336	0.006313027345	0.000579740375	0.006471847387
0.0	0.0	0.0	0.002582826752	0.0	0.0	0.0	0.014596033622	0.0	0.0	0.0	0.00085731429	0.0	8.9041893e-05	0.0	0.002418812083	0.0	0.015666851873	0.000701233728	0.014542927526	0.0	0.024718110419	0.000233749776	0.006423378612	0.000691220875	0.006403624714
0.0	0.0	0.0	0.001635571245	0.0	0.0	0.0	0.000768629444	0.0	0.0	0.0	0.000200389592	0.0	0.001290915032	0.0	0.002452784681	0.0	0.012594204005	0.000367311984	0.014564401378	0.0	0.024505572091	0.000278274048	0.006302325516	0.00060202975	0.006337804437
0.0	0.0	0.0	0.0	0.0	0.0	0.0	0.001404165899	0.0	0.0	0.0	0.000935672906	0.0	4.4535294e-05	0.0	0.003144136764	0.0	0.012237792341	0.000367316352	0.014619436034	0.0	0.024525649086	0.000289405896	0.006390905458	0.000646640625	0.006403753643
0.0	0.000445164077	0.0	0.0	0.0	0.0	0.0	0.001258474546	0.0	0.0	0.0	0.001003490679	0.0	3.3420317e-05	0.0	0.003252555113	0.0	0.012314127018	0.000356184192	0.030173181497	0.0	0.024492035633	0.000267145008	0.006323018545	0.000602041625	0.006460239589
0.00016696368	0.003604818655	0.0	0.007647614849	0.0	8.9113803e-05	0.0	0.032744070159	0.0005120388	0.000979725113	0.000912775968	0.038161467793	6.678984e-05	0.001168808718	0.000968419296	0.042483244684	1.1131536e-05	0.012836497085	0.000834825888	0.03425012992	0.0	0.024451008639	0.00024488412	0.006346539224	0.000657796625	0.006392933673
0.000267140016	0.003449569212	0.0	0.007681788284	0.0	0.00011141128	0.0	0.032651568815	0.000445232736	0.000935322862	0.00094611348	0.038150248925	7.791888e-05	0.001814559836	0.000968393712	0.042426565369	0.0	0.013004554585	0.00080141568	0.034318102916	1.1130912e-05	0.024459998778	0.000278273112	0.00645814188	0.00062432875	0.006347956827
0.0	0.0	0.0	0.0	0.0	0.0	0.0	0.001381246257	0.0	0.0	0.0	0.000935818066	0.0	4.4487829e-05	0.0	0.003177456678	0.0	0.012192978969	0.000400719072	0.014675312499	0.0	0.024394143548	0.000289408392	0.006445010874	0.000635496125	0.006370846406
0.00028940184	0.003582573172	0.0	0.007693454741	0.0	0.000111406323	0.0	0.032777339526	0.000645606	0.000980002329	0.000990679248	0.038233897693	4.45224e-05	0.001146232588	0.000990676128	0.042470987724	0.0	0.012803583621	0.000845949312	0.034309452599	3.339336e-05	0.024517437343	0.000300537432	0.006390884772	0.0006020475	0.00642697933
0.00017809272	0.003550231686	0.0	0.007636786235	0.0	0.000100350026	0.0	0.032608409519	0.000445233672	0.000991232231	0.000912718872	0.03796125303	7.7921376e-05	0.001157759855	0.000935000976	0.042429241407	2.2263072e-05	0.01312607825	0.000790288512	0.034168700882	1.1130912e-05	0.024436040723	0.0002894034	0.006446147756	0.0006577745	0.006458087558
0.0	0.0	0.0	0.0	0.0	0.0	0.0	0.001370020015	0.0	0.0	0.0	0.000936168673	0.0	3.3361088e-05	0.0	0.003152363096	0.0	0.012114054403	0.000367325088	0.014822575909	0.0	0.024482710005	0.000278282784	0.00649030943	0.000635483875	0.006416069888
0.0	0.0	0.0	0.0	0.0	0.0	0.0	7.8031677e-05	0.0	0.0	0.0	5.5721601e-05	0.0	4.4535294e-05	0.0	0.002473473013	0.0	0.012167926769	0.00037844976	0.0145551081	0.0	0.024439929848	0.000322801752	0.006389285614	0.0006466525	0.006371525324
0.002615762448	0.034176336043	0.00407400084	0.019677334089	0.004285482552	0.029544227102	0.003918125016	0.034130210789	0.004207588632	0.009688398179	0.001391364936	0.038188173863	6.67836e-05	0.001257614966	0.000968384352	0.04249329732	0.0	0.012850955747	0.000857095824	0.035355187831	1.1130912e-05	0.024505589183	0.000300538056	0.006791856094	0.00059089125	0.006481887536
0.0	0.0	0.0	0.00460965648	0.0	0.0	0.0	0.024860023793	0.0	0.0	0.0	0.001548286371	0.0	7.7845659e-05	0.0	0.002508467905	0.0	0.018115134022	0.000701248704	0.015211291559	0.00094613688	0.025630229852	0.000289404024	0.006413682179	0.00069122075	0.006480352128
0.0	0.0	0.0	2.23624e-05	0.0	0.0	0.0	0.0	0.0	0.0	0.0	6.6762349e-05	0.0	0.001257784776	0.0	0.002396396712	0.0	0.012539607797	0.00036731448	0.014607768014	0.0	0.02438325066	0.000267140952	0.00646816811	0.000635478125	0.006347598599
0.0	0.0	0.0	0.0	0.0	0.0	0.0	7.7982937e-05	0.0	0.0	0.0	6.6854286e-05	0.0	3.3361088e-05	0.0	0.002474919536	0.0	0.012301527898	0.000356183568	0.014531527283	0.0	0.024448718753	0.00030053556	0.006457504591	0.00061319575	0.006314787217
0.002482185888	0.010886840009	0.00074576736	0.007604134201	0.0	0.003663882685	0.0	0.032675065567	0.00048976668	0.000968877141	0.000912723552	0.038133007744	8.9045424e-05	0.001190730194	0.000923890032	0.042393316561	1.1131536e-05	0.012784421148	0.000812560944	0.034266212235	2.2262448e-05	0.024459586034	0.0002671422	0.006400979805	0.000680084625	0.006372184186
0.0	0.0	0.0	0.002627555143	0.0	0.0	0.0	0.009151215152	0.0	0.0	0.0	0.000857395526	0.0	0.001257708027	0.0	0.002385293319	0.0	0.015909817945	0.00071236464	0.01455294516	0.0	0.024737617916	0.000289404336	0.00633509891	0.000579732875	0.006459078151
0.0	0.003119388972	0.0	6.6895739e-05	0.0	0.006726689214	0.0	0.00015589742	0.000211487328	0.006937784993	0.0	0.000624402426	0.0	0.000990685215	0.000534277536	0.026111258768	0.0	0.012617745904	0.000500901024	0.035268811705	1.1130912e-05	0.024459741339	0.000278274984	0.006836051996	0.00062433725	0.006348320997
0.0	0.0	0.0	0.0	0.0	0.0	0.0	5.5751725e-05	0.0	0.0	0.0	7.8025404e-05	0.0	4.4538008e-05	0.0	0.002963028808	0.0	0.012337338808	0.000367321968	0.02781938053	0.0	0.024493008011	0.000300536808	0.00635717437	0.000590889875	0.006459991151
0.0	0.0	0.0	0.0	0.0	0.0	0.0	6.6910741e-05	0.0	0.0	0.0	8.9112964e-05	0.0	5.5615987e-05	0.0	0.002407634881	0.0	0.012225494388	0.00034506576	0.014586604743	0.0	0.024504031395	0.000278274984	0.00632521943	0.000657798125	0.006348553528
0.0	2.215994e-05	0.0	0.0	0.0	0.004809463556	0.0	0.000111424514	0.0	0.001425996097	0.0	0.000111481138	0.0	0.000656584168	0.0	0.022371163817	0.0	0.012326423271	0.000367324464	0.03342779712	2.2261824e-05	0.02444862661	0.000289404024	0.00652350615	0.000646638125	0.006359279257
0.00028940184	0.005052386993	0.0	0.007703953097	0.0	0.00011143419	0.0	0.032667128418	0.000489775104	0.000968849205	0.001012946688	0.038143925563	5.5652688e-05	0.001146286369	0.00097954584	0.042392065791	0.0	0.01269330466	0.00084595368	0.034312368743	2.2262448e-05	0.024460641402	0.000300543672	0.006523967933	0.000646635125	0.006337220471
0.0	0.0	0.0	0.0	0.0	0.0	0.0	0.0	0.0	0.0	0.0	5.5639407e-05	0.0	0.001168627122	0.0	0.00251846531	0.0	0.012535268014	0.000378454752	0.01452101145	0.0	0.024439394293	0.000300538368	0.006489864647	0.000646647625	0.006380918561
0.0	0.0	0.0	0.002628191786	0.0	0.0	0.0	0.018049957218	0.00011130912	0.0	0.0	0.002706378398	0.0	7.7866721e-05	0.0	0.003199288263	0.0	0.015743211768	0.000779150112	0.014510086257	0.0	0.02463902	0.000300534936	0.006457402156	0.000635478	0.006380774066
0.0002782728	0.003550372821	0.0	0.007682087192	0.0	0.000111438153	0.0	0.032730617368	0.000456364584	0.000879880882	0.001012907376	0.038199384507	4.452552e-05	0.004775034679	0.001001789568	0.043730543031	0.001346856576	0.014282542057	0.001101939072	0.034174013612	3.3392736e-05	0.024439646648	0.000300535248	0.006435248278	0.00065777525	0.006347492751
0.002515580496	0.010862609242	0.001780948728	0.011679256616	0.0	0.011136211818	0.0	0.032752373735	0.000512032248	0.001280639192	0.000934995672	0.03810067267	6.6782352e-05	0.001201849252	0.000957280896	0.042379435855	1.1131536e-05	0.0128268145	0.000834834	0.034261489148	1.1130912e-05	0.024426105091	0.000233749152	0.006324704782	0.000657781875	0.006404328537
0.0	0.0	0.0	0.0	0.0	0.0	0.0	5.5786009e-05	0.0	0.0	0.0	7.8049845e-05	0.0	3.3388429e-05	0.0	0.002474276423	0.0	0.012346808009	0.000345065136	0.014508228591	0.0	0.024392957031	0.00030054024	0.006402255891	0.00068009675	0.006437184454
0.0	0.000623349642	0.0	0.0	0.0	0.004989040779	0.0	0.001448265842	0.0	0.00144831114	0.0	0.000959013775	0.0	0.000678939326	0.0	0.022672037992	0.0	0.012248571035	0.000367324464	0.033563490652	2.2261824e-05	0.024515959219	0.000300535248	0.006489789822	0.000602038125	0.006448068074
0.000189225504	0.003606018354	0.0	0.007613717955	0.0	8.9250161e-05	0.0	0.032774007744	0.000523150056	0.000957794832	0.000946161216	0.038106209331	7.7921376e-05	0.001157634178	0.00094613064	0.042419746703	1.1131536e-05	0.012826679281	0.000834814032	0.034192140312	1.1130912e-05	0.024482616044	0.000244880688	0.006336157985	0.00066892275	0.006403080453
0.000289402776	0.003551464328	0.0	0.00758234764	0.0	0.000133517447	0.0	0.032641192448	0.000612206712	0.00099088954	0.000979557696	0.038188271038	5.5658304e-05	0.001146406346	0.000979549584	0.042362623482	1.1131536e-05	0.012848883798	0.000834823392	0.03416705212	1.1130912e-05	0.024540766742	0.00027827904	0.006324648394	0.00059090025	0.006370528584
0.0	0.0	0.0	0.0	0.0	0.0	0.0	0.001649596337	0.0	0.0	0.0	6.6778846e-05	0.0	5.5664747e-05	0.0	0.002475093799	0.0	0.01252495414	0.000367315728	0.014575238114	0.0	0.024516222009	0.000289405896	0.006379115963	0.000590880375	0.00650381301
0.0	0.0	0.0	2.2132804e-05	0.0	0.0	0.0	0.000779688572	0.0	0.0	0.0	0.000189248967	0.0	0.001213036699	0.0	0.002429912769	0.0	0.012380066698	0.000367311984	0.014575091614	0.0	0.024572114334	0.000300536184	0.006378990347	0.000624327375	0.006403783302
0.0	0.0	0.0	0.0	0.0	0.0	0.0	0.0	0.0	0.0	0.0	7.8011106e-05	0.0	0.001235619641	0.0	0.002417825296	0.0	0.012447276442	0.000378447888	0.015022609846	0.0	0.024496565611	0.000300544608	0.0063780817	0.000568590875	0.006482383341
0.0	0.0	0.0	0.0	0.0	0.0	0.0	0.001325717415	0.0	0.0	0.0	0.000913860136	0.0	3.3361167e-05	0.0	0.003298959648	1.1130912e-05	0.012391756015	0.000333934848	0.014442226573	0.0	0.024458404462	0.000289408392	0.00647972753	0.000646646625	0.006370201655
0.0	0.0	0.0	0.0	0.0	0.0	0.0	0.001381693281	0.0	0.0	0.0	0.000913434369	0.0	3.3361088e-05	0.0	0.003233113806	0.0	0.012313684154	0.000389586912	0.014509381438	0.0	0.02448168612	0.000300536496	0.006424572391	0.000657799625	0.00633720973
0.0	0.0	0.0	0.0	0.0	0.0	0.0	0.001403985175	0.0	0.0	0.0	0.000946743026	0.0	2.223011e-05	0.0	0.003119370309	0.0	0.01217052466	0.000378451008	0.014565225356	0.0	0.024518678501	0.000289410264	0.006424199827	0.00063550275	0.006382165586
0.0	0.000400719286	0.0	0.0	0.0	0.003385727472	0.0	0.001369747539	0.0	0.000267443043	0.0	0.000957193516	0.0	0.00031172264	0.0	0.006436841048	0.0	0.012182911266	0.000378457872	0.03223797698	0.0	0.024551663859	0.000267143448	0.006324477879	0.00057974225	0.006459305083
0.0	0.0	0.0	0.0	0.0	0.0	0.0	0.0	0.0	0.0	0.0	8.9166352e-05	0.0	0.001235920591	0.0	0.002428495112	0.0	0.012382054597	0.00036732384	0.014555465291	0.0	0.02442973939	0.000244883808	0.006389626797	0.000668948625	0.006403732173
0.000289403712	0.003449070001	0.0	0.007658494766	0.0	0.000111435551	0.0	0.032686216659	0.00044524116	0.000979949368	0.000901635696	0.038136744331	8.9050416e-05	0.00115789516	0.000946156224	0.042449680252	1.1130912e-05	0.012672759672	0.000790305984	0.034300223006	2.2261824e-05	0.024439191893	0.000267145632	0.006435182529	0.0006466475	0.006382229037
0.000445235544	0.003605675421	0.0	0.007626767672	0.0	0.000122574573	0.0	0.032831518631	0.000656721936	0.001057804474	0.001001779272	0.050195310596	4.4526144e-05	0.004853892418	0.000990661152	0.044857156339	0.001369113408	0.023201781007	0.00300534312	0.035067909363	0.002237323296	0.025673952137	0.000311667408	0.006424181813	0.000624327125	0.006424278402
0.0	0.0	0.0	0.0	0.0	0.0	0.0	0.0	0.0	0.0	0.0	8.9170513e-05	0.0	0.001202499448	0.0	0.002372866402	0.0	0.012590148428	0.000356181696	0.014520640556	0.0	0.02454028126	0.000267145632	0.006269301122	0.000646639375	0.006381467082
0.0	0.0	0.0	0.0	0.0	0.0	0.0	0.0	0.0	0.0	0.0	0.000100281711	0.0	0.001280421203	0.0	0.002440741787	0.0	0.012471834749	0.000356182944	0.014508811652	0.0	0.024528977998	0.000256010664	0.006390264571	0.000680086	0.006416369205
0.0	0.0	0.0	0.0	0.0	0.0	0.0	0.001381595047	0.0	0.0	0.0	0.000902371774	0.0	3.3373328e-05	0.0	0.003209101798	0.0	0.012258655098	0.000378449136	0.014487136359	0.0	0.024448474447	0.00028940652	0.006422800698	0.0006354925	0.006359547762
0.0	0.0	0.0	1.1120616e-05	0.0	0.0	0.0	0.001782283576	0.0	0.0	0.0	0.00020048061	0.0	6.6815558e-05	0.0	0.002464362188	0.0	0.012782671406	0.000367311984	0.014564563667	0.0	0.024551213421	0.000267143448	0.006325053689	0.00059088125	0.006426180659
0.0002782728	0.003504662199	0.0	0.007670260564	0.0	0.000122618856	0.0	0.032677858404	0.00053428284	0.000957519668	0.001012941072	0.038217778399	4.4526144e-05	0.001157851651	0.000990679248	0.042449424356	0.0	0.012570591273	0.0008459568	0.034262819858	2.2261824e-05	0.024527897139	0.000289408392	0.006479436328	0.000635500375	0.006304065591
0.000267141888	0.003604425834	0.0	0.007660580867	0.0	0.000122625562	0.0	0.032707498318	0.000567678384	0.000990889229	0.000968424912	0.038192526288	6.6789216e-05	0.001191046114	0.00094615872	0.042449975958	1.1131536e-05	0.012858468699	0.000845951808	0.034275142184	1.113216e-05	0.024482464921	0.000289407144	0.006402428075	0.0006020495	0.006460001306
0.0	0.003072545503	0.0	0.0	0.0	0.006771328123	0.0	6.6835681e-05	0.000222617304	0.006980826508	0.0	0.000613119672	0.0	0.002215219403	0.000545410944	0.026166996188	2.2263072e-05	0.012951268296	0.000467508288	0.035243588682	1.1130912e-05	0.02443783711	0.000289403712	0.006736735473	0.000680082875	0.006404626759
0.0	0.0	0.0	0.0	0.0	0.0	0.0	0.001459309773	0.0	0.0	0.0	0.000936642922	0.0	4.4523075e-05	0.0	0.003220068285	0.0	0.012325923548	0.000367316976	0.014586969309	0.0	0.024537519203	0.000289408392	0.006313489036	0.000590901875	0.006459690149
0.0	0.0	0.0	1.1162775e-05	0.0	0.0	0.0	0.002650232964	0.0	0.0	0.0	0.001670833976	0.0	4.4533303e-05	0.0	0.003154732704	0.0	0.012603708765	0.000345052032	0.014519242173	0.0	0.024404035984	0.000289404024	0.006358693186	0.000668922875	0.00640469112
0.000545415624	0.003639297211	0.0	0.014562347894	0.0	0.000757392427	0.0	0.051243415117	0.00056767464	0.004867779648	0.00240427044	0.053445552291	0.002838399408	0.012903204847	0.002927473536	0.046253613453	0.002426575632	0.050123441164	0.00290516616	0.039759388384	0.002738217456	0.031226621266	0.001424765472	0.006290491876	0.0005685855	0.006681458792
0.0	0.0	0.0	0.0	0.0	0.0	0.0	0.0	0.0	0.0	0.0	6.6866946e-05	0.0	0.001268938312	0.0	0.00251774432	0.0	0.012538590897	0.000367325088	0.014610170207	0.0	0.024449135459	0.000289407456	0.006324859896	0.000590901	0.0064263578
0.0002782728	0.003516013899	0.0	0.007625287726	0.0	0.000111468338	0.0	0.032709951742	0.000634459176	0.000979869519	0.000979551144	0.038240986247	5.5658304e-05	0.001157901765	0.000979525872	0.042522145924	1.1131536e-05	0.012783163901	0.000834825888	0.034252190792	3.339336e-05	0.024525944772	0.000289405584	0.006369384991	0.0005909015	0.00644900902
0.0	0.0	0.0	0.0	0.0	0.0	0.0	6.6899419e-05	0.0	0.0	0.0	7.798371e-05	0.0	6.6808734e-05	0.0	0.002496104567	0.0	0.012394673968	0.000367328208	0.014610570842	0.0	0.024516328845	0.000278276232	0.006358456417	0.000613199625	0.006417228669
0.0	0.0	0.0	1.1125101e-05	0.0	0.0	0.0	0.00139235564	0.0	0.0	0.0	0.000934426909	0.0	6.6802872e-05	0.0	0.003266696897	0.0	0.012327460545	0.000356183568	0.014620289649	0.0	0.024481393409	0.00028940496	0.006325183228	0.00060203025	0.006404489076
0.0	0.0	0.0	0.0	0.0	0.0	0.0	5.5780948e-05	0.0	0.0	0.0	6.6817036e-05	0.0	3.3361669e-05	0.0	0.002539475234	0.0	0.012325238109	0.000345063264	0.014498066013	0.0	0.024449297918	0.000300539928	0.006389549838	0.000635497375	0.006436562904
0.000411842808	0.003527325758	0.0	0.007626334496	0.0	0.000122578185	0.0	0.032699224793	0.000589936464	0.001013054953	0.000990647424	0.038686609938	4.4526144e-05	0.00485380394	0.000979528992	0.044889173095	0.001335723168	0.0197950881	0.003005338752	0.034405164309	0.00055654872	0.024626324079	0.000300535248	0.006446975664	0.000635475125	0.006392312639
0.0	0.0	0.0	0.0	0.0	0.0	0.0	6.7017267e-05	0.0	0.0	0.0	8.9163961e-05	0.0	6.6788716e-05	0.0	0.002439869674	0.0	0.012158351132	0.000367328832	0.014532362403	0.0	0.024539619405	0.000244884432	0.006390042188	0.000657797125	0.006426824386
0.0	0.0	0.0	1.1167143e-05	0.0	0.0	0.0	0.001258546822	0.0	0.0	0.0	0.000945893885	0.0	4.4553883e-05	0.0	0.003189052418	0.0	0.01259149103	0.000367313856	0.014507897698	0.0	0.024517194435	0.000289405584	0.006291421854	0.000579733125	0.006450259774
0.000534283776	0.003549810954	0.0	0.008326035824	0.0	0.000133653451	0.0	0.042127021309	0.000612198288	0.002617514529	0.002426540688	0.053479084412	0.002760486144	0.008760786178	0.001357969392	0.044936770434	0.00142476672	0.029014417536	0.002949692304	0.035683221954	0.002560121616	0.028487587457	0.00102405108	0.006335217197	0.000590881125	0.006526667498
0.0	0.0	0.0	0.0	0.0	0.0	0.0	0.00129219976	0.0	0.0	0.0	0.001014032442	0.0	3.3405786e-05	0.0	0.003208564325	0.0	0.012303452145	0.000356192928	0.025670590471	0.0	0.024372454742	0.000267142824	0.006348208673	0.000680084375	0.006447078104
0.0	0.0	0.0	0.0	0.0	0.0	0.0	6.6945624e-05	0.0	0.0	0.0	7.8009366e-05	0.0	5.5701741e-05	0.0	0.00299619428	0.0	0.012226533368	0.000378447888	0.030201005153	0.0	0.024493642658	0.000289406832	0.006400492189	0.00060204225	0.006425516382
0.0	0.0	0.0	0.0	0.0	0.0	0.0	0.001437388562	0.0	0.0	0.0	0.000935924247	0.0	5.5689451e-05	0.0	0.003198762899	0.0	0.01228079573	0.000389580048	0.014555095854	0.0	0.024505935626	0.00028940808	0.006336485935	0.000624353125	0.00643780789
0.0	0.0	0.0	0.0	0.0	0.0	0.0	0.001258960437	0.0	0.0	0.0	0.000992153645	0.0	5.5708861e-05	0.0	0.003174207226	0.0	0.012259391149	0.00035618856	0.027832722767	0.0	0.024474066712	0.000233749776	0.0063908043	0.000691229625	0.006426447466
0.00028940184	0.008469748832	0.0	0.007694469109	0.0	0.002193688848	0.0	0.032765683808	0.000445252392	0.000979892799	0.000890511336	0.038061245508	7.7913264e-05	0.001179753903	0.000946153104	0.042451821846	1.1131536e-05	0.012892398433	0.00080143752	0.034198742393	0.0	0.024383101332	0.000278272176	0.006424421716	0.000668932625	0.006415009599
0.0	0.0	0.0	0.0	0.0	0.0	0.0	0.0	0.0	0.0	0.0	5.5685807e-05	0.0	0.001224376893	0.0	0.002850953687	0.0	0.012480868225	0.000389583168	0.027831050659	0.0	0.024539793853	0.00031166616	0.006424122076	0.000635491	0.006348686596
0.0	0.0	0.0	0.0	0.0	0.0	0.0	5.5788212e-05	0.0	0.0	0.0	6.6842585e-05	0.0	4.4535294e-05	0.0	0.002407058056	0.0	0.012248580658	0.000378456	0.014609553692	0.0	0.02446000695	0.00028940808	0.006401894179	0.000635503375	0.006369642215
0.0	0.0	0.0	0.0	0.0	0.0	0.0	6.6952639e-05	0.0	0.0	0.0	7.7984614e-05	0.0	5.5659417e-05	0.0	0.002739902482	0.0	0.012270324132	0.000378451632	0.025728036968	0.0	0.024484419051	0.000278275608	0.00631370303	0.000602042875	0.006415491056
0.000256010976	0.003549276287	0.0	0.007624439795	0.0	6.6865855e-05	0.0	0.032753611415	0.00054541188	0.001013486042	0.000968423976	0.038173961285	6.678984e-05	0.001202190211	0.000946130016	0.042473618178	1.1131536e-05	0.01291629001	0.000845943696	0.034236357655	0.0	0.024516008919	0.000256011912	0.006323355815	0.000613188625	0.006415957763
0.0	3.3347689e-05	0.0	0.01447369701	0.0	0.00033415038	0.0	0.045323406747	0.0	0.000122608689	0.0	0.019829076914	0.0	0.002605140379	0.000100181952	0.003520241453	0.0	0.045343145885	0.000823678128	0.019329418008	0.001914532464	0.031151054369	0.001391368056	0.006456834711	0.000668925375	0.006558688022
0.0	0.0	0.0	0.0	0.0	0.0	0.0	0.0	0.0	0.0	0.0	6.686869e-05	0.0	0.001190823681	0.0	0.00250664616	0.0	0.012392776368	0.000367325088	0.014565373993	0.0	0.024517788081	0.000289407456	0.006390430298	0.000646652	0.006391800505
0.0	0.0	0.0	0.0	0.0	0.003484509963	0.0	7.8002969e-05	0.0	0.000289743086	0.0	7.799663e-05	0.0	0.000300460413	0.0	0.006158521192	0.0	0.012237722241	0.000378457872	0.032361723431	0.0	0.024451382527	0.000289405584	0.00636841304	0.000646637375	0.00641566277
0.0	0.0	0.0	0.0	0.0	0.0	0.0	0.001269896485	0.0	0.0	0.0	0.000969579485	0.0	4.4547715e-05	0.0	0.003165143039	0.0	0.01235969634	0.000356198544	0.0145873891	0.0	0.024451850457	0.000256014408	0.006380274042	0.0006689465	0.006426585595
0.000267141888	0.003540358048	0.0	0.007658342096	0.0	0.000111417151	0.0	0.032674464079	0.000411841872	0.000857630675	0.001012942944	0.038117446899	4.4524896e-05	0.001135694337	0.001024071984	0.042460784153	0.0	0.012816345836	0.000823696224	0.034149900465	2.2261824e-05	0.024459493974	0.00030053868	0.006458137504	0.000624347	0.006381249292
0.000189225504	0.003517816131	0.0	0.007604013128	0.0	0.000100328967	0.0	0.032664227946	0.000456373008	0.000980127156	0.000935038728	0.038058692509	7.7922e-05	0.001146686161	0.000923896896	0.042413252098	2.2263072e-05	0.012692767779	0.000790303488	0.034173471679	3.3392736e-05	0.024483905037	0.000289408704	0.00639120718	0.000657798875	0.006348418753
0.0	0.0	0.0	0.00418625363	0.0	0.0	0.0	0.020985700724	0.0	0.0	0.0	0.001559316091	0.0	0.001558818108	0.0	0.002407942439	0.0	0.017884588038	0.000712383984	0.015133159374	0.00099065304	0.025664354339	0.000233749776	0.006381741316	0.000646624875	0.00646003568
0.0	0.0	0.0	0.004587691975	0.0	0.0	0.0	0.031049536248	8.9047296e-05	0.0	0.0	0.012102533207	0.0	0.00010012388	0.0	0.003232560784	0.0	0.017961148541	0.0008125572	0.015208934758	0.000868219248	0.025653480128	0.000278273424	0.006479580353	0.00064662575	0.00633659664
0.0	0.0	0.0	0.0	0.0	0.0	0.0	6.6955557e-05	0.0	0.0	0.0	7.8001181e-05	0.0	5.5664984e-05	0.0	0.002462648434	0.0	0.012134777686	0.000378456	0.014509790639	0.0	0.024484588038	0.000311670216	0.006412684106	0.00059090125	0.006482594049
0.0	0.0	0.0	1.1238018e-05	0.0	0.0	0.0	0.000701452274	0.0	0.0	0.0	6.676475e-05	0.0	3.3390843e-05	0.0	0.002506225126	0.0	0.012102427898	0.00037844664	0.014609308465	0.0	0.02456197298	0.000289405584	0.006446030745	0.0006466255	0.006325328521
0.0	0.0	0.0	0.0	0.0	0.0	0.0	6.6979558e-05	0.0	0.0	0.0	8.9163961e-05	0.0	4.4529576e-05	0.0	0.00240650739	0.0	0.012358535024	0.000356192304	0.014642975538	0.0	0.024415920286	0.000267150936	0.006381068542	0.00068008275	0.006392858906
0.000289402776	0.004084838338	0.0	0.007649163656	0.0	0.00013368642	0.0	0.032721170207	0.000589945824	0.000968634722	0.001024067304	0.038231322623	5.5653312e-05	0.001168701006	0.000979549584	0.042406376946	1.1131536e-05	0.012804823689	0.00084595992	0.034185346165	2.2261824e-05	0.024470665037	0.000300546168	0.006435244186	0.000646641625	0.00635891105
0.0	0.0	0.0	0.0	0.0	0.0	0.0	7.8002843e-05	0.0	0.0	0.0	7.7928707e-05	0.0	4.4487248e-05	0.0	0.002472935432	0.0	0.012102978232	0.000400712832	0.014620330686	0.0	0.024462957399	0.000289408392	0.00649055397	0.00064664575	0.006334972841
0.0	0.0	0.0	0.0	0.0	0.0	0.0	0.0	0.0	0.0	0.0	7.7983258e-05	0.0	0.001280312521	0.0	0.002475308948	0.0	0.012625816201	0.000367326336	0.014520413317	0.0	0.024495678476	0.00024488256	0.00635923787	0.000613198625	0.006525672959
0.0	0.0	0.0	0.006781710373	0.0	0.000111337986	0.0	0.04194826269	0.000178094592	0.0	0.0	0.014719051997	0.0	0.002182225279	0.0	0.005359148664	0.0	0.024080358963	0.000790295376	0.015722779415	0.001680780816	0.028523190929	0.001035180432	0.006445790121	0.0006577745	0.006403993057
0.0	0.0	0.0	0.0	0.0	0.0	0.0	0.001280854018	0.0	0.0	0.0	0.001002726286	0.0	5.5684496e-05	0.0	0.003176636171	0.0	0.012380793606	0.000367327584	0.014565654233	0.0	0.024461280812	0.000244883496	0.006345334967	0.000646646625	0.006458777021
