0.0	0.002179527026	0.0	0.0	0.0	0.009119462218	0.0	0.0	0.0	0.0	0.0	0.0	0.0	0.001104505765	0.0	0.025179980848	2.8550496e-05	0.008873000278	0.0	0.034014489001	9.516624e-06	0.021616513868	0.000789894456	0.005006149935	0.000400349875	0.007179318449
0.0	0.0	0.0	0.00283746099	2.8549872e-05	0.000599828396	0.0	0.016865955576	0.0	0.000828319733	0.0	0.025997225732	0.0	7.6178869e-05	0.0	0.033778874496	2.8549872e-05	0.008864227536	0.0	0.033969033992	9.517248e-06	0.021607227758	0.000780378768	0.004883204857	0.000324089125	0.007223058006
0.000114200424	0.006908686011	0.000142752168	0.003960349898	0.00098023068	0.00360763647	0.0	0.016907089356	0.0	0.000799717713	0.0	0.025898719794	0.0	9.5250052e-05	0.0	0.033814687759	9.516624e-06	0.008777909286	0.0	0.033958851381	0.0	0.021645667692	0.000751827024	0.004777996557	0.000343158875	0.007263852418
0.0	0.0	0.0	0.0	0.0	0.0	0.0	0.0	0.0	0.0	0.0	0.0	0.0	0.000152389993	0.0	0.00033288495	2.855112e-05	0.009768694545	0.0	0.032297926487	9.516624e-06	0.021636953441	0.000780374088	0.004864142216	0.00031456225	0.007215230237
0.0	0.016654130734	0.0	0.0	0.0	0.022884882181	0.000551976048	0.000752263621	0.001018310904	0.005909690209	0.0	0.0	0.0	0.00338945307	0.0	0.028007201252	4.7584368e-05	0.008890666086	0.0	0.035641822562	9.516624e-06	0.021589407277	0.000770855904	0.005388046449	0.000400348	0.007190268194
0.0	0.0	0.0	0.002931768259	2.8550808e-05	0.00060006645	0.0	0.01743941364	0.0	0.000809327635	0.0	0.025957655156	0.0	0.001560776378	0.000751833264	0.041681474761	0.000923109408	0.009977750034	0.0	0.034011045662	9.517248e-06	0.021931572542	0.00078038064	0.00487326812	0.000314556875	0.007213929182
0.0	0.0	0.0	0.002875561042	2.8549872e-05	0.000609352392	0.0	0.016876410113	0.0	0.000799687136	0.0	0.025959495318	0.0	7.6168399e-05	9.516624e-06	0.033787539811	1.9033248e-05	0.008862977756	0.0	0.033999715214	9.516624e-06	0.0216254487	0.000761341464	0.004873455447	0.000314562	0.007232581503
0.0	0.0	0.0	0.002808074432	9.516312e-06	0.00059977767	0.0	0.016847539071	0.0	0.000809222379	0.0	0.025881087279	0.0	9.5214031e-05	0.0	0.033770567386	1.9033872e-05	0.008834764365	0.0	0.033960831212	9.516624e-06	0.021617930928	0.000761343024	0.004778757054	0.00032409425	0.007225871257
0.0	0.0	0.0	0.000237808007	0.0	0.0	0.0	0.000152363216	0.0	0.0	0.0	0.0	0.0	8.5612874e-05	0.0	0.000351960484	1.9033872e-05	0.008893950777	0.0	0.023831275721	0.0	0.021646265712	0.00070424484	0.004826502032	0.000409882	0.007158119036
0.0	0.0	0.0	0.0	0.0	0.0	0.0	0.0	0.0	0.0	0.0	0.0	0.0	0.000171384935	0.0	0.000352033015	1.9032624e-05	0.009759716337	0.0	0.023888340043	9.517872e-06	0.021579598181	0.00076134396	0.004797270275	0.000333622375	0.007215220915
0.0	0.0	0.0	0.0	0.0	0.0	0.0	0.0	0.0	0.0	0.0	0.0	0.0	7.6143877e-05	0.0	0.000304628982	3.8067744e-05	0.008901156046	0.0	0.032317900558	0.0	0.021598320856	0.000770866512	0.004797307299	0.000390817125	0.007196415335
0.0	0.0	0.0	0.001664424635	0.0	0.0	0.0	0.011356721642	0.0	0.002236721235	0.0	0.001559375263	0.0	0.004930606005	0.0	0.00066612777	0.001589286816	0.018227207157	0.001798668144	0.024097222872	0.000656652048	0.02349215479	0.00074231196	0.004854763205	0.00031455525	0.007483890936
0.0	0.0	0.0	0.0	0.0	0.0	0.0	0.0	0.0	0.0	0.0	0.0	0.0	8.5659691e-05	0.0	0.000285541772	4.7584368e-05	0.008872492894	0.0	0.02875094796	0.0	0.021626289571	0.000761353008	0.004797499648	0.000400349875	0.007170162755
0.0	0.0	0.0	0.0	0.0	0.0	0.0	0.0	0.0	0.0	0.0	0.0	0.0	0.00017139786	0.0	0.000285443475	3.8067744e-05	0.009728957239	0.0	0.023839612056	0.0	0.021644425741	0.000742308528	0.004826022495	0.0003240935	0.007159850656
0.0	0.0	0.0	0.000190099646	0.0	0.0	0.0	0.000161717968	0.0	0.0	0.0	0.0	0.0	6.6598835e-05	0.0	0.000333163362	2.8548624e-05	0.008863815801	0.0	0.023877361985	0.0	0.021636054891	0.000704244528	0.004777394897	0.00039081975	0.00720687995
0.0	0.016709737844	0.0	0.0	0.0	0.022886014517	0.000590039424	0.000733117307	0.000961209288	0.006003875678	0.0	0.0	0.0	0.016747420398	0.0	0.027977914146	2.855112e-05	0.009709658166	0.0	0.035660031038	0.0	0.021618074891	0.000742307904	0.005367626608	0.0003431575	0.007237136241
0.0	0.0	0.0	0.0	0.0	0.0	0.0	0.0	0.0	0.0	0.0	0.0	0.0	8.5664379e-05	0.0	0.000285540105	4.7582496e-05	0.008864293387	0.0	0.023876123336	0.0	0.021615278083	0.000761347392	0.00481699797	0.000381287	0.007171438826
0.0	0.0	0.0	0.000218631056	0.0	0.0	0.0	0.000152310528	0.0	0.0	0.0	0.0	0.0	8.5627109e-05	0.0	0.000333017124	2.8550496e-05	0.008882716379	0.0	0.023868880039	0.0	0.021693619449	0.00071376084	0.004797287085	0.00040035	0.007253724891
0.0	0.0	0.0	0.0	0.0	0.0	0.0	0.0	0.0	0.0	0.0	0.0	0.0	9.5163927e-05	0.0	0.00031406121	2.8549248e-05	0.00887259249	0.0	0.023849638068	0.0	0.021635834925	0.000789897888	0.004768220825	0.0003812855	0.007159771914
0.0	0.0	0.0	0.0	0.0	0.0	0.0	0.0	0.0	0.0	0.0	0.0	0.0	8.5650097e-05	0.0	0.000313997913	2.8550496e-05	0.009729549948	0.0	0.023860408347	9.516624e-06	0.021616575215	0.000780385632	0.004778567465	0.0003908135	0.007141098094
0.0	0.0	0.0	0.0	0.0	0.0	0.0	0.0	0.0	0.0	0.0	0.0	0.0	7.6144351e-05	0.0	0.000285534875	3.8065872e-05	0.008873627875	0.0	0.023858119477	0.0	0.021614757099	0.000770865576	0.00479717731	0.000390816875	0.007169524175
0.0	0.0	0.0	0.000209147429	0.0	0.0	0.0	0.000161662895	0.0	0.0	0.0	0.0	0.0	7.610519e-05	0.0	0.000294929194	2.8548624e-05	0.008863977632	0.0	0.023810187077	9.516624e-06	0.021692555146	0.00072327684	0.004797632506	0.00040988425	0.00718029537
0.0	0.0	0.0	0.0	0.0	0.0	0.0	0.0	0.0	0.0	0.0	0.0	0.0	0.000152337571	0.0	0.000323487914	3.8067744e-05	0.009682615112	0.0	0.023914035817	9.517872e-06	0.021682417527	0.000742311024	0.004826228511	0.000324088	0.007198767384
0.0	0.0	0.0	0.0	0.0	0.0	0.0	0.0	0.0	0.0	0.0	0.0	0.0	8.5675236e-05	0.0	0.000294999659	4.7584368e-05	0.008891975486	0.0	0.023869106783	0.0	0.02160739123	0.000770865576	0.004816787842	0.000400347875	0.007161894728
0.0	0.001569228592	0.0	0.002836445554	2.8548936e-05	0.000600121081	0.0	0.016829426315	0.0	0.000809292378	0.0	0.025891555182	0.0	7.6159835e-05	0.0	0.033817394448	3.8067744e-05	0.00880599728	0.0	0.03401434591	9.516624e-06	0.02169244558	0.000761344584	0.00480692888	0.0003336265	0.007170131927
0.0	0.0	0.0	0.0	0.0	0.0	0.0	0.0	0.0	0.0	0.0	0.0	0.0	0.00017138053	0.0	0.000304506405	3.8067744e-05	0.009749847169	0.0	0.023848885398	0.0	0.021645335322	0.00073279752	0.004834933317	0.00033362025	0.007189095218
0.0	0.0	0.0	0.000199598948	0.0	0.0	0.0	0.00017131064	0.0	0.0	0.0	0.0	0.0	7.6095689e-05	0.0	0.000295034822	3.8067744e-05	0.008891347845	0.0	0.023860036785	9.516624e-06	0.021635833407	0.00073279284	0.004797110681	0.000390818875	0.007180785502
0.0	0.0	0.0	0.0	0.0	0.0	0.0	0.0	0.0	0.0	0.0	0.0	0.0	8.5649411e-05	0.0	0.000314046825	2.8550496e-05	0.008883483515	0.0	0.023839822104	0.0	0.02156927425	0.000780382512	0.004750113864	0.000390816625	0.007254326769
0.0	0.0	0.0	0.0	0.0	0.0	0.0	0.0	0.0	0.0	0.0	0.0	0.0	0.000190426746	0.0	0.000342561885	9.516624e-06	0.009692752202	0.0	0.023821234005	0.0	0.02159883953	0.000751823904	0.004777329984	0.0003526885	0.007245334657
0.0	0.0	0.0	0.001636263666	0.0	0.0	0.0	0.011318769461	0.0	0.001360953573	0.0	0.001550000354	0.0	0.005006891343	0.0	0.000590094496	0.001713006048	0.018360297465	0.001789155264	0.024088751557	0.000666168672	0.023405988978	0.000761351448	0.004797359431	0.0004003435	0.007503128462
0.0	0.000855751727	0.0	0.000218652595	0.0	0.00114195027	0.0	0.000152336678	0.0	0.0	0.0	0.0	0.0	7.6114495e-05	0.0	0.00279773732	1.9033872e-05	0.008892350424	0.0	0.033715963623	0.0	0.021636516388	0.000713758968	0.004835703475	0.00040988225	0.007206396898
0.0	0.0	0.0	0.002761305251	3.8066184e-05	0.000599801179	0.0	0.01689536234	0.0	0.000828384941	0.0	0.025986926379	0.0	6.6645793e-05	0.0	0.033751149716	2.8549872e-05	0.008862182733	0.0	0.033944406568	9.516624e-06	0.021644403783	0.000780374712	0.004864140626	0.000314561875	0.007214636642
0.0	0.000665529564	0.0	0.0	0.0	0.001094581391	0.0	0.0	0.0	0.0	0.0	0.0	0.0	8.5663985e-05	0.0	0.002807576018	2.8550496e-05	0.008854746924	0.0	0.033723946091	0.0	0.021542299101	0.000780375648	0.004739861968	0.000400348625	0.007226002985
0.0	0.0	0.0	0.000228026579	0.0	0.0	0.0	0.000142747506	0.0	0.0	0.0	0.0	0.0	7.6106186e-05	0.0	0.000333038697	9.516624e-06	0.008874017386	0.0	0.023858839548	0.0	0.021694055855	0.00071376084	0.00482414925	0.000419415	0.007131508413
0.0	0.0	0.0	0.000190065396	0.0	0.0	0.0	0.000171172937	0.0	0.0	0.0	0.0	0.0	7.61141e-05	0.0	0.000314173849	3.8065872e-05	0.008883333408	0.0	0.023838900942	0.0	0.021597961386	0.000723278712	0.004797096899	0.0003812875	0.007178582925
0.0	0.0	0.0	0.0	0.0	0.0	0.0	0.0	0.0	0.0	0.0	0.0	0.0	0.000104696284	0.0	0.000304560161	1.9032624e-05	0.00886329937	0.0	0.023858081619	0.0	0.021606680279	0.000780381264	0.004749914087	0.000381285375	0.00720773859
0.0	0.0	0.0	0.006245976927	4.7583432e-05	0.0	0.0	0.029525699518	0.0	0.002141423611	0.0	0.015475020329	0.0	0.005940501645	0.0	0.00123804948	0.001703490048	0.028430795618	0.001770122016	0.028161681372	0.00171302352	0.029251552542	0.000885061944	0.004817310505	0.00038128175	0.007647016525
0.0	0.0	0.0	0.0	0.0	0.0	0.0	0.0	0.0	0.0	0.0	0.0	0.0	8.5659691e-05	0.0	0.00029499224	3.806712e-05	0.008874121214	0.0	0.023858963445	9.516624e-06	0.02166352529	0.000770865264	0.004787862997	0.00040034925	0.007169803202
0.0	0.0	0.0	0.0	0.0	0.0	0.0	0.002083571601	0.0	0.0	0.0	0.000561175006	0.0	0.001294446263	0.0	0.000580493228	0.000885042912	0.009996046909	0.0	0.023878234952	9.517872e-06	0.021931372231	0.000761346456	0.004873734187	0.000314556625	0.007213690438
0.0	0.000940230731	0.0	0.002817647249	1.903356e-05	0.000590716492	0.0	0.016800343184	0.0	0.000790198617	0.0	0.025911003176	0.0	8.5691905e-05	0.0	0.033778736708	3.8067744e-05	0.008834621744	0.0	0.033974443759	0.0	0.021655050729	0.000751824528	0.004815181385	0.000343158625	0.007121789554
0.0	0.0	0.0	0.0	0.0	0.0	0.0	0.0	0.0	0.0	0.0	0.0	0.0	9.5177265e-05	0.0	0.000304545394	2.8548624e-05	0.00885450287	0.0	0.023830640314	0.0	0.021598829093	0.000780383448	0.004739885126	0.000400349375	0.007226202752
0.0	0.0	0.0	0.0	0.0	0.0	0.0	0.0	0.0	0.0	0.0	0.0	0.0	7.615993e-05	0.0	0.000323609533	3.8065872e-05	0.008900880328	0.0	0.023801455904	0.0	0.021578606292	0.000761350824	0.004787934011	0.000400345125	0.00721585144
0.0	0.0	0.0	0.000237567962	0.0	0.0	0.0	0.000152290834	0.0	0.0	0.0	0.0	0.0	8.5643198e-05	0.0	0.000314022896	1.9033248e-05	0.008873992795	0.0	0.023839967282	9.516624e-06	0.021722696542	0.000713761776	0.004777968632	0.000438477625	0.007113259896
0.0	0.0	0.0	0.000209573215	0.0	0.0	0.0	0.003664515497	0.0	0.0	0.0	0.001559337866	0.0	0.003445796861	0.0	0.0006564834	0.001617836688	0.012908501079	0.001379929824	0.023839861018	9.517248e-06	0.022892507657	0.000770862456	0.004854585025	0.000305023375	0.007224387809
0.0	0.0	0.0	0.003597350874	0.0	0.0	0.0	0.025823825861	0.0	0.001370432179	0.0	0.005434526497	0.0	0.005035923115	0.0	0.00060897353	0.001627362048	0.01830431211	0.001798672512	0.02401237977	0.000637620048	0.023521892271	0.000723282144	0.004788173223	0.000390810875	0.007484333738
0.0	0.0	0.0	0.001655726551	0.0	0.0	0.0	0.007594832313	0.0	0.0	0.0	0.000627972702	0.0	0.001208520063	0.0	0.000561443848	0.00084698328	0.010004436743	0.0	0.023842146487	0.0	0.021979742533	0.000694731336	0.004806486271	0.00040034425	0.007206596093
0.0	0.01670814463	0.0	0.000228195324	0.0	0.022893807744	0.000580522176	0.000895001129	0.000856521432	0.005891137338	0.0	0.0	0.0	0.003437440785	0.0	0.027988695259	3.8067744e-05	0.008842986673	0.0	0.035623705006	9.516624e-06	0.021703350606	0.000732790656	0.0054074664	0.00039081875	0.007229205109
0.001389446136	0.008944469601	0.001456072488	0.005549796394	0.001950941304	0.010853016123	0.000342600336	0.016858408053	0.0	0.000790365349	0.0	0.025915504326	0.0	0.001124190837	0.0	0.033805193613	1.9033248e-05	0.008853804173	0.0	0.03399489314	0.0	0.021607280764	0.000751826088	0.004969026249	0.000352691	0.007284951475
0.0	0.0	0.0	0.0	0.0	0.0	0.0	0.0	0.0	0.0	0.0	0.0	0.0	8.5658707e-05	0.0	0.000294987066	3.8065248e-05	0.008835436088	0.0	0.023885923756	9.516624e-06	0.021663682375	0.000780381264	0.004806730198	0.000400351625	0.007170049538
0.0	0.000684763804	0.0	0.0	0.0	0.001047476254	0.0	0.0	0.0	0.0	0.0	0.0	0.0	0.000190464361	0.0	0.002845434259	1.9033872e-05	0.009749387179	0.0	0.033780101977	9.516624e-06	0.021617528677	0.00076133928	0.00478799449	0.00032409425	0.007206532951
0.0	0.0	0.0	0.0	0.0	0.0	0.0	0.0	0.0	0.0	0.0	0.0	0.0	8.5658707e-05	0.0	0.000304517284	2.8549248e-05	0.008901497707	0.0	0.023839133156	9.516624e-06	0.021636023589	0.000789897576	0.00476820634	0.000390816625	0.007141816818
0.0	0.0	0.0	0.000199729749	0.0	0.0	0.0	0.003654693944	0.0	0.0	0.0	0.001540554686	0.0	0.003074264587	0.0	0.000589980887	0.00168445368	0.012974361545	0.0013418652	0.023859702798	0.0	0.022844462183	0.00077086776	0.004806781893	0.000390811	0.007187320451
0.0	0.0	0.0	0.002856178444	2.8549872e-05	0.000590395258	0.0	0.016866157072	0.0	0.000809299408	0.0	0.025892479075	0.0	7.6160776e-05	0.0	0.033749768869	3.8066496e-05	0.008787137082	0.0	0.034023438379	9.516624e-06	0.021701858362	0.000761342088	0.004796886268	0.000333626125	0.007169893913
0.0	0.0	0.0	0.000209041763	0.0	0.0	0.0	0.00017120209	0.0	0.0	0.0	0.0	0.0	8.5674519e-05	0.0	0.00032356902	3.8067744e-05	0.008855114382	0.0	0.023849328522	0.0	0.021597939044	0.00071376552	0.004758668969	0.00039081425	0.007159459227
6.6616992e-05	0.005472208807	0.0	0.002817942601	1.903356e-05	0.002114096655	0.0	0.016897568552	0.0	0.000809303565	0.0	0.025916333829	0.0	8.5705407e-05	9.516624e-06	0.033750088916	1.9033872e-05	0.008863655796	0.0	0.033998685607	9.516624e-06	0.021588052439	0.00076133928	0.004816897014	0.000324094125	0.00723469476
0.0	0.0	0.0	0.002817387129	2.8549872e-05	0.000571409322	0.0	0.016781425811	0.0	0.000790329801	0.0	0.025901094719	0.0	8.5680088e-05	0.0	0.033767944763	3.8066496e-05	0.008796408527	0.0	0.034004299985	0.0	0.02168241959	0.000761341776	0.004787979709	0.000324095125	0.00718871922
0.0	0.0	0.0	0.0	0.0	0.0	0.0	0.0	0.0	0.0	0.0	0.0	0.0	9.516688e-05	0.0	0.000304539229	1.9033872e-05	0.008893017073	0.0	0.023831264692	0.0	0.021567874583	0.000780383136	0.004749649127	0.0003812845	0.007226690805
0.0	0.0	0.0	0.002826952376	1.903356e-05	0.000571570325	0.0	0.016847801716	0.0	0.000790304204	0.0	0.025844750053	0.0	8.5679524e-05	0.0	0.033826908817	1.9033248e-05	0.00969082103	0.0	0.034015997723	0.0	0.021664447954	0.000742315392	0.004807096253	0.00034315175	0.00725616946
0.0	0.0	0.0	0.0	0.0	0.0	0.0	0.0	0.0	0.0	0.0	0.0	0.0	8.5654785e-05	0.0	0.000275979601	4.7584368e-05	0.008853503769	0.0	0.023876659765	0.0	0.021627512178	0.00075183576	0.004807372888	0.000400344375	0.007190355284
0.0	0.0	0.0	0.002864983907	1.903356e-05	0.000581203509	0.0	0.016799549303	0.0	0.000790421219	0.0	0.025901973106	0.0	8.5678786e-05	0.0	0.033807811505	2.855112e-05	0.009692221984	0.0	0.034034692487	0.0	0.021607442327	0.00073279752	0.004796384864	0.00035268425	0.007198625136
0.0	0.001322243245	0.0	0.0	0.0	0.0033313549	0.0	0.0	0.0	0.0	0.0	0.0	0.0	0.000190477852	0.0	0.015964190694	9.516624e-06	0.009654656952	0.0	0.033996328818	0.0	0.02161694415	0.000751827024	0.004758457462	0.000362223125	0.007263839496
0.0	0.0	0.0	0.0	0.0	0.0	0.0	0.0	0.0	0.0	0.0	0.0	0.0	0.00017138478	0.0	0.000342443851	2.8549872e-05	0.009664605102	0.0	0.023896670806	0.0	0.021684043023	0.000742315392	0.004797302047	0.000343152	0.007236331406
0.0	1.9022452e-05	0.0	0.000190124336	0.0	0.0	0.0	0.00017120948	0.0	0.0	0.0	0.0	0.0	7.6102401e-05	0.0	0.000295112606	3.806712e-05	0.008911578202	0.0	0.028759982484	0.0	0.0216175964	0.000732796896	0.00481638635	0.000371755	0.00720812631
0.0	0.001312496103	0.0	0.0	0.0	0.003293251276	0.0	0.0	0.0	0.0	0.0	0.0	0.0	0.000104694407	0.0	0.015897698295	1.9033248e-05	0.0088721054	0.0	0.034004760638	0.0	0.021646545026	0.00078989508	0.004768594848	0.000381284875	0.007188450482
0.0	0.0	0.0	0.0	0.0	0.0	0.0	0.0	0.0	0.0	0.0	0.0	0.0	0.000171411507	0.0	0.000333026026	1.9033248e-05	0.009740831084	0.0	0.023907014101	9.516624e-06	0.021615006331	0.000770857776	0.004864578049	0.000314562	0.007222727576
0.0	0.0	0.0	0.000199613577	0.0	0.0	0.0	0.000171155208	0.0	0.0	0.0	0.0	0.0	7.61141e-05	0.0	0.000304613282	4.7582496e-05	0.008912305426	0.0	0.023856755737	9.516624e-06	0.021635264968	0.000732795648	0.004806495459	0.0003812885	0.00719974116
0.0	0.0	0.0	0.002788700223	2.8549872e-05	0.000600249894	0.0	0.016876472783	0.0	0.000799706045	0.0	0.025893079024	0.0	8.5679282e-05	0.0	0.033807656485	3.8067744e-05	0.008815705638	0.0	0.033993363779	9.517248e-06	0.021644338893	0.000751827336	0.004807039177	0.000324088	0.007198879336
0.0	0.0	0.0	0.0	0.0	0.0	0.0	0.0	0.0	0.0	0.0	0.0	0.0	0.000171378211	0.0	0.000294942938	3.8066496e-05	0.009663025138	0.0	0.023875791443	9.516624e-06	0.021693170801	0.000732792216	0.004797437714	0.000324095375	0.007189007579
0.0	0.0	0.0	0.008825571775	3.8066184e-05	0.00058121981	0.0	0.039462897989	0.0	0.004559958868	0.00099926892	0.049794368875	0.001713019152	0.007463594468	0.001494159888	0.043572776352	0.001655903184	0.02854612737	0.001798668768	0.038298487342	0.0016844724	0.029272280691	0.000846994824	0.004825775249	0.000333620375	0.007654753205
0.0	0.0	0.0	0.0	0.0	0.0	0.0	0.0	0.0	0.0	0.0	0.0	0.0	0.000161888749	0.0	0.000332985518	2.8549872e-05	0.009742869759	0.0	0.023876867694	9.516624e-06	0.021653880431	0.000780374088	0.004863725932	0.000314562	0.007205669397
0.0	0.002444785567	0.0	0.002770241963	2.8549872e-05	0.000590652502	0.0	0.016895510201	0.0	0.000828260824	0.0	0.025974679692	0.0	6.6613156e-05	0.0	0.033760589355	2.855112e-05	0.008863499027	0.0	0.033985360242	9.516624e-06	0.021673885229	0.000770857776	0.004844963812	0.0003145625	0.00720619919
0.0	0.002103154294	0.0	0.0	0.0	0.009167768428	0.0	0.0	0.0	0.00021855662	0.0	0.0	0.0	0.005331627491	0.0	0.025189331504	2.8549872e-05	0.009683573466	0.0	0.033975599036	0.0	0.021653706816	0.000751825776	0.004996967008	0.00035269025	0.007266148451
0.0	0.0	0.0	0.002865116985	1.903356e-05	0.000590589693	0.0	0.016799506122	0.0	0.000800016622	0.0	0.025891452769	0.0	8.5678891e-05	0.0	0.033853433224	2.8549248e-05	0.008806005538	0.0	0.034043593158	0.0	0.02161724561	0.000732792528	0.004835417689	0.0003431595	0.00717990319
0.0	0.0	0.0	0.0	0.0	0.0	0.0	0.0	0.0	0.0	0.0	0.0	0.0	0.000152341592	0.0	0.000332983469	3.8066496e-05	0.009655779626	0.0	0.023829249969	9.516624e-06	0.021692533959	0.00075182484	0.004844858785	0.00031456225	0.007216811101
0.0	0.0	0.0	0.00020911017	0.0	0.0	0.0	0.000180711023	0.0	0.0	0.0	0.0	0.0	8.5653101e-05	0.0	0.000294958294	3.8067744e-05	0.009682825752	0.0	0.023859559714	9.517248e-06	0.021683107198	0.00073280064	0.004797453136	0.000400346125	0.007199949759
0.0	0.0	0.0	0.0	0.0	0.0	0.0	0.0	0.0	0.0	0.0	0.0	0.0	8.5655517e-05	0.0	0.000285488778	3.8067744e-05	0.009768528003	0.0	0.023897889919	9.516624e-06	0.021605758497	0.000770869632	0.004817204542	0.000400345125	0.007170505965
0.0	0.0	0.0	0.002837049705	1.903356e-05	0.000609381229	0.0	0.01688624439	0.0	0.00080926711	0.0	0.025921371281	0.0	8.5692461e-05	9.516624e-06	0.033756184772	1.9032624e-05	0.008862854047	0.0	0.033989585925	9.517248e-06	0.021569249233	0.000770862144	0.004835834139	0.000314558625	0.007233612923
0.0	0.002122245992	0.0	0.00021853793	0.0	0.009062435484	0.0	0.000152349869	0.0	0.0	0.0	0.0	0.0	0.00112383399	9.516624e-06	0.025152303723	2.8550496e-05	0.008900996084	0.0	0.03398569753	9.516624e-06	0.021739813017	0.000713761464	0.005006766828	0.00042894725	0.007132745296
0.0	0.0	0.0	0.0	0.0	0.0	0.0	0.0	0.0	0.0	0.0	0.000485210131	0.0	8.565926e-05	0.0	0.000304432412	2.8550496e-05	0.009769961701	0.0	0.023804424204	0.0	0.021579745347	0.000770866512	0.00474994241	0.00037175	0.007205288169
0.0	0.0	0.0	0.003692903007	4.7583432e-05	0.000590579266	0.0	0.028707233379	0.0	0.002398806369	0.0	0.046489252069	0.0	0.005293092322	0.000742311648	0.043630758568	0.001636871808	0.018227128138	0.001798668768	0.034219778784	0.000675686544	0.023500368009	0.000751830456	0.004825823223	0.000324087375	0.007484296786
0.0	0.000256201183	0.0	0.002827379383	1.9032624e-05	0.000571577148	0.0	0.016885027881	0.0	0.000790335514	0.0	0.025878167915	0.0	8.5683743e-05	0.0	0.033833383704	1.9033872e-05	0.008835070135	0.0	0.034012337265	0.0	0.021597542282	0.000751826088	0.004806789992	0.000352690625	0.007228410932
0.0	0.0	0.0	0.0	0.0	0.0	0.0	0.0	0.0	0.0	0.0	0.0	0.0	7.6134975e-05	0.0	0.000314128406	3.8065872e-05	0.008883640106	0.0	0.023848709446	0.0	0.021624673978	0.000770866512	0.004797312298	0.00040035	0.007206019849
0.0	0.0	0.0	0.0	0.0	0.0	0.0	0.0	0.0	0.0	0.0	0.0	0.0	0.000180890285	0.0	0.000314006619	2.8549248e-05	0.009694057599	0.0	0.023876203931	0.0	0.021616799695	0.000732792216	0.004814619456	0.000352692	0.007199906352
0.0	0.0	0.0	0.002798734858	9.516312e-06	0.000599997319	0.0	0.017439167598	0.0	0.000809393301	0.0	0.025901461683	0.0	9.5214178e-05	9.516624e-06	0.033758511969	1.9033872e-05	0.009757663132	0.0	0.034021659104	9.517248e-06	0.02157864693	0.00076134708	0.004797495371	0.0003240875	0.007195321642
0.0	0.0	0.0	0.00287432752	9.516312e-06	0.000590597208	0.0	0.016867028861	0.0	0.000790187957	0.0	0.025910423476	0.0	9.5208998e-05	0.0	0.033759191263	9.516624e-06	0.009681170999	0.0	0.033961817377	0.0	0.02162704271	0.000751830768	0.00476818667	0.00036221625	0.007262366567
0.0	0.0	0.0	0.002818127694	3.8068992e-05	0.000600092796	0.0	0.017676930492	0.0	0.000828369261	0.0	0.035512213585	0.0	0.003436017302	0.000751828896	0.043517205226	0.001655905056	0.012889374755	0.001370414448	0.033971080185	9.517248e-06	0.022902136236	0.000780380328	0.004864084049	0.0003050245	0.007215307887
0.0	0.0	0.0	0.002788725965	2.8549872e-05	0.000590589153	0.0	0.016914142552	0.0	0.000818844304	0.0	0.025919843062	0.0	6.6650046e-05	0.0	0.033712812348	3.8067744e-05	0.00879639033	0.0	0.03398752228	9.517248e-06	0.021702638981	0.000770862456	0.004854276401	0.0003145565	0.007206829323
0.0	0.0	0.0	0.006216621972	1.9032624e-05	0.0	0.0	0.029536242037	0.0	0.00308370866	0.0	0.015494000796	0.0	0.005921359053	0.0	0.001275091433	0.00161783544	0.02850854057	0.001798668144	0.028151899556	0.001703506272	0.029280798066	0.000846995136	0.004815696841	0.000333620125	0.007645557935
0.0	0.0	0.0	0.000199491382	0.0	0.0	0.0	0.000171122901	0.0	0.0	0.0	0.0	0.0	8.5659691e-05	0.0	0.000304609362	4.7584992e-05	0.00888261929	0.0	0.023847823557	0.0	0.021626603449	0.00073279908	0.004796484838	0.000390813625	0.007208831732
0.0	0.0	0.0	0.0	0.0	0.0	0.0	0.0	0.0	0.0	0.0	0.0	0.0	0.000142831027	0.0	0.000313941243	3.8067744e-05	0.009713360666	0.0	0.023820347722	9.517872e-06	0.021664273371	0.000770860896	0.004873940452	0.000295493375	0.00722559301
0.0	0.003320941348	0.0	0.002865807351	2.8548936e-05	0.000600077844	0.0	0.016848574531	0.0	0.000818713404	0.0	0.025956657926	0.0	8.5711379e-05	0.0	0.033805643881	2.8550496e-05	0.008872855966	0.0	0.034025086207	9.516624e-06	0.021597177429	0.000780389064	0.004882643999	0.000314560625	0.007213674077
0.0	0.0	0.0	0.0	0.0	0.0	0.0	0.0	0.0	0.0	0.0	0.0	0.0	0.000152351602	0.0	0.000313967811	3.8067744e-05	0.009673035218	0.0	0.028798514344	9.516624e-06	0.021673582612	0.000751827336	0.004825708067	0.000324093875	0.007170458457
0.0	0.0	0.0	0.0	0.0	0.0	0.0	0.0	0.0	0.0	0.0	0.0	0.0	0.000190454382	0.0	0.000342491117	1.9033872e-05	0.009722400397	0.0	0.023850158618	0.0	0.021653582612	0.0007518264	0.004749783668	0.000343157875	0.00720674236
0.0	0.000142789639	0.0	0.000190072707	0.0	0.0	0.0	0.000171210839	0.0	0.0	0.0	0.0	0.0	7.6101719e-05	0.0	0.000323485174	3.8067744e-05	0.008862424233	0.0	0.032386208993	0.0	0.02159981361	0.000713760528	0.004749041755	0.000381287125	0.007187428154
0.0	0.0	0.0	0.00281762678	9.516312e-06	0.000571491965	0.0	0.016846333081	0.0	0.000790291133	0.0	0.025908953327	0.0	9.5208603e-05	0.0	0.033784151767	1.9033248e-05	0.008806271394	0.0	0.034003287072	0.0	0.021663491739	0.0007518264	0.004769247745	0.000352686375	0.007284771959
0.0	0.0	0.0	0.0	0.0	0.0	0.0	0.002121786459	0.0	0.0	0.0	0.000599220008	0.0	0.001141900846	0.0	0.000571128895	0.000913596528	0.0099764136	0.0	0.023840695595	0.0	0.021904353312	0.000780383448	0.0047787628	0.0003812795	0.007225117106
0.0	0.0	0.0	0.0	0.0	0.0	0.0	0.0	0.0	0.0	0.0	0.0	0.0	9.5163709e-05	0.0	0.000313985431	1.9033872e-05	0.009757309091	0.0	0.023851666098	0.0	0.021645856509	0.000780383136	0.00478775027	0.000371749875	0.007197804407
0.0	0.000171333843	0.0	0.000208970559	0.0	0.0	0.0	0.000161698035	0.0	0.0	0.0	0.0	0.0	7.6124229e-05	0.0	0.000333080532	2.8550496e-05	0.008863247323	0.0	0.032813103337	0.0	0.021646363096	0.000723292752	0.004777346614	0.000390817	0.007235494599
0.0	0.0	0.0	0.0	0.0	0.0	0.0	0.0	0.0	0.0	0.0	0.0	0.0	0.000161868119	0.0	0.000342487867	2.8549872e-05	0.009750908923	0.0	0.023877439359	9.517872e-06	0.021597356076	0.000770860896	0.004892000762	0.000314556625	0.007214009947
0.0	0.0	0.0	0.002846201249	1.903356e-05	0.000599844852	0.0	0.016895518164	0.0	0.000809227926	0.0	0.02594182995	0.0	9.5208119e-05	0.0	0.033774468053	1.9032624e-05	0.008825173995	0.0	0.033979319662	0.0	0.021655044341	0.000751823904	0.004749300171	0.00034315575	0.007216182463
0.0	0.001483740959	0.0	0.000228221638	0.0	0.00338840299	0.0	0.000142747932	0.0	0.0	0.0	0.0	0.0	7.6116624e-05	9.516624e-06	0.015887857895	1.9033248e-05	0.008901930111	0.0	0.033997018233	0.0	0.021695235014	0.000723277776	0.004797482918	0.000400350875	0.007140543899
0.0	0.0	0.0	0.008893125255	4.7583432e-05	0.0	0.0	0.038719491136	0.0	0.002179307778	0.0	0.024052111377	0.0	0.00597921353	0.0	0.001257138962	0.001608329424	0.02841148584	0.001789155264	0.028161874109	0.001713022896	0.029231928886	0.000856515192	0.00477822235	0.000400343375	0.007647077823
0.001398954024	0.035037948643	0.00237920904	0.011965969974	0.002131757784	0.024941065607	0.002350622664	0.017781944691	0.000970726536	0.005975940611	0.0	0.025888467923	0.0	0.003410037006	0.0	0.033788582177	2.855112e-05	0.008853040436	0.0	0.035659479303	0.0	0.021598016735	0.000751824216	0.005378453215	0.000371755125	0.007218328206
0.0	0.0	0.0	0.0	0.0	0.0	0.0	0.0	0.0	0.0	0.0	0.0	0.0	7.6130069e-05	0.0	0.000295055888	3.8067744e-05	0.008882662923	0.0	0.023886801593	0.0	0.021587731583	0.00077086776	0.004816146147	0.00039081325	0.007178246517
0.0	9.489816e-06	0.0	0.0	0.0	0.0	0.0	0.0	0.0	0.0	0.0	0.0	0.0	0.000161911406	0.0	0.000333073829	2.8550496e-05	0.009759566837	0.0	0.03283661454	9.516624e-06	0.021606429177	0.00076135488	0.004882749369	0.000314561125	0.007223389682
0.0	0.0	0.0	0.0	0.0	0.0	0.0	0.0	0.0	0.0	0.0	0.0	0.0	0.000190463082	0.0	0.00035196465	9.516624e-06	0.009694965245	0.0	0.023867547089	0.0	0.021634755218	0.000751825776	0.004778419774	0.000352690625	0.007245493081
0.0	0.0	0.0	0.0	0.0	0.0	0.0	0.0	0.0	0.0	0.0	0.0	0.0	0.00018089825	0.0	0.00034246033	1.9032624e-05	0.009665040973	0.0	0.023839104933	0.0	0.021671183891	0.000742309464	0.004798140299	0.00034315475	0.007255871882
0.0	0.0	0.0	0.0	0.0	0.0	0.0	0.0	0.0	0.0	0.0	0.0	0.0	0.000190446058	0.0	0.000342483601	9.516624e-06	0.009701221129	0.0	0.023870035606	0.0	0.021615980202	0.000751830456	0.004807330367	0.000324087875	0.00723538058
0.0	0.0	0.0	0.0	0.0	0.0	0.0	0.0	0.0	0.0	0.0	0.0	0.0	0.000171391292	0.0	0.000342407319	1.9033872e-05	0.009685347923	0.0	0.023877966248	0.0	0.02161594846	0.00073279284	0.004835228806	0.0003431575	0.007218248296
0.0	0.0	0.0	0.000218591286	0.0	0.0	0.0	0.000161828254	0.0	0.0	0.0	0.0	0.0	7.6095689e-05	0.0	0.000313965324	2.8550496e-05	0.008902352843	0.0	0.023859344056	9.516624e-06	0.021748827235	0.000723278712	0.004826085487	0.000419414625	0.007142336001
0.0	0.0	0.0	0.000237787505	0.0	0.0	0.0	0.000142749084	0.0	0.0	0.0	0.0	0.0	8.5612874e-05	0.0	0.00036155773	1.9032624e-05	0.008911806776	0.0	0.023859450127	0.0	0.021684738435	0.000713761152	0.004816675623	0.000409882375	0.007149209184
0.0	0.0	0.0	0.000228071546	0.0	0.0	0.0	0.000152334201	0.0	0.0	0.0	0.0	0.0	6.659984e-05	0.0	0.000352036059	2.8548624e-05	0.008892182122	0.0	0.023840247999	0.0	0.021702553111	0.000713764272	0.004816309259	0.000409881875	0.007225736677
0.0	0.0	0.0	0.000513304885	0.0	0.0	0.0	0.000171301679	0.0	0.0	0.0	0.0	0.0	8.5643696e-05	0.0	0.000342448683	1.9033872e-05	0.009768545024	0.0	0.023851359972	0.0	0.021693159944	0.00071376396	0.00481537194	0.00041940975	0.007167610309
0.0	0.0	0.0	0.002264704107	0.0	0.0	0.0	0.015278018275	0.0	0.0	0.0	0.001626189242	0.0	0.003112329238	0.0	0.000647230087	0.001636878048	0.01285189133	0.001370414448	0.023869121705	0.0	0.022864747053	0.000713764584	0.004758580888	0.000409875125	0.007177942116
0.0	0.0	0.0	0.00038043864	0.0	0.0	0.0	0.000171187177	0.0	0.0	0.0	0.0	0.0	8.5661516e-05	0.0	0.000313917326	2.8550496e-05	0.009777385479	0.0	0.023868434438	9.517872e-06	0.021720327005	0.00073279908	0.004806712598	0.00042894375	0.007142182296
0.0	0.00015193445	0.0	0.002864857689	9.516312e-06	0.000581136671	0.0	0.016866599999	0.0	0.000790165064	0.0	0.025928205925	0.0	9.5237231e-05	0.0	0.033797371093	9.516624e-06	0.008797453265	0.0	0.033959136762	0.0	0.021644230544	0.000742308528	0.004758614747	0.0003717555	0.007274561384
0.0	0.0	0.0	0.000199527163	0.0	0.0	0.0	0.000171201725	0.0	0.0	0.0	0.0	0.0	6.6601366e-05	0.0	0.000323585257	2.8548624e-05	0.008834576287	0.0	0.023877382339	0.0	0.021693439607	0.000694732896	0.004786005009	0.000390812625	0.007188357902
0.0	0.0	0.0	0.001265231015	0.0	0.0	0.0	0.000389959472	0.0	0.0	0.0	0.000561484215	0.0	7.6108295e-05	0.0	0.00035201406	1.9033872e-05	0.009814457672	0.0	0.023824155352	0.0	0.021664424606	0.0006947304	0.004845181618	0.000409877375	0.007177496369
0.0	0.0	0.0	0.0	0.0	0.0	0.0	0.0	0.0	0.0	0.0	0.000513740208	0.0	0.000190451238	0.0	0.000351928578	1.9033872e-05	0.009757679988	0.0	0.023832508753	0.0	0.021607239266	0.000761346456	0.004759658266	0.000343151875	0.007196832244
0.0	9.499e-06	0.0	0.0	0.0	0.0	0.0	0.0	0.0	0.0	0.0	0.0	0.0	7.6155061e-05	0.0	0.00032365292	2.8550496e-05	0.008881992547	0.0	0.032787499724	0.0	0.021608625703	0.000770879616	0.004778623323	0.000390816	0.007264054668
