0.0	0.0	0.0	0.0	0.0	0.0	0.0	0.0	0.0	0.0	0.0	0.0	0.0	0.002948681601	0.0	2.175204e-05	0.0	0.017209379251	0.0	0.033181536692	0.00020517744	0.015380692034	0.000453543168	0.003640308131	0.000151425375	0.008003506873
0.0	0.0	0.0	0.0	0.0	0.0	0.0	0.0	0.0	0.0	0.0	0.0	0.0	0.001393470356	0.0	1.087584e-05	0.0	0.00762537086	0.0	0.033173891403	0.000194374128	0.015412381191	0.000453542856	0.003628109409	0.0001730575	0.007937662814
0.0	0.0	0.0	0.0	0.0	0.0	0.0	0.0	0.0	0.0	0.0	0.0	0.0	0.001371942405	0.0	1.068494e-05	0.0	0.017237988927	0.0	0.03322950551	0.000183577056	0.015424826277	0.000453540672	0.003640649052	0.000173056375	0.007895916546
0.0	0.0	0.0	0.0	0.0	0.0	0.0	0.0	0.0	0.0	0.0	0.0	0.0	0.00139357952	0.0	1.0784025e-05	0.0	0.005399792934	0.0	0.034231029514	0.000183579552	0.015368641741	0.000453545976	0.003650989319	0.000173055375	0.007993377038
0.0	0.0	0.0	0.0	0.0	0.0	0.0	0.0	0.0	0.0	0.0	0.0	0.0	0.001404409	0.0	1.067654e-05	0.0	0.005420727667	0.0	0.034726994208	0.000205179312	0.015456911795	0.000453544104	0.003628801816	0.000118976	0.008013188544
0.0	0.0	0.0	0.0	0.0	1.078992e-05	0.0	0.0	0.0	0.0	0.0	0.0	0.0	0.001372125184	0.0	2.156078e-05	0.0	0.00543103605	0.0	0.033149368457	0.000205172448	0.015413366031	0.000475137936	0.003650054343	0.000151425375	0.007993100789
0.0	0.0	0.0	0.008132774214	0.0	4.3202548e-05	0.0	0.020553722704	0.0	0.001480484044	0.0	0.009860784343	0.0	0.005194529915	1.079832e-05	0.008089639902	0.000907067616	0.019831341074	0.000734296992	0.037350543824	0.000863881824	0.024364262098	0.000453533808	0.003628949226	0.00016223175	0.00925450523
0.0	0.0	0.0	0.0	0.0	0.0	0.0	0.0	0.0	0.0	0.0	0.0	0.0	0.003002660016	0.0	1.068704e-05	0.0	0.017284136126	0.0	0.033138330942	0.000183576432	0.015402860504	0.000442745472	0.003554039472	0.000162238875	0.007959577986
0.000140380344	0.00341213484	0.0	0.000863834395	0.0	0.003975686371	0.0	0.004579573636	0.0	0.011568955334	0.0	0.015303146186	0.0	0.003317124818	0.0	0.025385870881	0.0	0.005431090444	0.0	0.034757974436	0.00018357144	0.015422584754	0.000464333688	0.004028455038	0.000173055125	0.007905427896
0.0	0.0	0.0	0.0	0.0	0.0	0.0	0.00484815099	0.0	0.0	0.0	0.016060967913	0.0	0.001426129397	0.0	0.025596032357	0.0	0.017249588375	0.0	0.034751703661	0.000172778112	0.015423048611	0.000464338992	0.003573458503	0.000151422375	0.008024147734
0.0	0.0	0.0	0.0	0.0	0.0	0.0	0.004568177454	0.0	0.0	0.0	0.015383467102	0.0	0.001393638225	0.0	0.025570049692	0.0	0.005344766767	0.0	0.034760309864	0.000194378496	0.015455325009	0.000453541608	0.00365078546	0.00012979275	0.00800349268
0.0	0.0	0.0	0.0	0.0	0.0	0.0	0.0	0.0	0.0	0.0	0.0	0.0	0.002991638376	0.0	2.175204e-05	0.0	0.017240432903	0.0	0.033223104066	0.000183580176	0.015389501715	0.000485940624	0.003607129209	0.00018387375	0.007959337872
0.0	0.0	0.0	0.0	0.0	0.0	0.0	0.0	0.0	0.0	0.0	0.0	0.0	0.001415350374	0.0	0.0	0.0	0.005388079259	0.0	0.034736262792	0.000205168704	0.015412976536	0.00047514948	0.003606441685	0.0001622395	0.007991817107
0.0	0.0	0.0	0.0	0.0	0.0	0.0	0.004653185723	0.0	0.0	0.0	0.015467438492	0.0	0.001382935053	0.0	0.02547484864	0.0	0.005409777606	0.0	0.034760136481	0.000183575184	0.015423556681	0.000475135128	0.003618410416	0.0001730575	0.007916539207
0.0	2.1543707e-05	0.0	0.0	0.0	0.0	0.0	0.0	0.0	0.000421143316	0.0	5.4008183e-05	0.0	0.001372107843	0.0	0.006869104714	0.0	0.005431427819	0.0	0.034684297603	0.000205167456	0.015402967201	0.000442736736	0.003651170903	0.00016223875	0.007960799244
0.0	0.0	0.0	0.0	0.0	0.0	0.0	0.004557710011	0.0	0.0	0.0	0.015304117698	0.0	0.001393482919	0.0	0.025418380963	0.0	0.005432336958	0.0	0.034683931983	0.000183582048	0.015390306803	0.000464342424	0.003703297299	0.000162238875	0.007904642277
5.3992224e-05	0.000744589021	0.0	0.0	0.0	0.0	0.0	0.004623238069	0.0	0.000443384035	0.0	0.015453708178	0.0	0.001383061566	0.0	0.025424769146	0.0	0.005431966668	0.0	0.034715990747	0.000183570816	0.015391121901	0.000485930016	0.00366094307	0.000118976	0.00794871585
0.0	0.0	0.0	0.0	0.0	0.0	0.0	0.0	0.0	0.0	0.0	0.0	0.0	0.001372160911	0.0	2.175174e-05	0.0	0.005378183942	0.0	0.033226863415	0.000183581424	0.015443067266	0.00044274672	0.003694126552	0.000173057	0.007872733582
3.2395896e-05	0.026115941022	0.0	5.3985764e-05	0.0	0.020469659715	0.0	0.000259323365	0.0	0.019102391675	0.0	0.001134310192	0.0	0.003900766102	0.0	0.025514001696	0.0	0.010334203715	0.0	0.037147126298	0.000194371008	0.01542436916	0.000464333688	0.004610304095	0.000129790875	0.008176487366
3.2395896e-05	0.001381583557	0.0	0.0	0.0	0.003921852801	0.0	0.0	0.0	0.011408225113	0.0	6.4793146e-05	0.0	0.003284890129	0.0	0.024042637686	0.0	0.005344432294	0.0	0.034782656185	0.000205166208	0.015542803457	0.00046433556	0.004059915077	0.00015142475	0.008026247398
0.0	0.0	0.0	0.0	0.0	0.0	0.0	0.004504457533	0.0	0.0	0.0	0.015389590286	0.0	0.001371468775	0.0	0.025543982724	0.0	0.005452981872	0.0	0.034705403105	0.00019438224	0.015411202419	0.000442742976	0.003660404988	0.000118977625	0.008001560622
0.0	0.0	0.0	0.0	0.0	0.0	0.0	0.004579703002	0.0	0.0	0.0	0.015390806279	0.0	0.001372096727	0.0	0.025598403418	0.0	0.005462962822	0.0	0.034673815789	0.000183580176	0.015379899771	0.000431946216	0.003594837185	0.000173057125	0.007959069644
0.0	0.0	0.0	0.0	0.0	0.0	0.0	0.0	0.0	0.0	0.0	0.0	0.0	0.001393365603	0.0	2.1458325e-05	0.0	0.005421638622	0.0	0.033248947553	0.000194381616	0.015498126193	0.000464340552	0.003651213647	0.000151424625	0.007917168115
0.0	0.0	0.0	0.0	0.0	0.0	0.0	0.0	0.0	0.0	0.0	0.0	0.0	0.00295863516	0.0	2.155452e-05	0.0	0.017348362185	0.0	0.033213645348	0.000194381616	0.01538064509	0.00044274516	0.00363886482	0.000151424875	0.007980337622
0.0	0.00056034087	0.0	0.0	0.0	0.000885789479	0.0	0.0	0.0	0.004115120507	0.0	5.4003369e-05	0.0	0.001415253483	0.0	0.021134617895	0.0	0.00539940661	0.0	0.034781586369	0.000172774992	0.0155009929	0.000453541608	0.003542745498	0.000162241625	0.007983014189
0.0	0.0	0.0	0.0	0.0	0.0	0.0	0.004569310437	0.0	0.0	0.0	0.01534885081	0.0	0.001371497348	0.0	0.025584757621	0.0	0.00544268753	0.0	0.03474750492	0.000205176192	0.015422902453	0.000464339304	0.003660905373	0.000140608125	0.007981280455
0.0	0.0	0.0	0.0	0.0	0.0	0.0	0.000972834468	0.0	0.0	0.0	1.0814877e-05	0.0	0.00141535534	0.0	1.0684905e-05	0.0	0.017227570161	0.0	0.033181848497	0.000172778736	0.015424420549	0.000431945904	0.003628976226	0.000151419125	0.007960833169
4.3194528e-05	0.026160627375	0.0	6.4777357e-05	0.0	0.020448907518	0.0	0.000248501328	0.0	0.02579150234	0.0	0.001112607883	0.0	0.03195727304	0.0	0.02562704782	0.0	0.022467142539	0.0	0.037255403945	0.000205168704	0.015477984226	0.000475128576	0.004514300488	0.0001297915	0.008120573507
0.0	0.0	0.0	0.0	0.0	0.0	0.0	0.0	0.0	0.0	0.0	0.0	0.0	0.002981254862	0.0	2.166995e-05	0.0	0.017314294056	0.0	0.033269980765	0.000194376	0.015466783723	0.00045354192	0.003651535564	0.00016224225	0.007960455159
0.0	0.0	0.0	0.000334848968	0.0	0.0	0.0	0.00192340226	0.0	0.0	0.0	1.0801752e-05	0.0	0.001437143494	0.0	0.002668457336	0.0	0.017227105704	0.0	0.033230581776	0.00017277936	0.015564988572	0.00046433868	0.003585683427	0.000162234125	0.008004603621
0.0	0.0	0.0	0.0	0.0	0.0	0.0	0.0	0.0	0.0	0.0	0.0	0.0	0.00140436332	0.0	0.0	0.0	0.005442518669	0.0	0.034242578099	0.00017278248	0.015314308714	0.000442746096	0.003605759965	0.000183872625	0.007927190275
0.0	0.0	0.0	0.0	0.0	0.0	0.0	0.0	0.0	0.0	0.0	0.0	0.0	0.001371506257	0.0	2.175168e-05	0.0	0.005431395586	0.0	0.033181184405	0.000183580176	0.015368424412	0.000485940312	0.003662026594	0.000140609125	0.00793862849
0.0	0.0	0.0	0.0	0.0	0.0	0.0	0.0	0.0	0.0	0.0	0.0	0.0	0.00138291356	0.0	1.087584e-05	0.0	0.005506324968	0.0	0.033213395407	0.00019437912	0.015390920198	0.000464341488	0.003737252721	0.000151425125	0.00788433691
0.0	0.0	0.0	0.002290821785	0.0	3.2436147e-05	0.0	0.014849886535	0.0	0.000864324553	0.0	5.4183013e-05	0.0	0.001760942045	0.0	0.007948692066	0.000637102752	0.017378757806	0.0	0.033184815631	0.000205173072	0.016233288357	0.000431945904	0.003649957077	0.000173053625	0.008640310221
0.0	0.0	0.0	0.0	0.0	0.0	0.0	0.0	0.0	0.0	0.0	0.0	0.0	0.001371976365	0.0	1.068494e-05	0.0	0.005441509248	0.0	0.033173165559	0.000194378496	0.015412613535	0.000453544104	0.003616609299	0.000162241375	0.007938652322
0.0	0.0	0.0	0.0	0.0	0.0	0.0	0.0	0.0	0.0	0.0	0.0	0.0	0.001382923713	0.0	1.068704e-05	0.0	0.007549951745	0.0	0.033196192817	0.000172777488	0.015423315879	0.000475139496	0.003640473377	0.00016223925	0.007939857095
0.0	0.0	0.0	0.0	0.0	0.0	0.0	0.0	0.0	0.0	0.0	0.0	0.0	0.001382567911	0.0	2.155236e-05	0.0	0.005324252241	0.0	0.033182602342	0.000205178064	0.015466607028	0.000464342424	0.003606105167	0.00012979375	0.007948662646
0.0	0.0	0.0	0.0	0.0	0.0	0.0	0.0	0.0	0.0	0.0	0.0	0.0	0.001382696114	0.0	1.0684905e-05	0.0	0.017206629712	0.0	0.033250328015	0.000205173072	0.015499532704	0.000464343672	0.003629059439	0.000140609125	0.008014907594
0.0	0.0	0.0	0.0	0.0	0.0	0.0	0.0	0.0	0.0	0.0	0.0	0.0	0.001393578593	0.0	2.166884e-05	0.0	0.005430664065	0.0	0.033194841587	0.000194377248	0.015498993502	0.000442740792	0.003631414688	0.000151426125	0.007917181972
0.0	0.0	0.0	0.0	0.0	0.0	0.0	0.000172631094	0.0	0.0	0.0	0.0	0.0	0.00138293529	0.0	1.068704e-05	0.0	0.017325073203	0.0	0.033197012972	0.000194374752	0.015359292896	0.000485937816	0.003650178202	0.000151425125	0.007960279389
4.3194528e-05	0.0013819665	0.0	0.0	0.0	0.003987036528	0.0	0.0	0.0	0.011493943042	0.0	4.3208532e-05	0.0	0.003273686008	0.0	0.024084994827	0.0	0.005420340341	0.0	0.034749696664	0.000183570816	0.015410779481	0.000431941848	0.004006322931	0.000151425375	0.007950020822
0.0	0.0	0.0	0.0	0.0	0.0	0.0	0.0	0.0	0.0	0.0	0.0	0.0	0.002981200221	0.0	0.0	0.0	0.017231033773	0.0	0.033204705429	0.000183577056	0.015324719329	0.000485939064	0.003627933418	0.00017305475	0.007969822154
0.0	0.0	0.0	0.0	0.0	0.0	0.0	0.0	0.0	0.0	0.0	0.0	0.0	0.001393075944	0.0	2.155296e-05	0.0	0.005409834451	0.0	0.033192352902	0.00021597888	0.015431926438	0.000431944032	0.003595368302	0.00012979275	0.007937082168
0.0	0.000388213454	0.0	0.0	0.0	0.0	0.0	0.004492668761	0.0	0.0	0.0	0.015358802819	0.0	0.001382613334	0.0	0.025502508141	0.0	0.005367432037	0.0	0.03480290261	0.000205168704	0.015520655088	0.000464345544	0.003641301534	0.000140608	0.007895878093
0.0	0.0	0.0	0.0	0.0	0.0	0.0	0.0	0.0	0.0	0.0	0.0	0.0	0.001361199097	0.0	2.15609e-05	0.0	0.005431615628	0.0	0.033151470514	0.000183582672	0.015391500681	0.00046434024	0.003650737602	0.000140610375	0.008001670236
0.0	0.0	0.0	0.0	0.0	0.0	0.0	0.004547016133	0.0	0.0	0.0	0.015358536377	0.0	0.001382186019	0.0	0.025418896569	0.0	0.005474795483	0.0	0.034738667803	0.00019437912	0.015358725568	0.0004643418	0.003639384537	0.00016223825	0.007947958636
0.0	0.0	0.0	0.0	0.0	0.0	0.0	0.004654569883	0.0	0.0	0.0	0.01546523199	0.0	0.001393154913	0.0	0.025465073173	0.0	0.005367030347	0.0	0.034802339198	0.000183579552	0.015389347461	0.000475140744	0.003618169557	0.000173055375	0.007949752083
0.0	0.0	0.0	0.000302239435	0.0	0.0	0.0	0.001901882208	0.0	0.0	0.0	0.0	0.0	0.001469406806	0.0	0.00273284849	0.0	0.01729264886	0.0	0.033216999575	0.000183575184	0.015478284864	0.00045354192	0.003705152322	0.000183868625	0.007960833819
0.0	0.0	0.0	0.0	0.0	0.0	0.0	0.0	0.0	0.000875052261	0.0	0.0	0.0	0.002991717813	0.0	1.0783885e-05	0.0	0.01731914695	0.0	0.034748547704	0.000183572064	0.015410797262	0.000453545664	0.003660912742	0.000162239	0.007904242604
0.0	0.0	0.0	0.0	0.0	0.0	0.0	0.0	0.0	0.0	0.0	0.0	0.0	0.001361285749	0.0	1.068494e-05	0.0	0.005377664806	0.0	0.033215127544	0.000194374128	0.015466114585	0.0004643418	0.003638661432	0.000151423125	0.007894433353
0.0	0.0	0.0	0.0	0.0	0.0	0.0	0.004611900928	0.0	0.0	0.0	0.015456129926	0.0	0.001393107232	0.0	0.025612607259	0.0	0.005475762564	0.0	0.034770858886	0.00017278248	0.015411944469	0.000453544104	0.003586506303	0.000162240875	0.007937112314
0.0	0.0	0.0	0.0	0.0	0.0	0.0	0.004633638807	0.0	0.0	0.0	0.015497607659	0.0	0.001382733506	0.0	0.025468973221	0.0	0.017422990901	0.0	0.034761542673	0.000183575808	0.015303514886	0.000496737696	0.003683708477	0.00016224	0.007851235604
0.0	0.0	0.0	0.0	0.0	0.0	0.0	0.0	0.0	0.0	0.0	0.0	0.0	0.002970265166	0.0	2.1563095e-05	0.0	0.017251457156	0.0	0.033180801558	0.000205181184	0.01542315728	0.000453540048	0.003618081628	0.00010816125	0.008002115863
0.0	0.0	0.0	0.000302157929	0.0	0.0	0.0	0.007182958257	0.0	0.0	0.0	0.025011489592	0.0	0.001469215216	0.0	0.037959390778	0.0	0.017293950236	0.0	0.034697618201	0.000194373504	0.015574300426	0.000485937816	0.003628556868	0.000151422	0.00792637754
0.0	0.0	0.0	0.0	0.0	0.0	0.0	0.0	0.0	0.0	0.0	0.0	0.0	0.001382718696	0.0	0.0	0.0	0.005474218133	0.0	0.034737581951	0.000161981664	0.015391527557	0.000507536952	0.003628668547	0.000162239125	0.007948736961
0.0	0.0	0.0	0.0	0.0	0.0	0.0	0.0	0.0	0.0	0.0	0.0	0.0	0.001383067619	0.0	1.087584e-05	0.0	0.005409876013	0.0	0.033213556938	0.000161980416	0.015389918337	0.000464337432	0.003585245521	0.000183871125	0.007949175761
0.0	0.0	0.0	0.0	0.0	0.0	0.0	0.000172530215	0.0	0.0	0.0	0.0	0.0	0.00141506709	0.0	1.068494e-05	0.0	0.017240650166	0.0	0.033184566818	0.000194375376	0.015422309012	0.00045354348	0.003649477574	0.000129793875	0.007970477468
0.0	0.0	0.0	0.0	0.0	0.0	0.0	0.004482942368	0.0	0.0	0.0	0.015401062023	0.0	0.001360914256	0.0	0.025536061171	0.0	0.005443383277	0.0	0.034737403294	0.00018358392	0.015433092561	0.000453542856	0.003694049897	0.000151423875	0.007990054875
0.0	0.0	0.0	0.0	0.0	0.0	0.0	0.0	0.0	0.0	0.0	0.0	0.0	0.001382988116	0.0	1.0682805e-05	0.0	0.005431094616	0.0	0.033204248692	0.000194375376	0.015380179082	0.000453539112	0.003662270286	0.00015142625	0.007939726812
0.0	0.0	0.0	0.002171370742	0.0	2.1618786e-05	0.0	0.01488194139	0.0	0.000777935317	0.0	9.7307105e-05	0.0	0.00330434191	0.0	0.007810161001	0.000615505488	0.017259438636	0.0	0.033149985479	0.000183575808	0.01621319071	0.000453541608	0.003607013198	0.00015141925	0.008661992746
0.0	0.0	0.0	0.0	0.0	0.0	0.0	0.0	0.0	0.0	0.0	0.0	0.0	0.001404416322	0.0	2.175318e-05	0.0	0.005367203762	0.0	0.033160239292	0.000215976384	0.015422794946	0.000442745784	0.0036717951	0.00016224025	0.007959360885
0.0	0.0	0.0	0.0	0.0	0.0	0.0	0.0	0.0	0.0	0.0	0.0	0.0	0.001393712378	0.0	0.0	0.0	0.005442950691	0.0	0.033140286277	0.0001835808	0.015380726728	0.000475141992	0.003639756571	0.00015142525	0.007917512976
0.0	0.0	0.0	0.0	0.0	0.0	0.0	0.0	0.0	0.0	0.0	0.0	0.0	0.002991897907	0.0	2.1565195e-05	0.0	0.017206604763	0.0	0.033226762912	0.000215971392	0.015509660655	0.000442742976	0.003650653381	0.0001406065	0.007970606077
0.0	0.0	0.0	0.0	0.0	0.0	0.0	0.0	0.0	0.0	0.0	0.0	0.0	0.001393160264	0.0	2.175186e-05	0.0	0.005485182612	0.0	0.033117320387	0.000183580176	0.015391199909	0.000442745784	0.003608130506	0.00017305775	0.007948841599
0.0	0.0	0.0	0.0	0.0	0.0	0.0	0.004601899843	0.0	0.0	0.0	0.015369935788	0.0	0.001382694748	0.0	0.025511090861	0.0	0.005441628715	0.0	0.034674058379	0.000194377248	0.015369608891	0.00044273892	0.003596335548	0.000140609625	0.008001480995
0.0	2.1535683e-05	0.0	0.0	0.0	0.0	0.0	0.0	0.0	0.004287600912	0.0	4.3234768e-05	0.0	0.004276945859	0.0	0.006969059595	0.0	0.017208898038	0.0	0.034705295562	0.000172773744	0.01542302624	0.000475133568	0.003584340446	0.00014060975	0.007971785301
0.0	0.0	0.0	0.0	0.0	0.0	0.0	0.0	0.0	0.0	0.0	0.0	0.0	0.00295963487	0.0	2.156096e-05	0.0	0.017328946884	0.0	0.033151256973	0.000194376	0.015401038596	0.000442743288	0.003606807424	0.00014061	0.007990611379
0.0	0.0	0.0	0.0	0.0	0.0	0.0	0.0	0.0	0.0	0.0	0.0	0.0	0.002969784654	0.0	1.0674265e-05	0.0	0.017245103773	0.0	0.033171433708	0.000194380368	0.015379175432	0.000453544104	0.003736690197	0.000162239375	0.007904994938
0.0	0.0	0.0	0.0	0.0	0.0	0.0	0.004568960205	0.0	0.0	0.0	0.015413558649	0.0	0.001350329537	0.0	0.025595795528	0.0	0.005409772128	0.0	0.034759598188	0.000205176192	0.015468131567	0.000475137624	0.003641237974	0.000162240125	0.007915186096
0.0	0.0	0.0	0.0	0.0	0.0	0.0	0.0	0.0	0.0	0.0	0.0	0.0	0.001382502366	0.0	2.1560745e-05	0.0	0.005430847381	0.0	0.033191665169	0.000194377248	0.015445498683	0.000453541608	0.003639565737	0.00014061	0.008003225333
0.0	0.0	0.0	0.0	0.0	0.0	0.0	0.0	0.0	0.0	0.0	0.0	0.0	0.001404532175	0.0	1.0676505e-05	0.0	0.005464486844	0.0	0.03473710521	0.00020517744	0.015370075199	0.000442741728	0.003617872673	0.000151424375	0.008003346175
0.0	0.0	0.0	0.0	0.0	0.0	0.0	0.000161922379	0.0	0.0	0.0	0.0	0.0	0.002937110863	0.0	1.068494e-05	0.0	0.017238553616	0.0	0.033183989044	0.000205173696	0.015456123166	0.00046434492	0.003639082991	0.0001297905	0.007915151116
0.0	0.0	0.0	0.0	0.0	0.0	0.0	0.004580058662	0.0	0.0	0.0	0.015358628592	0.0	0.00139347808	0.0	0.025408111763	0.0	0.005463924101	0.0	0.034769902806	0.000194374752	0.015369032088	0.000442741104	0.003640216523	0.000173057125	0.007959473141
0.0	0.0	0.0	0.0	0.0	0.0	0.0	0.0	0.0	0.0	0.0	0.0	0.0	0.002937406061	0.0	1.087602e-05	0.0	0.017284242908	0.0	0.033191860312	0.000183579552	0.015423469799	0.000442739544	0.003693182832	0.000173057625	0.007958397542
0.0	0.0	0.0	0.0	0.0	0.0	0.0	0.0	0.0	0.0	0.0	0.0	0.0	0.001350355597	0.0	2.1660985e-05	0.0	0.005431724708	0.0	0.033179574922	0.000194382864	0.015455820119	0.000453542544	0.003672148967	0.00015142525	0.007927445216
0.0	0.0	0.0	0.0	0.0	0.0	0.0	0.0	0.0	0.0	0.0	0.0	0.0	0.001371908868	0.0	3.242814e-05	0.0	0.005400074493	0.0	0.033169932088	0.0001835808	0.015400282068	0.000464342424	0.003638941778	0.0001622395	0.007948218278
0.0	0.0	0.0	0.0	0.0	0.0	0.0	0.0	0.0	0.0	0.0	0.0	0.0	0.002936834324	0.0	0.0	0.0	0.017305577987	0.0	0.033257460362	0.000172781856	0.015368065546	0.000453544416	0.003597243289	0.000162240625	0.007968997529
0.0	0.000172172771	0.0	0.0	0.0	0.0	0.0	0.004545860748	0.0	0.0	0.0	0.015496851363	0.0	0.001383138923	0.0	0.025609987323	0.0	0.005367662043	0.0	0.034759405872	0.000172781232	0.015553975887	0.000464343048	0.003660971544	0.000140609375	0.007938746019
0.0	0.0	0.0	0.0	0.0	0.0	0.0	0.0	0.0	0.0	0.0	0.0	0.0	0.001415476386	0.0	0.0	0.0	0.005421292155	0.0	0.033463375222	0.000194377248	0.015443708818	0.00045354036	0.003607250002	0.000140608875	0.007938260559
0.0	0.0	0.0	0.0	0.0	0.0	0.0	0.0	0.0	0.0	0.0	0.0	0.0	0.001393591198	0.0	1.0684905e-05	0.0	0.005495596815	0.0	0.033203689916	0.000172778736	0.015423143742	0.000442743912	0.003596612468	0.000151423375	0.007970180252
0.0	0.0	0.0	0.0	0.0	0.0	0.0	0.0	0.0	0.0	0.0	0.0	0.0	0.001349993668	0.0	2.175174e-05	0.0	0.005421608729	0.0	0.033171307435	0.000205176816	0.015444673554	0.000464339928	0.003639393319	0.000162240375	0.00791576465
0.0	0.0	0.0	0.0	0.0	0.0	0.0	0.004568049775	0.0	0.0	0.0	0.015466319963	0.0	0.001415246106	0.0	0.025561509071	0.0	0.007516648034	0.0	0.034727854666	0.000205172448	0.01542353794	0.000464343048	0.003628657039	0.000129791625	0.00793591901
0.0	0.0	0.0	0.0	0.0	0.0	0.0	0.0	0.0	0.0	0.0	0.0	0.0	0.001382839023	0.0	1.0682805e-05	0.0	0.005496059942	0.0	0.03320330225	0.000194374752	0.015336291901	0.000496734576	0.003672495998	0.00014060975	0.007904635217
0.0	0.0	0.0	0.0	0.0	0.0	0.0	0.001091672597	0.0	0.0	0.0	0.0	0.0	0.0029158053	0.0	1.068704e-05	0.0	0.017387575926	0.0	0.033160843134	0.000183575184	0.015324612805	0.000496734576	0.003650832303	0.00016223475	0.007925322216
5.3991288e-05	0.001975108949	0.0	0.0	0.0	0.000950910656	0.0	0.004547307103	0.0	0.004050228889	0.0	0.015421036982	0.0	0.001393539953	0.0	0.025550550214	0.0	0.005442094995	0.0	0.034693763261	0.00019436976	0.01546457056	0.000475135128	0.003617282619	0.000151425125	0.007937362214
0.0	3.2311578e-05	0.0	0.0	0.0	0.0	0.0	0.0	0.0	0.000453908704	0.0	7.5575161e-05	0.0	0.001415536469	0.0	0.006902526943	0.0	0.005399741964	0.0	0.034727665957	0.000205167456	0.015381003985	0.00047513076	0.003629436853	0.000108160125	0.008002892582
0.0	0.0	0.0	0.0	0.0	0.0	0.0	0.0	0.0	0.0	0.0	0.0	0.0	0.001360902611	0.0	2.1659915e-05	0.0	0.005442630396	0.0	0.033236013358	0.000183582048	0.015465783367	0.000453543168	0.003618685006	0.0001622395	0.007971062597
0.0	0.0	0.0	0.0	0.0	0.0	0.0	0.0	0.0	0.0	0.0	0.0	0.0	0.001382740689	0.0	0.0	0.0	0.005324672185	0.0	0.033184175859	0.000194379744	0.015562872927	0.000464342112	0.003595740022	0.000151426	0.007970537405
0.0	0.0	0.0	0.008067210826	0.0	2.16189e-05	0.0	0.020573452222	0.0	0.001264307377	0.0	0.009807261089	0.0	0.005216005109	0.0	0.007992505293	0.000896271792	0.019980371392	0.00072349992	0.037395377694	0.000831485616	0.024321690183	0.00048593064	0.003597952361	0.000173048875	0.009200866645
0.0	0.0	0.0	0.0	0.0	0.0	0.0	0.0	0.0	0.0	0.0	0.0	0.0	0.002948847571	0.0	0.0	0.0	0.017220444331	0.0	0.033485831908	0.000172779984	0.015520677244	0.000464341488	0.003638881631	0.000151425	0.007949520689
0.0	0.0	0.0	0.008435972461	0.0	0.000453733232	0.0	0.032541384503	0.0	0.002085087703	0.0	0.04494248536	0.0	0.005140312086	0.0	0.044348679753	0.000885467856	0.019798592073	0.00074509656	0.038943628852	0.00086387808	0.024440330008	0.000453536304	0.003661832753	0.0001405995	0.009225195968
0.0	0.0	0.0	0.0	0.0	0.0	0.0	0.00463293161	0.0	0.0	0.0	0.015442900006	0.0	0.001382846853	0.0	0.025533412894	0.0	0.005441944433	0.0	0.034716204018	0.000172778112	0.015412352526	0.000431943096	0.003597239265	0.0001622385	0.007981935144
0.0	0.000549687238	0.0	0.0	0.0	0.000875146721	0.0	0.0	0.0	0.004125615163	0.0	7.5602518e-05	0.0	0.001393905317	0.0	0.02094316535	0.0	0.005485547596	0.0	0.03476873221	0.000183573936	0.015378703467	0.00046433712	0.003641094326	0.000183871125	0.00798297847
2.1597264e-05	0.026150373046	0.0	5.401835e-05	0.0	0.020492338075	0.0	0.000259260125	0.0	0.0191691941	0.0	0.001134187943	0.0	0.004008275475	0.0	0.025440547993	0.0	0.010345421263	0.0	0.037160695902	0.000183573936	0.015358280337	0.00048592908	0.00463329289	0.000151421375	0.008068025493
0.0	0.0	0.0	0.002257793703	0.0	0.000464664999	0.0	0.019386001286	0.0	0.001372053093	0.0	0.036410705692	0.0	0.001750016095	0.0	0.044067902928	0.00061551048	0.017368633796	0.0	0.034732694992	0.000194374752	0.016190759534	0.000485937504	0.003693578946	0.000129788125	0.008617676706
0.0	0.0	0.0	0.0	0.0	0.0	0.0	0.0	0.0	0.0	0.0	0.0	0.0	0.001393744054	0.0	1.068704e-05	0.0	0.017261463953	0.0	0.033205495602	0.000183577056	0.015465855102	0.000464342424	0.003629356079	0.000183870625	0.007915638999
0.0	0.0	0.0	0.0	0.0	0.0	0.0	0.004612432672	0.0	0.0	0.0	0.015368999476	0.0	0.001372020921	0.0	0.025427721908	0.0	0.005452573218	0.0	0.034813966292	0.000183579552	0.015412173288	0.000453544104	0.003639855984	0.000173057875	0.008002859313
0.0	0.0	0.0	0.0	0.0	0.0	0.0	0.004557818494	0.0	0.0	0.0	0.01538999466	0.0	0.001404313375	0.0	0.025500979319	0.0	0.017301298181	0.0	0.034760449123	0.00020517432	0.015379463302	0.000464339928	0.003694396097	0.00014061	0.007960226558
0.0	0.0	0.0	0.008036177976	0.0	2.1632048e-05	0.0	0.020573556042	0.0	0.001382832042	0.0	0.009808270189	0.0	0.005260660251	0.0	0.008186965397	0.000842272704	0.019843509941	0.000755896128	0.037351664842	0.000831482496	0.024431728999	0.000464335248	0.003584805322	0.000162235125	0.009243954307
0.0	0.0	0.0	0.000269511114	0.0	0.0	0.0	0.001889189289	0.0	0.0	0.0	0.0	0.0	0.00300200442	0.0	0.002787319502	0.0	0.017227679284	0.0	0.03321574637	0.00020517432	0.015543758144	0.000464339928	0.003704459805	0.00014060675	0.007927153475
0.0	0.0	0.0	0.0	0.0	0.0	0.0	0.0	0.0	0.0	0.0	0.0	0.0	0.00141543998	0.0	0.0	0.0	0.005431835239	0.0	0.034705809833	0.000194380992	0.015413549418	0.000442747344	0.003661547989	0.000140609125	0.007982418228
0.0	0.0	0.0	0.0	0.0	0.0	0.0	0.0	0.0	0.0	0.0	0.0	0.0	0.002980937593	0.0	2.175204e-05	0.0	0.017369262071	0.0	0.033202851436	0.000183575808	0.015314890132	0.00044274204	0.003585026631	0.0001838735	0.007948808805
0.0	0.0	0.0	0.0	0.0	0.0	0.0	0.0	0.0	0.0	0.0	0.0	0.0	0.002991225701	0.0	1.0680775e-05	0.0	0.017242646398	0.0	0.034715014678	0.000194378496	0.015458066164	0.000475139496	0.003617790853	0.00016224	0.007915984389
0.0	0.0	0.0	0.0	0.0	0.0	0.0	0.0	0.0	0.0	0.0	0.0	0.0	0.002958641351	0.0	0.0	0.0	0.017233323762	0.0	0.033158617684	0.00020517744	0.01541280209	0.000475140432	0.003629588504	0.0001622395	0.008023282872
0.0	0.0	0.0	0.002269131605	0.0	4.3224514e-05	0.0	0.01484856511	0.0	0.000831993472	0.0	5.4097579e-05	0.0	0.001825667087	0.0	0.008024859067	0.00058310616	0.017314354538	0.0	0.033195777305	0.000205171824	0.01624592045	0.0004751448	0.003649425667	0.000108158375	0.008683855241
0.0	0.0	0.0	0.0	0.0	0.0	0.0	0.0	0.0	0.0	0.0	0.0	0.0	0.00140439162	0.0	1.068494e-05	0.0	0.01725090637	0.0	0.033182152105	0.000194375376	0.015444964054	0.000453544416	0.003693544584	0.00017305825	0.007927569349
0.0	0.000538797051	0.0	0.0	0.0	0.000864166292	0.0	0.0	0.0	0.013726949569	0.0	4.3229226e-05	0.0	0.01168866968	0.0	0.021045757348	0.0	0.017262506501	0.0	0.03475994483	0.000205168704	0.015412084934	0.000464336808	0.00369421958	0.00014060875	0.007938321775
0.0	0.0	0.0	0.0	0.0	0.0	0.0	0.0	0.0	0.0	0.0	0.0	0.0	0.001404436893	0.0	0.0	0.0	0.005464413852	0.0	0.034791560675	0.000172774992	0.015292479822	0.000464349912	0.003607657675	0.000183871125	0.007905787823
0.000161977608	0.032544483233	0.0	0.001652932119	0.0	0.020480331279	0.0	0.004848432658	0.0	0.019223950271	0.0	0.015453765766	0.0	0.003856989523	0.0	0.025577684074	0.0	0.010312582831	0.0	0.037234424659	0.000183572688	0.015497838946	0.000453535056	0.004546528876	0.000140608125	0.008143730377
0.0	0.0	0.0	0.0	0.0	0.0	0.0	0.0	0.0	0.0	0.0	0.0	0.0	0.00294815265	0.0	1.0674405e-05	0.0	0.017242595414	0.0	0.034221481327	0.00019437912	0.015456329396	0.000464340552	0.003662570975	0.00014060875	0.007907404573
0.0	0.0	0.0	0.0	0.0	0.0	0.0	0.0	0.0	0.0	0.0	0.0	0.0	0.00138282945	0.0	1.087596e-05	0.0	0.005431900277	0.0	0.033214708015	0.0001835808	0.015337782357	0.000496738632	0.003673636606	0.000173056375	0.007916511519
0.0	0.0	0.0	0.0	0.0	0.0	0.0	0.0	0.0	0.0	0.0	0.0	0.0	0.002916891237	0.0	0.0	0.0	0.017317010789	0.0	0.034761906085	0.000183581424	0.015380567125	0.000485940936	0.003725354354	0.00011897575	0.00792693734
0.0	0.0	0.0	0.0	0.0	0.0	0.0	0.0	0.0	0.0	0.0	0.0	0.0	0.001371961687	0.0	2.154674e-05	0.0	0.005496955388	0.0	0.033463119241	0.00020517744	0.01535924675	0.000442743288	0.003661195249	0.000151423375	0.00798265517
0.0	0.0	0.0	0.0	0.0	0.0	0.0	0.0	0.0	0.0	0.0	0.0	0.0	0.001382308421	0.0	3.2534555e-05	0.0	0.00542163028	0.0	0.033236059427	0.000183580176	0.015467158698	0.000475142304	0.003651155587	0.000173055375	0.007917692935
0.0	0.0	0.0	0.0	0.0	0.0	0.0	0.00615612494	0.0	0.0	0.0	0.016211430207	0.0	0.001425818204	0.0	0.028592643287	0.0	0.017270132704	0.0	0.034759664546	0.000194374752	0.015412726273	0.000464341176	0.003617969476	0.00016223625	0.007926733777
4.3194528e-05	0.00138180723	0.0	0.0	0.0	0.003976803872	0.0	0.0	0.0	0.022638699315	0.0	7.5633548e-05	0.0	0.020969293101	0.0	0.023951936741	0.0	0.017413567334	0.0	0.034694191819	0.00018357144	0.015291121485	0.000496730208	0.004051426245	0.00016224	0.007904253532
0.0	0.0	0.0	0.0	0.0	0.0	0.0	0.004601708668	0.0	0.0	0.0	0.015422472979	0.0	0.001393740984	0.0	0.025456040402	0.0	0.005431917327	0.0	0.03471463591	0.000183577056	0.015389935414	0.000475139184	0.003638422243	0.000173054875	0.007927022796
0.0	0.0	0.0	0.0	0.0	0.0	0.0	0.001145772124	0.0	0.0	0.0	1.0793916e-05	0.0	0.001415337244	0.0	1.068494e-05	0.0	0.017182691207	0.0	0.033229338318	0.000205173696	0.015489624104	0.000464344296	0.003628402797	0.000151421875	0.008068140037
0.0	0.0	0.0	0.0	0.0	0.0	0.0	0.0	0.0	0.0	0.0	0.0	0.0	0.002949115234	0.0	1.06764e-05	0.0	0.017274387058	0.0	0.033192025272	0.000205181808	0.01553149448	0.00045354192	0.003649844211	0.00014060775	0.007969959615
0.0	0.0	0.0	0.0	0.0	0.0	0.0	0.0	0.0	0.0	0.0	0.0	0.0	0.002958493884	0.0	1.087602e-05	0.0	0.017240347044	0.0	0.033214774168	0.000183575184	0.015380428648	0.000496734264	0.003662294531	0.0001730575	0.007926724481
