0.0	0.0	0.0	0.0	0.0	7.5602344e-05	0.0	0.0	0.0	0.000845700768	0.0	0.0	0.0	0.007315306891	0.0	7.5613223e-05	0.0	0.028369939802	0.0	0.036411873896	0.000403475904	0.009978030635	0.000201744192	0.002104443116	3.7885e-05	0.006053794613
0.0	0.0	0.0	0.0	0.0	0.0	0.0	0.0	0.0	0.0	0.0	0.0	0.0	7.5686057e-05	0.0	8.830405e-05	0.0	0.013330200268	0.0	0.035521499969	0.000403474656	0.010013461516	0.000176521488	0.002141755648	5.0513375e-05	0.006127449394
0.0	0.0	0.0	0.0	0.0	0.0	0.0	0.0	0.0	0.000290285887	0.0	0.0	0.0	0.007353335781	0.0	0.000100974488	0.0	0.028406590773	0.0	0.03550356785	0.000416083824	0.009977365492	0.000201734832	0.002108868074	7.5769625e-05	0.006115240251
0.0	0.0	0.0	0.0	0.0	0.0	0.0	0.0	0.0	0.0	0.0	0.0	0.0	7.5666807e-05	0.0	0.000100903278	0.0	0.013367358691	0.0	0.035523654353	0.000403470288	0.010026903371	0.000176516808	0.002090681045	3.7885375e-05	0.006103539827
0.0	0.0	0.0	0.0	0.0	0.0	0.0	0.0	0.0	0.000302777515	0.0	0.0	0.0	0.00737927169	0.0	0.000100798052	0.0	0.028381420513	0.0	0.035501140768	0.000416078832	0.009987998195	0.000189124416	0.002103502136	6.3140875e-05	0.006116391479
0.0	0.0	0.0	0.0	0.0	0.0	0.0	0.000378522953	0.0	0.0	0.0	0.006656821845	0.0	6.305392e-05	0.0	0.018302373602	0.0	0.013342930359	0.0	0.036766657009	0.000378255072	0.009926854505	0.000214346184	0.002081246164	6.3143125e-05	0.006039427395
0.0	0.0	0.0	0.0	0.0	0.0	0.0	0.0	0.0	0.000276894255	0.0	0.0	0.0	0.007314626658	0.0	0.000100907694	0.0	0.028403141517	1.2608544e-05	0.035517570515	0.000416076336	0.00993867441	0.000176518368	0.00211785582	5.0513375e-05	0.006129431957
0.0	0.032146597027	0.0	0.0	0.0	0.03633482628	0.0	0.0	0.0	0.022081234902	0.0	0.002332396496	0.0	0.00585147298	0.0	0.018385829143	0.0	0.024141331223	1.260792e-05	0.040396720647	0.000428683008	0.013055780298	0.000239563272	0.003773121561	7.5771e-05	0.007742370971
0.0	0.0	0.0	0.0	0.0	0.0	0.0	0.0	0.0	0.0	0.0	0.0	0.0	6.3034292e-05	0.0	8.8248472e-05	0.0	0.013355626692	1.260792e-05	0.035541878291	0.000428683632	0.009888978532	0.000201730776	0.002104169893	6.314125e-05	0.006178149121
0.0	0.0	0.0	0.0	0.0	0.0	0.0	0.000403627721	0.0	0.0	0.0	0.006613965672	0.0	7.567985e-05	0.0	0.018364223574	0.0	0.01342001919	0.0	0.036724365191	0.000416077584	0.009987835264	0.000189124416	0.002116100902	6.3141e-05	0.006104594436
0.0	0.001098037155	0.0	0.0	0.0	0.021287187253	0.0	0.000365811058	0.0	0.007249368058	0.0	0.006631356871	0.0	0.001753066811	0.0	0.018287990098	0.0	0.017141369693	0.0	0.03673128246	0.000390860496	0.010011733087	0.00017651868	0.003104435978	7.5769875e-05	0.006042170027
0.0	0.0	0.0	0.0	0.0	0.0	0.0	0.0	0.0	0.0	0.0	0.0	0.0	6.306012e-05	0.0	7.5656857e-05	0.0	0.013329981048	0.0	0.035604475244	0.00037825632	0.009926960352	0.000214346184	0.002117400635	6.3142625e-05	0.006192825171
0.0	0.0	0.0	0.0	0.0	0.0	0.0	0.0	0.0	0.0	0.0	0.0	0.0	7.56638e-05	0.0	8.8234941e-05	0.0	0.013255489691	0.0	0.03561496922	0.000353046096	0.009963836402	0.000201742008	0.002095129343	7.576975e-05	0.00612891163
0.0	0.0	0.0	0.003054005766	0.0	0.0	0.0	0.014502199718	0.0	0.0	0.0	0.027817880888	0.0	0.001361299888	0.0	0.034673872373	0.0	0.02842984667	0.0	0.036760360104	0.000403466544	0.009964497683	0.000226947864	0.002092381845	5.0515125e-05	0.006935623524
0.0	0.0	0.0	0.0	0.0	0.006127757949	0.0	0.0	0.0	0.000101094373	0.0	0.0	0.0	6.3049063e-05	0.0	0.011036148598	0.0	0.01336981308	0.0	0.036788133165	0.000403470288	0.010014063343	0.000189129096	0.002106838834	5.051375e-05	0.006040781079
0.0	0.0	0.0	0.000138685843	0.0	0.0	0.0	0.0	0.0	0.0	0.0	0.0	0.0	0.000163916705	0.0	0.000403335172	0.0	0.028404289554	0.0	0.035457181137	0.000390858	0.010049916642	0.000176517744	0.002108210545	8.8400375e-05	0.006066011303
0.0	0.0	0.0	0.0	0.0	0.0	0.0	0.0	0.0	0.0	0.0	0.0	0.0	5.0442672e-05	0.0	0.000100837921	0.0	0.013343350782	0.0	0.035611989348	0.00036564216	0.009937645616	0.000214339632	0.002106772748	5.0515375e-05	0.006141563325
0.0	0.032031971732	0.0	0.0	0.0	0.036385555746	0.0	0.000391087165	0.0	0.022209255928	0.0	0.006722033725	0.0	0.005839428184	0.0	0.018411842535	0.0	0.024042110738	0.0	0.040332792187	0.000403466544	0.013106322697	0.000214346184	0.003771981719	7.57705e-05	0.007754230455
0.0	0.0	0.0	0.0	0.0	0.0	0.0	0.0	0.0	0.0	0.0	0.0	0.0	7.5658545e-05	0.0	8.822621e-05	0.0	0.023826368887	1.260792e-05	0.03551230125	0.000428684256	0.009991266021	0.000214340256	0.002091663671	6.314225e-05	0.006103434159
0.0	0.0	0.0	0.0	0.0	0.00010078619	0.0	0.000365876192	0.0	0.0	0.0	0.006681479982	0.0	7.5652864e-05	0.0	0.018311902022	0.0	0.013306198204	0.0	0.036753244376	0.00035303736	0.009913323023	0.000214348368	0.002094604226	6.3143125e-05	0.006079075837
0.0	0.0	0.0	0.000151227822	0.0	0.0	0.0	0.0	0.0	0.000277439461	0.0	0.0	0.0	0.007316692916	0.0	0.000428629455	0.0	0.028431037266	0.0	0.035600954717	0.000390858624	0.009964416647	0.000226947552	0.002130608353	5.0515e-05	0.006127682166
0.0	0.000958647827	0.0	0.0	0.0	0.021288373564	0.0	0.0	0.0	0.007337503271	0.0	0.0	0.0	0.001727943137	0.0	0.018312472651	0.0	0.01716658674	0.0	0.036751299495	0.000403470288	0.009989021774	0.000201735768	0.003090821884	5.05135e-05	0.006103650226
0.0	0.0	0.0	0.0	0.0	0.0	0.0	0.0	0.0	0.0	0.0	0.0	0.0	7.5699942e-05	0.0	0.000100905941	0.0	0.013254286121	0.0	0.03557871728	0.000378255696	0.010001276029	0.000189127536	0.002082567888	8.8399125e-05	0.006078251237
0.0	0.0	0.0	0.0	0.0	0.0	0.0	0.0	0.0	0.0	0.0	0.0	0.0	0.000138607506	0.0	0.000100876293	0.0	0.028419929271	1.260792e-05	0.035512421454	0.000390858624	0.00998945481	0.0002017314	0.002078769267	6.3143e-05	0.006141507175
0.0	0.0	0.0	0.0	0.0	0.0	0.0	0.000390966057	0.0	0.0	0.0	0.006654079317	0.0	7.5695016e-05	0.0	0.018415732446	0.0	0.013355424556	0.0	0.036791349565	0.00042870048	0.009951227321	0.000201739512	0.00210567831	6.3142375e-05	0.006040675291
0.0	0.0	0.0	0.000340930605	0.0	0.0	0.0	0.000302645007	0.0	0.000315430395	0.0	0.000151400072	0.0	0.007329025758	0.0	0.00474290676	0.0	0.028381368727	0.0	0.035564848358	0.000365640288	0.009988456167	0.000189125664	0.002120705762	6.3144e-05	0.0068485472
0.0	0.0	0.0	0.0	0.0	0.0	0.0	0.0	0.0	0.0	0.0	0.0	0.0	6.3107291e-05	0.0	8.8313056e-05	0.0	0.01326699136	0.0	0.035626134269	0.000365641536	0.010015628816	0.000201736704	0.002082144888	5.0513625e-05	0.006115958858
0.0	0.0	0.0	0.0	0.0	0.0	0.0	0.000353155592	0.0	0.0	0.0	0.00667304553	0.0	7.5708774e-05	0.0	0.018264168719	0.0	0.013292814194	0.0	0.036805981573	0.000378250704	0.009962513679	0.000163908888	0.002068639877	6.314225e-05	0.00606633025
0.0	0.0	0.0	0.0	0.0	0.001095752238	0.0	0.0	0.0	0.0	0.0	0.0	0.0	5.0462484e-05	0.0	0.000403747342	0.0	0.013369133604	1.2608544e-05	0.036715005319	0.000365647152	0.009975586192	0.0001891344	0.002092122833	7.577075e-05	0.006102730873
0.0	0.0	0.0	0.0	0.0	0.0	0.0	0.0	0.0	0.0	0.0	0.0	0.0	5.0451655e-05	0.0	8.8172632e-05	0.0	0.013319081434	1.260792e-05	0.035552691772	0.000390865488	0.009875095981	0.000201742632	0.002091680863	6.31425e-05	0.006130030268
0.0	0.0	0.0	0.0	0.0	0.006202694316	0.0	0.000378493938	0.0	8.828102e-05	0.0	0.006657746247	0.0	6.3076228e-05	0.0	0.018312914789	0.0	0.013306084187	0.0	0.03673805614	0.000365644656	0.00995102146	0.000201737328	0.002066403623	6.3142625e-05	0.006114315244
0.0	0.0	0.0	0.0	0.0	0.007766893465	0.0	0.0	0.0	0.010820593641	0.0	0.0	0.0	0.010444330297	0.0	0.011048970388	0.0	0.028341072687	0.0	0.036734040189	0.00040346904	0.00996234649	0.000163910448	0.002079324352	6.314175e-05	0.006165575035
0.0	0.0	0.0	0.0	0.0	0.006165484555	0.0	0.0	0.0	0.000113611494	0.0	0.0	0.0	8.8305077e-05	0.0	0.011011329401	0.0	0.013368457935	2.5216464e-05	0.036752491101	0.000428688	0.009937784989	0.000189127224	0.00211712752	6.314275e-05	0.006089533438
0.0	0.0	0.0	0.0	0.0	0.0	0.0	0.0	0.0	0.0	0.0	0.0	0.0	0.000176543072	0.0	0.000100815771	0.0	0.028393420795	1.260792e-05	0.03555172027	0.000403468416	0.009939265065	0.000189124728	0.00211597223	6.314225e-05	0.006103175582
0.0	0.0	0.0	0.0	0.0	0.0	0.0	0.000403691363	0.0	0.0	0.0	0.007435599061	0.0	0.000163918923	0.0	0.018352472206	0.0	0.028341739498	1.260792e-05	0.036723056382	0.000390858624	0.010014147389	0.000201731712	0.002107200409	6.3144375e-05	0.006064963304
0.0	0.0	0.0	0.0	0.0	0.0	0.0	0.000353180841	0.0	0.0	0.0	0.006675071709	0.0	8.8327967e-05	0.0	0.018275221051	0.0	0.013381927802	0.0	0.036719719258	0.000403474656	0.010014757024	0.00020174076	0.002142355106	3.7885125e-05	0.006091456713
0.0	0.0	0.0	0.0	0.0	0.0	0.0	0.000378440598	0.0	0.0	0.0	0.00660962661	0.0	7.5719079e-05	0.0	0.018314842637	0.0	0.013294238182	0.0	0.036806888387	0.00035304048	0.010012654755	0.00018913128	0.00213385773	6.3141375e-05	0.006091911979
0.0	0.0	0.0	0.0	0.0	0.0	0.0	0.001689550234	0.0	0.0	0.0	0.008196590381	0.0	0.000138680264	0.0	0.019744525445	0.0	0.028402674541	0.0	0.036749163191	0.00035303424	0.009976388737	0.000176517744	0.002094091166	7.576875e-05	0.006077767693
0.0	0.0	0.0	0.0	0.0	0.000100927858	0.0	0.0	0.0	0.0	0.0	0.0	0.0	8.8305881e-05	0.0	0.000113531765	0.0	0.013343269862	0.0	0.036717869792	0.000403477152	0.009974995826	0.000163914504	0.002169880595	8.8399125e-05	0.00609073411
0.0	0.0	0.0	0.0	0.0	0.0	0.0	0.0	0.0	0.000265137996	0.0	0.0	0.0	0.007342511923	0.0	8.8285426e-05	0.0	0.028403885352	0.0	0.035555277913	0.000403467792	0.009975546931	0.00017651868	0.002129760279	5.0514375e-05	0.006128942198
0.0	0.0	0.0	0.00015126397	0.0	0.0	0.0	0.0	0.0	0.0	0.0	0.0	0.0	0.000189067722	0.0	0.000365407324	0.0	0.02839455228	0.0	0.035527017356	0.000327817152	0.009964175072	0.000226949424	0.002094043213	6.3141125e-05	0.006127226168
0.0	0.0	0.0	0.0	0.0	0.0	0.0	0.0	0.0	0.000315792282	0.0	0.0	0.0	0.007328451413	0.0	0.000100841488	0.0	0.028431246307	0.0	0.035538001449	0.00036564216	0.009974976313	0.000201732648	0.002091682505	6.3142e-05	0.006127313033
0.0	0.0	0.0	0.0	0.0	0.0	0.0	0.000403663753	0.0	0.0	0.0	0.006708256635	0.0	7.5722353e-05	0.0	0.018265065396	0.0	0.028404827933	0.0	0.03675486408	0.000403466544	0.00996267369	0.000176516496	0.002117082034	5.0514625e-05	0.006128514965
0.0	0.000920985197	0.0	0.0	0.0	0.021894465175	0.0	0.0	0.0	0.033090416561	0.0	0.0	0.0	0.03155798325	0.0	0.01832483848	0.0	0.032131038943	1.2608544e-05	0.036753267123	0.000428686752	0.009939698181	0.000226950984	0.003116089889	5.0514e-05	0.006115241804
0.0	0.0	0.0	0.0	0.0	0.000100983747	0.0	0.0	0.0	0.001209180099	0.0	0.0	0.0	0.007364972396	0.0	7.5768163e-05	0.0	0.028356206011	0.0	0.036721062875	0.000403470288	0.010013795484	0.000201739512	0.00214220049	3.7885125e-05	0.00610333345
0.0	0.0	0.0	0.0	0.0	0.0	0.0	0.0	0.0	0.0	0.0	0.0	0.0	6.3085937e-05	0.0	0.000101018039	0.0	0.01340701606	0.0	0.03550248921	0.00041607696	0.009937597101	0.000176516808	0.002107669141	6.3143125e-05	0.006205943716
0.0	0.0	0.0	0.0	0.0	0.0	0.0	0.0	0.0	0.0	0.0	0.0	0.0	7.5690927e-05	0.0	0.00010091953	0.0	0.01345692809	0.0	0.035481123815	0.000428692368	0.009977509692	0.000226956288	0.002119838302	5.05135e-05	0.006041895772
0.0	0.0	0.0	0.0	0.0	0.0	0.0	0.00037834361	0.0	0.0	0.0	0.006640089103	0.0	8.8311903e-05	0.0	0.018344543246	0.0	0.013317822472	0.0	0.036755156458	0.000403467168	0.009973605853	0.000176517744	0.002107716173	6.314575e-05	0.006079521224
0.0	0.0	0.0	0.0	0.0	0.0	0.0	0.0	0.0	0.0	0.0	0.0	0.0	6.3053251e-05	0.0	8.8262256e-05	0.0	0.013406760114	1.260792e-05	0.035555613432	0.000403473408	0.009952181969	0.000189133152	0.002120027386	5.05135e-05	0.006104656348
0.0	0.0	0.0	0.0	0.0	0.0	0.0	0.0	0.0	0.000289920594	0.0	0.0	0.0	0.00728791258	0.0	8.8319147e-05	0.0	0.028403975029	0.0	0.035592838553	0.000353041104	0.010012776204	0.000189130656	0.002121177613	6.314175e-05	0.006130193046
0.0	0.0	0.0	0.0	0.0	0.0	0.0	0.000403797791	0.0	0.0	0.0	0.006703282058	0.0	7.5688253e-05	0.0	0.018275988269	0.0	0.023850535623	0.0	0.036762282629	0.00036564216	0.009975227808	0.000201732648	0.002104287157	6.314225e-05	0.006115715865
0.0	0.0	0.0	0.0	0.0	0.0	0.0	0.0	0.0	0.0	0.0	0.0	0.0	7.5648522e-05	0.0	0.000100813781	0.0	0.013355383286	0.0	0.035552765832	0.00036565152	0.009990596522	0.000214345248	0.002068128455	7.577125e-05	0.006064451424
0.0	7.5705758e-05	0.0	0.0	0.0	0.013378911067	0.0	0.0	0.0	0.000933359401	0.0	0.0	0.0	0.00018926643	0.0	0.018125404778	0.0	0.013445128522	0.0	0.036719030558	0.000403467792	0.009962935757	0.000176519304	0.002091679222	3.7885125e-05	0.006165364699
0.0	0.0	0.0	0.0	0.0	0.0	0.0	0.0	0.0	0.0	0.0	0.0	0.0	8.8312259e-05	0.0	0.000113549552	0.0	0.013368624236	0.0	0.035506342663	0.000403467792	0.009975608013	0.000201735768	0.002094180047	5.0513625e-05	0.006041758366
0.0	0.0	0.0	0.0	0.0	0.000100896065	0.0	0.0	0.0	0.0	0.0	0.0	0.0	7.569363e-05	0.0	0.000113572807	0.0	0.013344489263	0.0	0.036765845202	0.000403474656	0.009965292538	0.000189130968	0.002103744225	5.0514375e-05	0.006090512724
0.0	0.0	0.0	0.0	0.0	0.002068368535	0.0	0.0	0.0	0.003784341924	0.0	0.0	0.0	0.007290133045	0.0	0.00036575377	0.0	0.028455204355	1.2608544e-05	0.03672931582	0.000428688	0.010002164945	0.000201740448	0.002120019927	6.31415e-05	0.00606416552
0.0	0.0	0.0	0.001286443359	0.0	0.0	0.0	0.003252930843	0.0	0.0	0.0	0.014435549494	0.0	0.000176602195	0.0	0.026893351952	0.0	0.028304201224	0.0	0.036751167961	0.00040346592	0.009987912162	0.000189124416	0.002129391451	3.788575e-05	0.00610398459
0.0	0.0	0.0	0.0	0.0	0.0	0.0	0.0	0.0	0.000315037833	0.0	0.0	0.0	0.007253522118	0.0	0.000126099475	0.0	0.028292690941	0.0	0.035537567054	0.000403466544	0.009962867123	0.000189124104	0.002129282525	3.788575e-05	0.006090577552
0.0	0.0	0.0	0.0	0.0	0.0	0.0	0.0	0.0	0.000264163398	0.0	0.0	0.0	0.007290666417	0.0	8.8311224e-05	0.0	0.028391892147	0.0	0.035549800511	0.000353033616	0.009976097962	0.000176517432	0.002094221909	7.5769125e-05	0.006064314633
0.0	0.0	0.0	0.0	0.0	0.0	0.0	0.000378541277	0.0	0.0	0.0	0.00667094863	0.0	6.3076063e-05	0.0	0.018402159115	0.0	0.014201201665	1.2608544e-05	0.036757732267	0.000428683008	0.009963888531	0.000214340568	0.00209452266	6.314175e-05	0.006116437384
0.0	0.0	0.0	0.0	0.0	0.0	0.0	0.0	0.0	0.0	0.0	0.0	0.0	6.3069889e-05	0.0	0.000100994228	0.0	0.028405528249	0.0	0.035524592152	0.000403467168	0.009962310963	0.000189123168	0.002065918502	7.577175e-05	0.006128053304
0.0	0.0	0.0	0.0	0.0	0.0	0.0	0.0	0.0	0.0	0.0	0.0	0.0	5.0468444e-05	0.0	0.000100843168	0.0	0.013355419182	1.260792e-05	0.035541185244	0.000403467792	0.009926501449	0.00020173764	0.002055188668	6.3142625e-05	0.006114940337
0.0	0.0	0.0	0.000365905394	0.0	0.0	0.0	0.000302808736	0.0	0.0	0.0	0.000176667598	0.0	0.001310123716	0.0	0.00474362838	0.0	0.028368429482	1.260792e-05	0.035588451727	0.000441292176	0.009940078769	0.000214339944	0.002133132938	6.3143375e-05	0.00691098077
0.0	6.3055129e-05	0.0	0.0	0.0	0.014955801736	0.0	0.0	0.0	0.022284683557	0.0	0.0	0.0	0.020283638461	0.0	0.018160550589	0.0	0.028455963678	0.0	0.036736083839	0.000365644656	0.00992648741	0.000201737016	0.002066208253	6.314225e-05	0.006126173139
0.0	0.0	0.0	0.0	0.0	0.0	0.0	0.0	0.0	0.0	0.0	0.0	0.0	5.0451627e-05	0.0	8.8187873e-05	0.0	0.0133047411	1.2608544e-05	0.035550846416	0.000390858	0.00992601113	0.00021434088	0.002081084525	6.314125e-05	0.006091075023
0.0	0.0	0.0	0.0	0.0	0.0	0.0	0.0	0.0	0.000315679892	0.0	0.0	0.0	0.007291104365	0.0	7.5657052e-05	0.0	0.028456162192	0.0	0.035553010847	0.000378255696	0.009901508048	0.000214346496	0.00209388414	6.3143125e-05	0.006039616001
0.0	0.0	0.0	0.0	0.0	0.001096308969	0.0	0.0	0.0	0.0	0.0	0.0	0.0	7.5696913e-05	0.0	0.000404071743	0.0	0.013317880769	0.0	0.036716494036	0.00034042944	0.009938918625	0.000201738888	0.002106186879	7.5770625e-05	0.006103748809
0.0	0.0	0.0	0.0	0.0	8.8355609e-05	0.0	0.0	0.0	0.0	0.0	0.0	0.0	6.3048271e-05	0.0	7.5566529e-05	0.0	0.013343492396	0.0	0.036779977847	0.00040347216	0.009951519683	0.000214349928	0.002092804779	6.31425e-05	0.006117466287
0.0	0.0	0.0	0.0	0.0	0.0	0.0	0.0	0.0	0.00027684848	0.0	0.0	0.0	0.007317143065	0.0	0.000100698744	0.0	0.028431335829	0.0	0.035578503179	0.000365642784	0.00995137827	0.000214339632	0.002082207594	5.0516e-05	0.006116439904
0.0	0.0	0.0	0.0	0.0	0.0	0.0	0.0	0.0	0.000289805024	0.0	0.0	0.0	0.007314217657	0.0	0.000113514157	0.0	0.028381779799	0.0	0.035608969933	0.00037825008	0.009963091138	0.000163908264	0.002081263356	6.3142125e-05	0.006065527221
0.0	0.0	0.0	0.0	0.0	0.0	0.0	0.0	0.0	0.000327759541	0.0	0.0	0.0	0.00727849684	0.0	8.8225931e-05	0.0	0.028343530261	1.2608544e-05	0.035537675488	0.000390858	0.010026474793	0.000201731088	0.002094324637	7.577325e-05	0.006064440093
0.0	0.0	0.0	0.0	0.0	0.0	0.0	0.0	0.0	0.0	0.0	0.0	0.0	7.5688498e-05	0.0	0.000113464965	0.0	0.013267985813	0.0	0.035540661311	0.000390858624	0.009975806469	0.00018912504	0.002015471081	7.577075e-05	0.006141067262
0.0	0.0	0.0	0.0	0.0	0.0	0.0	0.0	0.0	0.000290775674	0.0	0.0	0.0	0.007392999592	0.0	0.000100890437	0.0	0.028353223173	0.0	0.035495188668	0.000403467792	0.009986637726	0.000176517432	0.002108115559	6.314425e-05	0.006078942607
0.0	0.000844415042	0.0	0.0	0.0	0.021312033914	0.0	0.0	0.0	0.007223672435	0.0	0.0	0.0	0.001727900931	0.0	0.018298992657	0.0	0.017002803361	0.0	0.036750304542	0.000353036736	0.009988077628	0.000214343064	0.003089745739	6.31425e-05	0.006103275214
0.0	0.0	0.0	0.0	0.0	0.0	0.0	0.000378433895	0.0	0.0	0.0	0.006682776314	0.0	8.8319724e-05	0.0	0.018315715367	0.0	0.013330695747	0.0	0.036781128515	0.000403468416	0.010001322818	0.000163913568	0.002079407856	6.31425e-05	0.00619094848
0.0	0.0	0.0	0.0	0.0	0.0	0.0	0.0	0.0	0.0	0.0	0.0	0.0	6.3054798e-05	0.0	8.8280817e-05	0.0	0.023861815808	0.0	0.035525787178	0.000390858624	0.010014816486	0.000214339632	0.00208187831	5.051575e-05	0.006115874362
0.0	0.0	0.0	0.0	0.0	0.0	0.0	0.0	0.0	0.000278174341	0.0	0.0	0.0	0.007327590893	0.0	8.8296331e-05	0.0	0.028419001047	1.2608544e-05	0.035529353139	0.000403482768	0.009940007756	0.000214350552	0.002079494685	6.314225e-05	0.006154144905
0.0	0.0	0.0	0.0	0.0	0.0	0.0	0.0	0.0	0.0	0.0	0.0	0.0	8.8305165e-05	0.0	0.000113443457	0.0	0.014239322585	0.0	0.035556764785	0.000390858	0.009973928826	0.000163909512	0.002094323684	7.5772875e-05	0.006065214679
0.0	0.032097026444	0.0	0.0	0.0	0.036389511753	0.0	0.0	0.0	0.041693778658	0.0	0.002383815749	0.0	0.040666375993	0.0	0.018286740935	0.0	0.039152918946	0.0	0.040567792903	0.000390857376	0.013052544919	0.000226953792	0.003773202068	7.577025e-05	0.00769461592
0.0	0.0	0.0	0.006330582623	0.0	0.0	0.0	0.004186461318	0.0	0.0	0.0	0.000403472613	0.0	0.006837450669	0.0	0.01051990531	0.0	0.028354362445	0.0	0.037997085417	0.000416075088	0.010468012772	0.000189124104	0.002119236003	5.0514625e-05	0.007754507282
0.0	0.0	0.0	0.0	0.0	8.8268239e-05	0.0	0.00039105227	0.0	0.0	0.0	0.006634145898	0.0	6.3054481e-05	0.0	0.018351720393	0.0	0.013394565298	1.2608544e-05	0.036703385814	0.000428692368	0.010003484847	0.000201741072	0.002119711693	6.3141875e-05	0.006064621059
0.0	0.0	0.0	0.0	0.0	0.0	0.0	0.0	0.0	0.0	0.0	0.0	0.0	7.567783e-05	0.0	7.5618302e-05	0.0	0.013317900767	0.0	0.036384841258	0.000353041728	0.009938550479	0.000201743256	0.002118983828	6.3143e-05	0.006066446485
0.0	0.0	0.0	0.0	0.0	0.0	0.0	0.0	0.0	0.0	0.0	0.0	0.0	7.5667052e-05	0.0	0.000100936635	0.0	0.013342767858	0.0	0.035553892791	0.000378250704	0.009963497206	0.000214339632	0.00209380814	7.57735e-05	0.006066185081
0.0	0.0	0.0	0.0	0.0	0.0	0.0	0.0	0.0	0.000264698134	0.0	0.0	0.0	0.007381797059	0.0	0.000100908347	0.0	0.028365913924	0.0	0.035507078852	0.00040347216	0.00998816777	0.000163912944	0.002079259504	6.3142625e-05	0.006203206646
0.0	0.0	0.0	0.0	0.0	0.0	0.0	0.0	0.0	0.0	0.0	0.0	0.0	8.8305336e-05	0.0	0.000100886745	0.0	0.013356122871	0.0	0.035480260359	0.000428685504	0.00998703208	0.000151301592	0.002133360881	7.577125e-05	0.006154650463
0.0	0.0	0.0	0.0	0.0	0.0	0.0	0.0	0.0	0.0	0.0	0.0	0.0	8.831153e-05	0.0	0.000113569006	0.0	0.013419574727	0.0	0.035509891417	0.000403480896	0.0099885512	0.000189130656	0.002080563384	5.0514e-05	0.006054732056
0.0	0.0	0.0	0.0	0.0	0.0	0.0	0.0	0.0	0.000277586136	0.0	0.0	0.0	0.007341298127	0.0	8.8197369e-05	0.0	0.028364355104	1.2608544e-05	0.035576086073	0.000428685504	0.009951162824	0.000214340568	0.002081960002	6.3141125e-05	0.006115527894
0.0	0.0	0.0	0.0	0.0	0.0	0.0	0.0	0.0	0.0	0.0	0.0	0.0	0.00010093003	0.0	0.000113509094	0.0	0.013368059733	0.0	0.035490862008	0.0004160832	0.009950968048	0.000214344936	0.002083211811	5.0513e-05	0.006116243016
0.0	0.000277595945	0.0	0.0	0.0	0.01340538981	0.0	0.0	0.0	0.000970797844	0.0	0.0	0.0	0.000189110315	0.0	0.018137929343	0.0	0.013330983929	0.0	0.036805408143	0.000365643408	0.009949158069	0.000189127224	0.002120068547	7.576925e-05	0.006053882321
0.0	0.0	0.0	0.006369235975	0.0	0.0	0.0	0.004149438962	0.0	0.0	0.0	0.000403661989	0.0	0.006838449738	0.0	0.010445102676	0.0	0.028366732084	0.0	0.03798396849	0.00035303424	0.010492428557	0.000214339632	0.0021056494	6.314225e-05	0.007756346648
0.0	0.032068018305	0.0	0.0	0.0	0.036298536369	0.0	0.0	0.0	0.022094505655	0.0	0.002358061474	0.0	0.005801313482	0.0	0.018424264644	0.0	0.024064925708	0.0	0.040487987546	0.000403466544	0.01306625019	0.000226954416	0.003769106349	3.7885375e-05	0.007755916108
0.0	0.0	0.0	0.0	0.0	0.0	0.0	0.0	0.0	0.000302914535	0.0	0.0	0.0	0.007367049486	0.0	0.000100980238	0.0	0.02836641483	0.0	0.03556682221	0.000428690496	0.009950241549	0.000201737952	0.002105755208	6.314225e-05	0.006027361212
0.0	0.0	0.0	0.0	0.0	0.0	0.0	0.0	0.0	0.0	0.0	0.0	0.0	0.000189161513	0.0	0.000100952498	0.0	0.028368445043	0.0	0.03549467242	0.000403467168	0.009998790236	0.000163909824	0.002118896073	8.84005e-05	0.006141228656
0.0	0.0	0.0	0.0	0.0	0.0	0.0	0.0	0.0	0.0	0.0	0.0	0.0	0.000138597335	0.0	0.000113593341	0.0	0.028430359036	1.260792e-05	0.035578082743	0.000428683632	0.009951035626	0.000214339944	0.002094450585	6.3144125e-05	0.006053598311
0.0	0.0	0.0	0.000328184134	0.0	0.0	0.0	0.000290283424	0.0	0.0	0.0	0.000176653341	0.0	0.001360692404	0.0	0.00475622783	0.0	0.028367564349	0.0	0.03553123144	0.000416075088	0.009988242356	0.000176518056	0.002129556711	5.0514625e-05	0.006935074586
0.0	0.0	0.0	0.0	0.0	8.8208327e-05	0.0	0.0	0.0	0.0	0.0	0.0	0.0	6.3086151e-05	0.0	8.8241166e-05	0.0	0.013381582458	1.2608544e-05	0.036767949818	0.000428687376	0.009950060806	0.000214347432	0.00212073488	7.5769875e-05	0.006066603789
0.0	0.0	0.0	0.0	0.0	1.264328e-05	0.0	0.0	0.0	0.0	0.0	0.0	0.0	7.5685336e-05	0.0	8.828025e-05	0.0	0.013380781982	1.2608544e-05	0.035543383224	0.0004034784	0.009965130691	0.000189130032	0.002116774105	3.7885375e-05	0.006091393352
0.0	0.0	0.0	0.017863670348	0.0	0.0	0.0	0.027945055208	0.0	0.0	0.0	0.038108657274	0.0	0.006887981633	0.0	0.042003174705	0.0	0.02837862037	0.0	0.038971651251	0.000365640912	0.010517982472	0.00018912348	0.002120971678	6.3143875e-05	0.007731871878
0.0	0.0	0.0	0.0	0.0	0.0	0.0	0.0	0.0	0.0	0.0	0.0	0.0	0.000100930246	0.0	8.8250593e-05	0.0	0.013304904763	0.0	0.035553353759	0.00035303424	0.010014175195	0.000189125976	0.002054514707	7.577e-05	0.006129147903
0.0	0.0	0.0	0.0	0.0	0.0	0.0	0.0	0.0	0.0	0.0	0.0	0.0	7.5731697e-05	0.0	0.000100892553	0.0	0.013355673716	0.0	0.035534242529	0.000403473408	0.009937875007	0.000201737952	0.002130741003	3.7885375e-05	0.006102941869
0.0	0.0	0.0	0.0	0.0	0.0	0.0	0.000391149896	0.0	0.0	0.0	0.006607973665	0.0	6.3070131e-05	0.0	0.018329448536	0.0	0.01330491371	1.2608544e-05	0.036826092169	0.000378249456	0.010026021592	0.000189123792	0.00205489596	6.314225e-05	0.00616620156
0.0	0.0	0.0	0.0	0.0	0.0	0.0	0.0	0.0	0.0	0.0	0.0	0.0	7.5691593e-05	0.0	0.000100940472	0.0	0.013318329135	0.0	0.035554137856	0.000365642784	0.009987607722	0.000151301592	0.002106613182	7.57705e-05	0.006078576815
0.0	0.0	0.0	0.006293300911	0.0	0.0	0.0	0.004211845285	0.0	0.000290674101	0.0	0.000365949201	0.0	0.007368416367	0.0	0.010533090771	0.0	0.028441674865	2.5216464e-05	0.03781975957	0.000441292176	0.010506101687	0.000201730776	0.002118368596	5.0512625e-05	0.007792066288
0.0	0.0	0.0	0.0	0.0	0.0	0.0	0.000365889315	0.0	0.0	0.0	0.006653781884	0.0	6.306625e-05	0.0	0.018315520538	0.0	0.013342437356	0.0	0.036805360444	0.000365640288	0.009951504201	0.000214339008	0.002069876371	5.051575e-05	0.006116816128
0.0	0.0	0.0	0.0	0.0	0.0	0.0	0.0	0.0	0.0	0.0	0.0	0.0	6.3087789e-05	0.0	8.8179144e-05	0.0	0.013343374904	1.260792e-05	0.035531421578	0.000390875472	0.009902006927	0.000189132216	0.002108232468	6.3141625e-05	0.006105366205
0.0	0.0	0.0	0.0	0.0	0.0	0.0	0.000365845251	0.0	0.0	0.0	0.006656265652	0.0	7.5699942e-05	0.0	0.018263963474	0.0	0.013292931183	0.0	0.036716238885	0.000403476528	0.009975898013	0.00017652024	0.002079478308	8.839875e-05	0.006114639027
0.0	0.0	0.0	0.0	0.0	0.0	0.0	0.000403754414	0.0	0.0	0.0	0.006720265887	0.0	5.0478212e-05	0.0	0.01837587426	0.0	0.013368004595	1.260792e-05	0.03675736723	0.000403482144	0.00992765621	0.000214349928	0.002092214772	7.577025e-05	0.00615440657
0.0	0.0	0.0	0.0	0.0	0.0	0.0	0.0	0.0	0.0	0.0	0.0	0.0	7.5689985e-05	0.0	0.000100936545	0.0	0.028344127977	0.0	0.035567577777	0.000378250704	0.009924778513	0.000176517744	0.00210692138	7.5771875e-05	0.006053974649
0.0	0.0	0.0	0.0	0.0	0.0	0.0	0.0	0.0	0.0	0.0	0.0	0.0	7.569363e-05	0.0	0.000100877892	0.0	0.013281805966	0.0	0.036413373416	0.000378258816	0.010001482272	0.000201741072	0.002082905573	7.5769625e-05	0.006077841081
0.0	0.0	0.0	0.0	0.0	0.0	0.0	0.000391115094	0.0	0.0	0.0	0.00665940483	0.0	7.5678733e-05	0.0	0.018390140584	0.0	0.013393098918	1.260792e-05	0.036701653672	0.00041607696	0.009925435061	0.000163908264	0.002105118029	5.0513625e-05	0.006142330127
0.0	0.0	0.0	0.0	0.0	0.001108473039	0.0	0.00037847468	0.0	0.0	0.0	0.006682875994	0.0	8.8320103e-05	0.0	0.018403889594	0.0	0.013306058661	0.0	0.036747172471	0.000403472784	0.009987678465	0.000163914504	0.00207896458	6.314175e-05	0.006165509884
0.0	0.0	0.0	0.0	0.0	0.0	0.0	0.0	0.0	0.000290635799	0.0	0.0	0.0	0.007339762016	0.0	0.000100906948	0.0	0.028405260368	1.2609168e-05	0.035588921106	0.000378249456	0.010026062119	0.000189123792	0.002042680597	6.314225e-05	0.006153076676
0.0	0.0	0.0	0.0	0.0	0.0	0.0	0.0	0.0	0.0	0.0	0.0	0.0	7.5699085e-05	0.0	0.000100789473	0.0	0.014239535248	0.0	0.035502738145	0.0004412928	0.010025796212	0.00015129972	0.002104568968	5.0514625e-05	0.006103156194
0.0	0.0	0.0	0.0	0.0	0.0	0.0	0.0	0.0	0.0	0.0	0.0	0.0	8.8319254e-05	0.0	7.5642695e-05	0.0	0.013331002742	0.0	0.035544641601	0.000416088816	0.010014391501	0.000151307208	0.002079263227	7.577e-05	0.006177050373
0.0	0.0	0.0	0.0	0.0	0.000416185638	0.0	0.0	0.0	0.002559454186	0.0	0.0	0.0	0.007290755677	0.0	0.000138558847	0.0	0.028392133566	0.0	0.036751727507	0.000340433184	0.00991334468	0.000226959408	0.002094695878	6.3143125e-05	0.006092006366
0.0	0.000189014245	0.0	0.0	0.0	0.013405421064	0.0	0.000403745991	0.0	0.000983541541	0.0	0.006759363223	0.0	0.000164061691	0.0	0.018313345069	0.0	0.013407408414	1.260792e-05	0.036751130395	0.00042868488	0.009915815131	0.000226952544	0.002093967837	6.314275e-05	0.006115130708
0.0	0.0	0.0	0.0	0.0	0.0	0.0	0.0	0.0	0.000315729256	0.0	0.0	0.0	0.007278610507	0.0	8.8158142e-05	0.0	0.028380630184	0.0	0.035481668401	0.000403479024	0.00997636942	0.000176522736	0.002079236132	8.839875e-05	0.006101874635
0.0	0.0	0.0	0.0	0.0	0.0	0.0	0.000391044377	0.0	0.0	0.0	0.006734449269	0.0	6.3104395e-05	0.0	0.018340434133	0.0	0.013432409917	0.0	0.036755793107	0.000416081328	0.009964998798	0.000201735144	0.002108510735	7.5770125e-05	0.006115305501
0.0	0.0	0.0	0.0	0.0	0.0	0.0	0.000391091557	0.0	0.0	0.0	0.006641580392	0.0	6.3054895e-05	0.0	0.018327408928	0.0	0.013356923205	0.0	0.036730885909	0.0004160832	0.009965528098	0.000201742632	0.002117020833	3.788525e-05	0.006066429008
0.0	0.0	0.0	0.0	0.0	0.0	0.0	0.0	0.0	0.0	0.0	0.0	0.0	0.000100909106	0.0	7.5544218e-05	0.0	0.013217344872	0.0	0.03555245793	0.000403467168	0.009976111757	0.000176518056	0.002078194077	6.3141375e-05	0.006153473757
