0.0	0.0	0.0	0.0	0.0	0.0	0.0	0.0	0.0	0.0	0.0	0.0	0.0	2.5212929e-05	0.0	2.533437e-05	0.0	0.029885870001	0.0	0.028380337848	0.0	0.007461378214	0.0	0.001791582611	0.0	0.007324467121
0.0	0.0	0.0	0.0	0.0	0.0	0.0	0.0	0.0	0.004497164805	0.0	0.0	0.0	0.013873771753	0.0	5.0565858e-05	0.0	0.040582268988	0.0	0.028380749094	0.0	0.007512406401	0.0	0.001780078917	0.0	0.007299192009
0.0	0.0	0.0	0.0	0.0	0.004305418541	0.0	0.0	0.0	0.002652899749	0.0	0.0	0.0	2.5209064e-05	0.0	0.011558395066	0.0	0.023013265926	0.0	0.029442145633	0.0	0.007574795484	0.0	0.001805733817	0.0	0.007248592356
0.0	0.0	0.0	0.0	0.0	0.0	0.0	0.001174822624	0.0	0.0	0.0	0.00657989642	0.0	2.5211138e-05	0.0	0.017011015037	0.0	0.040486525547	0.0	0.029506254813	0.0	0.007600955939	0.0	0.001805975636	0.0	0.007274538728
0.0	0.030205705763	0.0	0.0	0.0	0.032103527975	0.0	0.001276370235	0.0	0.021202020342	0.000744966144	0.002046975294	5.0505312e-05	0.006352030374	0.000467178192	0.0138802853	0.000252527808	0.026297092669	0.000303034368	0.042554373948	0.00036616632	0.017882052214	0.000277786704	0.004912359598	0.000101177	0.009764449128
0.0	0.0	0.0	0.0	0.0	0.0	0.0	0.0	0.0	1.265183e-05	0.0	0.001680256958	0.0	2.5296729e-05	0.0	0.011634751782	0.0	0.022936544134	0.0	0.02946936196	0.0	0.00754984338	0.0	0.001779253885	0.0	0.007275026321
0.0	0.0	0.0	0.0	0.0	0.0	0.0	0.0	0.0	0.00447214317	0.0	0.0	0.0	0.013890911423	0.0	5.07009e-05	0.0	0.040632390175	0.0	0.028442525825	0.0	0.007563597044	0.0	0.001843040174	0.0	0.007325122253
0.0	0.0	0.0	0.0	0.0	0.0	0.0	0.0	0.0	0.0	0.0	0.0	0.0	7.5758343e-05	0.0	5.0647792e-05	0.0	0.040572705491	0.0	0.028418798855	0.0	0.007513453545	0.0	0.001781925184	0.0	0.007336876661
0.0	0.0	0.0	0.0	0.0	0.0	0.0	0.0	0.0	1.2651842e-05	0.0	0.001716189055	0.0	2.5267196e-05	0.0	0.011572708455	0.0	0.022925635794	0.0	0.029427718717	0.0	0.007537460832	0.0	0.001793370053	0.0	0.007274334424
0.0	0.0	0.0	0.0	0.0	0.0	0.0	0.0	0.0	0.0	0.0	0.0	0.0	5.0473701e-05	0.0	5.0689052e-05	0.0	0.022976927786	0.0	0.029542884516	0.0	0.007539019544	0.0	0.001780660316	0.0	0.007275575342
0.0	0.0	0.0	0.0	0.0	0.0	0.0	0.0	0.0	1.2646355e-05	0.0	0.001679540877	0.0	2.524254e-05	0.0	0.011582804585	0.0	0.022974120513	0.0	0.029503640239	0.0	0.007552091666	0.0	0.001779375825	0.0	0.007285735756
0.0	0.0	0.0	0.0	0.0	0.0	0.0	0.0	0.0	1.2642594e-05	0.0	0.0	0.0	1.2607844e-05	0.0	2.5233948e-05	0.0	0.022924455354	0.0	0.028331189369	0.0	0.007562219759	0.0	0.001791813313	0.0	0.00727530418
0.0	0.0	0.0	0.0	0.0	0.00760095277	0.0	0.0	0.0	0.015443151023	0.0	0.0	0.0	0.017635098827	0.0	0.011533777227	0.0	0.040638519784	0.0	0.029453847881	0.0	0.007523163691	0.0	0.001831839503	0.0	0.007376030508
0.0	0.0	0.0	0.0	0.0	0.0	0.0	0.0	0.0	0.0	0.0	0.0	0.0	3.7839781e-05	0.0	5.0618946e-05	0.0	0.022937996878	0.0	0.028417785214	0.0	0.007525329577	0.0	0.001805299236	0.0	0.007275725744
0.0	0.0	0.0	0.0	0.0	0.0	0.0	6.3155865e-05	0.0	0.004509549034	0.0	0.0	0.0	0.01376719041	0.0	0.000328564481	0.0	0.040608372533	0.0	0.028406650742	0.0	0.007525703856	0.0	0.001766824577	0.0	0.00731147802
0.0	0.0	0.0	0.0	0.0	0.000113813584	0.0	0.0	0.0	0.004534101601	0.0	0.0	0.0	0.013833914307	0.0	1.2670236e-05	0.0	0.040646980998	0.0	0.029203056809	0.0	0.007510136066	0.0	0.001793627086	0.0	0.007415014852
0.0	0.0	0.0	0.0	0.0	0.0	0.0	0.0	0.0	0.0	0.0	0.001742883519	0.0	2.5272801e-05	0.0	0.011560749141	0.0	0.022902679207	0.0	0.029543593433	0.0	0.007538168482	0.0	0.00174234918	0.0	0.00733757614
0.0	0.0	0.0	0.0	0.0	0.0	0.0	0.0	0.0	1.2645773e-05	0.0	0.001703303182	0.0	1.2609635e-05	0.0	0.011584170612	0.0	0.02345476798	0.0	0.029390280211	0.0	0.007523240435	0.0	0.001780531073	0.0	0.007275523748
0.0	0.0	0.0	0.0	0.0	0.0	0.0	0.0	0.0	0.0	0.0	0.0	0.0	2.5213118e-05	0.0	2.5282464e-05	0.0	0.040459431095	0.0	0.028304981323	0.0	0.007548846863	0.0	0.001830815712	0.0	0.007313068744
0.0	0.0	0.0	0.0	0.0	0.0	0.0	0.0	0.0	0.0	0.0	0.0	0.0	1.2601763e-05	0.0	2.5331544e-05	0.0	0.022915336407	0.0	0.028356754164	0.0	0.007561946257	0.0	0.001843581255	0.0	0.007287352751
0.0	0.0	0.0	0.0	0.0	0.0	0.0	0.0	0.0	1.2630273e-05	0.0	0.0	0.0	2.5249163e-05	0.0	3.7956174e-05	0.0	0.040629351691	0.0	0.028417923455	0.0	0.007551263842	0.0	0.001816720607	0.0	0.007297843073
0.0	0.0	0.0	0.0	0.0	0.0	0.0	0.0	0.0	2.5282534e-05	0.0	0.0	0.0	1.259981e-05	0.0	3.800178e-05	0.0	0.022935870919	0.0	0.028443788956	0.0	0.007549683108	0.0	0.00182966798	0.0	0.007288005835
0.0	0.0	0.0	0.0	0.0	0.0001008569	0.0	0.0	0.0	0.004496538921	0.0	0.0	0.0	0.013925394841	0.0	2.5290528e-05	0.0	0.040511041512	0.0	0.028416015947	0.0	0.007474816531	0.0	0.001791382843	0.0	0.007311923841
0.0	0.0	0.0	0.0	0.0	0.0	0.0	0.0	0.0	1.2645773e-05	0.0	0.0	0.0	1.2607844e-05	0.0	1.2674112e-05	0.0	0.038369120577	0.0	0.02835277361	0.0	0.007537855388	0.0	0.001781956031	0.0	0.00729966256
0.0	0.030175331067	0.0	0.0	0.0	0.032090654538	0.0	0.001364770403	1.262664e-05	0.021127312399	0.000681834816	0.003170016123	7.5756096e-05	0.006327583086	0.000416674128	0.01402094984	0.00015151656	0.026271695858	0.000328287024	0.042416164771	0.000467178816	0.017858763919	0.000290413968	0.004911354433	6.323525e-05	0.009876395589
0.0	0.0	0.0	0.0	0.0	0.0	0.0	0.0	0.0	1.265159e-05	0.0	0.0	0.0	6.3078975e-05	0.0	5.064382e-05	0.0	0.022999688905	0.0	0.02846960278	0.0	0.00753874066	0.0	0.001741476278	0.0	0.007326569792
0.0	0.0	0.0	0.0	0.0	0.0	0.0	0.0	0.0	0.00451002721	0.0	0.0	0.0	0.013825935423	0.0	2.520054e-05	0.0	0.040522935797	0.0	0.028390797449	0.0	0.007498201683	0.0	0.001816916051	0.0	0.00740113103
0.0	0.0	0.0	0.0	0.0	0.0	0.0	0.0	0.0	1.263485e-05	0.0	0.0	0.0	3.7923932e-05	0.0	5.056198e-05	0.0	0.022950089323	0.0	0.028430309813	0.0	0.007487773535	0.0	0.001829405435	0.0	0.007199296517
0.0	0.0	0.0	0.0	0.0	0.0	0.0	0.0	0.0	1.2651606e-05	0.0	0.0	0.0	2.5261392e-05	0.0	5.0700304e-05	0.0	0.023505524338	0.0	0.028391151532	0.0	0.007537875702	0.0	0.001756894548	0.0	0.007363435063
0.0	0.0	0.0	0.0	0.0	0.001527653343	0.0	0.0	0.0	0.007616771151	0.0	0.0	0.0	0.013899772647	0.0	6.3338268e-05	0.0	0.040561082119	0.0	0.029455709417	0.0	0.007485866433	0.0	0.001766205256	0.0	0.007299898624
0.0	0.0	0.0	0.0	0.0	0.0	0.0	0.0	0.0	0.004445905699	0.0	0.0	0.0	0.013880072131	0.0	2.5315086e-05	0.0	0.040632314124	0.0	0.028405896611	0.0	0.0075252726	0.0	0.001792169577	0.0	0.007274114967
0.0	0.0	0.0	0.0	0.0	0.0	0.0	0.0	0.0	1.2634907e-05	0.0	0.001716890897	0.0	0.0	0.0	0.011596247966	0.0	0.022949841571	0.0	0.029518367972	0.0	0.007600126711	0.0	0.00180463259	0.0	0.007274004193
0.0	0.0	0.0	0.0	0.0	0.0	0.0	0.0	0.0	1.2651606e-05	0.0	0.001716748166	0.0	5.0559302e-05	0.0	0.011583925005	0.0	0.02298794928	0.0	0.029555458757	0.0	0.007550596613	0.0	0.00179338368	0.0	0.007262569452
0.0	0.0	0.0	0.007236693282	0.0	0.0	0.0	0.009686252946	0.0	0.004521081522	0.0	0.00097260657	0.0	0.013893354921	0.0	0.007933981575	0.0	0.040484779392	0.0	0.029644530684	0.0	0.008486662734	0.0	0.001780127653	0.0	0.008649744903
0.0	0.0	0.0	0.0	0.0	0.0	0.0	0.0	0.0	0.0	0.0	0.001717144897	0.0	2.5212929e-05	0.0	0.011584736617	0.0	0.029825488077	0.0	0.02951742642	0.0	0.007614198664	0.0	0.001792675301	0.0	0.007337743377
0.0	0.0	0.0	0.0	0.0	0.0	0.0	0.0	0.0	0.0	0.0	0.0	0.0	1.264131e-05	0.0	3.7952604e-05	0.0	0.022949643202	0.0	0.028442589391	0.0	0.007526066569	0.0	0.00181658218	0.0	0.007237316798
0.0	0.0	0.0	0.0	0.0	0.0	0.0	0.0	0.0	1.2651704e-05	0.0	0.0	0.0	1.2607844e-05	0.0	1.2674112e-05	0.0	0.040646386408	0.0	0.028330213264	0.0	0.007487158745	0.0	0.001806278412	0.0	0.007373807365
0.0	0.0	0.0	0.007300690106	0.0	0.0	0.0	0.009686291162	0.0	0.0	0.0	0.000934897252	0.0	0.00785491781	0.0	0.00790990051	0.0	0.040473873958	0.0	0.029568871914	0.0	0.008396215771	0.0	0.001856284	0.0	0.008638692549
0.0	0.0	0.0	0.0	0.0	0.0	0.0	0.0	0.0	0.0	0.0	0.0	0.0	2.5211138e-05	0.0	2.531142e-05	0.0	0.022902680923	0.0	0.028431024676	0.0	0.007588512468	0.0	0.001793784659	0.0	0.007237006196
0.0	0.0	0.0	0.0	0.0	0.0	0.0	0.000113642689	0.0	1.2618633e-05	0.0	0.002172904107	0.0	0.0	0.0	0.011607877893	0.0	0.040705711816	0.0	0.029443902836	0.0	0.007525968738	0.0	0.001804273182	0.0	0.007249349721
0.0	0.0	0.0	0.0	0.0	0.0	0.0	0.0	0.0	0.0	0.0	0.002171551387	0.0	7.5716313e-05	0.0	0.011569436645	0.0	0.038485064808	0.0	0.029555741161	0.0	0.007564358166	0.0	0.001793717453	0.0	0.007300745616
0.0	0.000733445207	0.0	0.0	0.0	0.017689281103	0.0	0.000404316545	0.0	0.013296132097	0.00051769224	0.000442742037	0.0	0.001389452368	0.0	0.01173604924	8.8385232e-05	0.025220970249	2.5253904e-05	0.030389410821	0.0	0.007552301151	0.0	0.003283857484	0.0	0.007387881306
0.0	0.0	0.0	0.0	0.0	0.0	0.0	0.0	0.0	1.2630564e-05	0.0	0.0	0.0	2.5298703e-05	0.0	3.8009292e-05	0.0	0.029933619779	0.0	0.028430748438	0.0	0.007500888385	0.0	0.001806168433	0.0	0.007249482041
0.0	0.0	0.0	0.0	0.0	0.0	0.0	0.0	0.0	0.0	0.0	0.0	0.0	1.2603294e-05	0.0	5.0507984e-05	0.0	0.022936969135	0.0	0.028407425284	0.0	0.007564374071	0.0	0.001804300753	0.0	0.00732475303
0.0	0.0	0.0	0.0	0.0	0.0	0.0	0.0	0.0	0.00450924578	0.0	0.0	0.0	0.013847156412	0.0	2.531529e-05	0.0	0.040609229506	0.0	0.02834134245	0.0	0.00748632791	0.0	0.001793999933	0.0	0.007299350753
0.0	0.0	0.0	0.0	0.0	0.004256844556	0.0	0.0	0.0	0.002779483059	0.0	0.001666819974	0.0	6.3122557e-05	0.0	0.011596248748	0.0	0.023051464972	0.0	0.029446008517	0.0	0.007537976189	0.0	0.001793095202	0.0	0.007386705871
0.0	0.0	0.0	0.0	0.0	0.0	0.0	0.0	0.0	0.004559796195	0.0	0.0	0.0	0.01389643078	0.0	5.0696662e-05	0.0	0.040631008939	0.0	0.028403322635	0.0	0.007549958187	0.0	0.001830144463	0.0	0.007286612714
0.0	0.0	0.0	0.0	0.0	0.0	0.0	0.0	0.0	0.0	0.0	0.0	0.0	2.5211147e-05	0.0	2.5340022e-05	0.0	0.022875908424	0.0	0.029390096192	0.0	0.007524759521	0.0	0.001818319289	0.0	0.007300232211
0.0	0.0	0.0	0.0	0.0	1.2678015e-05	0.0	0.0	0.0	0.004468881038	0.0	0.0	0.0	0.01381238665	0.0	3.7875804e-05	0.0	0.040698274395	0.0	0.028403919843	0.0	0.00753832963	0.0	0.001804351271	0.0	0.007310884073
0.0	0.0	0.0	0.0	0.0	0.0	0.0	0.0	0.0	1.2645773e-05	0.0	0.0	0.0	2.5214313e-05	0.0	1.2673908e-05	0.0	0.022937634632	0.0	0.028365284166	0.0	0.007549676916	0.0	0.001832521553	0.0	0.007414090667
0.0	0.0	0.0	0.0	0.0	0.0	0.0	0.0	0.0	1.2645773e-05	0.0	0.0	0.0	2.5212929e-05	0.0	2.531499e-05	0.0	0.02345724168	0.0	0.028367483835	0.0	0.007511453281	0.0	0.001831737725	0.0	0.007376256461
0.0	0.0	0.0	0.0	0.0	8.8377704e-05	0.0	0.0	0.0	0.004509694115	0.0	0.0	0.0	0.013948682367	0.0	5.064382e-05	0.0	0.040582413658	0.0	0.028365535468	0.0	0.007487428831	0.0	0.001731534437	0.0	0.007299988627
0.0	0.0	0.0	0.0	0.0	0.0	0.0	0.0	0.0	0.0	0.0	0.0	0.0	2.5304412e-05	0.0	5.0696668e-05	0.0	0.023012499703	0.0	0.02846724194	0.0	0.007526053988	0.0	0.001768098716	0.0	0.007262373716
0.0	0.0	0.0	0.0	0.0	0.0	0.0	0.0	0.0	0.004497127174	0.0	0.0	0.0	0.01392495571	0.0	6.3149819e-05	0.0	0.040659405896	0.0	0.028365247778	0.0	0.007513048722	0.0	0.001755504009	0.0	0.007285540571
0.0	0.0	0.0	1.2566785e-05	0.0	0.0	0.0	0.005402928929	0.0	1.2620552e-05	0.0	0.000429132857	0.0	0.000618527837	0.0	0.001819622637	0.0	0.040646360013	0.0	0.028431371734	0.0	0.007501238887	0.0	0.001730528307	0.0	0.008043467434
0.0	0.0	0.0	0.0	0.0	0.0	0.0	0.0	0.0	1.2636384e-05	0.0	0.0	0.0	0.0	0.0	3.7960668e-05	0.0	0.0229752723	0.0	0.028418106729	0.0	0.007538810807	0.0	0.001843906673	0.0	0.007248703593
0.0	0.0	0.0	0.0	0.0	0.0	0.0	0.0	0.0	1.2645773e-05	0.0	0.0	0.0	1.2605854e-05	0.0	1.2670236e-05	0.0	0.022975123468	0.0	0.029441238416	0.0	0.007573516435	0.0	0.001807289876	0.0	0.007389086549
0.0	0.0	0.0	0.0	0.0	0.0	0.0	0.0	0.0	1.262051e-05	0.0	0.001691940678	0.0	1.2609635e-05	0.0	0.011596004595	0.0	0.022964502609	0.0	0.029416399309	0.0	0.007588592783	0.0	0.001780798646	0.0	0.007274846077
0.0	0.0	0.0	0.0	0.0	0.000959226219	0.0	0.0	0.0	0.006492579906	0.0	0.0	0.0	0.013959604912	0.0	5.0695336e-05	0.0	0.040699487544	0.0	0.029455419103	0.0	0.007473944968	0.0	0.00175543673	0.0	0.007313225478
0.0	0.0	0.0	0.0	0.0	0.0	0.0	0.0	0.0	2.5250648e-05	0.0	0.0	0.0	1.2609635e-05	0.0	2.5235376e-05	0.0	0.022962138861	0.0	0.028341052706	0.0	0.007537672938	0.0	0.001756203664	0.0	0.007274486566
0.0	0.0	0.0	0.007186997138	0.0	0.0	0.0	0.016810983542	0.0	1.264075e-05	0.0	0.030269617104	0.0	0.00779493397	0.0	0.033598076913	0.0	0.040623154343	0.0	0.030642398512	0.0	0.008411526299	0.0	0.001816884735	0.0	0.008599207868
0.0	0.0	0.0	0.0	0.0	0.0	0.0	0.0	0.0	0.0	0.0	0.0	0.0	1.26594e-05	0.0	3.7871436e-05	0.0	0.022975130774	0.0	0.028430439111	0.0	0.00752518269	0.0	0.001830384366	0.0	0.007237522819
0.0	0.0	0.0	0.0	0.0	0.0	0.0	0.0	0.0	1.263485e-05	0.0	0.0	0.0	2.5250628e-05	0.0	3.8006206e-05	0.0	0.023012728094	0.0	0.028380941279	0.0	0.007488011629	0.0	0.001819150275	0.0	0.007236853039
0.0	0.0	0.0	0.0	0.0	0.0	0.0	0.0	0.0	1.263994e-05	0.0	0.0	0.0	1.2657561e-05	0.0	3.8005362e-05	0.0	0.022936055727	0.0	0.02842935812	0.0	0.007512937705	0.0	0.00182983705	0.0	0.00721151395
0.0	0.0	0.0	0.0	0.0	0.0	0.0	0.0	0.0	0.004535107352	0.0	0.0	0.0	0.013897925348	0.0	5.069958e-05	0.0	0.04069466418	0.0	0.028402840595	0.0	0.007512269989	0.0	0.001804640297	0.0	0.007299251492
0.0	0.030369004742	0.0	0.0	0.0	0.031975509003	1.2627576e-05	0.001288746251	0.0	0.021355274183	0.000606080592	0.00203440875	5.0505312e-05	0.006365002564	0.000492433968	0.013793490733	0.00027778296	0.026235762081	0.000303031872	0.042338931616	0.000416670384	0.017935835898	0.000290411784	0.004899636816	8.8528e-05	0.009940753312
0.0	0.0	0.0	0.0	0.0	0.0	0.0	0.0	0.0	0.0	0.0	0.0	0.0	2.5211138e-05	0.0	8.8658622e-05	0.0	0.022827747695	0.0	0.02952850557	0.0	0.007601294706	0.0	0.00180467697	0.0	0.007326991457
0.0	0.0	0.0	0.0	0.0	0.0	0.0	0.0	0.0	0.0	0.0	0.001729273316	0.0	2.5205057e-05	0.0	0.011532014174	0.0	0.022849352202	0.0	0.029518497015	0.0	0.007550982859	0.0	0.001766975565	0.0	0.007324498858
0.0	0.0	0.0	0.0	0.0	0.0	0.0	0.0	0.0	1.264802e-05	0.0	0.001653506066	0.0	5.0478168e-05	0.0	0.011570040778	0.0	0.022937426293	0.0	0.029417402334	0.0	0.007538564276	0.0	0.001817385098	0.0	0.007285680281
0.0	0.0	0.0	1.2566785e-05	0.0	0.0	0.0	0.005352051862	0.0	2.5294436e-05	0.0	0.000403869263	0.0	0.000618546336	0.0	0.001807075187	0.0	0.040581998621	0.0	0.028354919566	0.0	0.007513395421	0.0	0.001769304774	0.0	0.008057461415
0.0	0.0	0.0	0.0	0.0	0.0	0.0	0.0	0.0	1.2633281e-05	0.0	0.0	0.0	2.5299684e-05	0.0	3.8010258e-05	0.0	0.022911475434	0.0	0.029442517031	0.0	0.007525879391	0.0	0.001778765209	0.0	0.007199731437
0.0	0.0	0.0	0.0	0.0	0.0	0.0	0.0	0.0	0.004533969831	0.0	0.0	0.0	0.013831057912	0.0	2.533236e-05	0.0	0.040587197057	0.0	0.028391499442	0.0	0.007498265156	0.0	0.001792113638	0.0	0.007399888484
0.0	0.0	0.0	2.5324803e-05	0.0	0.0	0.0	0.005428254481	0.0	0.004470872763	0.0	0.000403948096	0.0	0.013896983759	0.0	0.001794595622	0.0	0.04053203879	0.0	0.028342240819	0.0	0.007499926919	0.0	0.001843543831	0.0	0.008042387626
0.0	0.0	0.0	0.0	0.0	0.0	0.0	0.0	0.0	0.0	0.0	0.0	0.0	2.5212929e-05	0.0	2.5282272e-05	0.0	0.022839645125	0.0	0.02835465898	0.0	0.007549088675	0.0	0.001830777355	0.0	0.007300927518
0.0	0.0	0.0	0.00728956474	0.0	0.0	0.0	0.009698360763	0.0	1.2618633e-05	0.0	0.000934852408	0.0	0.007740704899	0.0	0.007986051155	0.0	0.040672389273	0.0	0.029567673871	0.0	0.008448778487	0.0	0.001792331878	0.0	0.008675082454
0.0	0.0	0.0	0.0	0.0	0.0	0.0	0.0	0.0	0.004497032669	0.0	0.0	0.0	0.013818358405	0.0	5.0693092e-05	0.0	0.0406074355	0.0	0.028430627827	0.0	0.007564704944	0.0	0.001778832189	0.0	0.007261902068
0.0	0.0	0.0	0.0	0.0	0.0	0.0	0.0	0.0	2.5288367e-05	0.0	0.0	0.0	1.2607844e-05	0.0	1.2670236e-05	0.0	0.022975699667	0.0	0.029188587452	0.0	0.007574112646	0.0	0.001830588643	0.0	0.007299942002
0.0	1.2629715e-05	0.0	0.0	0.0	0.018271631989	2.525328e-05	0.0	0.0	0.027972526188	0.0	0.0	0.0	0.028794150975	0.0	0.011620839287	0.0	0.041583698795	0.0	0.02969491529	0.0	0.007523945463	0.0	0.001855248059	0.0	0.007275728477
0.0	0.0	0.0	0.0	0.0	0.0	0.0	0.0	0.0	1.2633281e-05	0.0	0.001666947343	0.0	2.5246668e-05	0.0	0.011622898019	0.0	0.022987329717	0.0	0.029515006944	0.0	0.00753877077	0.0	0.001765348028	0.0	0.007286312537
0.0	0.0	0.0	0.0	0.0	0.000454473183	0.0	0.0	0.0	0.005456823315	0.0	0.0	0.0	0.013880753664	0.0	2.5315446e-05	0.0	0.04062099317	0.0	0.029475426244	0.0	0.007524670918	0.0	0.001804657406	0.0	0.007298813223
0.0	0.0	0.0	0.0	0.0	0.004204584772	0.0	0.0	0.0	0.002765413581	0.0	0.0	0.0	2.5244886e-05	0.0	0.011544422173	0.0	0.02310208481	0.0	0.029516841239	0.0	0.007498405116	0.0	0.001768883346	0.0	0.007350626225
0.0	0.0	0.0	0.0	0.0	0.0	0.0	0.0	0.0	0.0	0.0	0.0	0.0	1.2605274e-05	0.0	2.53324e-05	0.0	0.022912920571	0.0	0.028366550607	0.0	0.007510707872	0.0	0.001792232551	0.0	0.007324514971
0.0	0.0	0.0	0.0	0.0	0.0	0.0	0.0	0.0	0.0	0.0	0.0	0.0	2.5210855e-05	0.0	2.5331544e-05	0.0	0.022914445093	0.0	0.028417742618	0.0	0.007485904037	0.0	0.001793916443	0.0	0.007338387162
0.0	0.0	0.0	0.0	0.0	0.0	0.0	0.011516583113	0.0	0.0	0.0	0.017426423997	0.0	0.000618503719	0.0	0.024400810827	0.0	0.040646501436	0.0	0.029544743274	0.0	0.007576393436	0.0	0.001791765526	0.0	0.007995713958
0.0	0.0	0.0	0.0	0.0	0.0	0.0	0.0	0.0	0.0	0.0	0.001716495005	0.0	2.5212929e-05	0.0	0.01156986851	0.0	0.022877603028	0.0	0.02949242354	0.0	0.007589019484	0.0	0.001818758559	0.0	0.007262695827
0.0	0.0	0.0	0.0	0.0	0.0	0.0	0.0	0.0	2.5250884e-05	0.0	0.0	0.0	1.2657561e-05	0.0	3.800178e-05	0.0	0.022975650197	0.0	0.028342644312	0.0	0.007551525023	0.0	0.001830534295	0.0	0.007300388674
0.0	0.0	0.0	0.0	0.0	0.0	0.0	0.0	0.0	0.004471915889	0.0	0.0	0.0	0.013899761951	0.0	2.5361316e-05	0.0	0.040643778782	0.0	0.028329845909	0.0	0.007511415322	0.0	0.001817839927	0.0	0.007274035956
0.0	0.0	0.0	0.0	0.0	2.5448197e-05	0.0	0.0	0.0	1.2633281e-05	0.0	0.001691699499	0.0	2.52969e-05	0.0	0.011634860637	0.0	0.022936441214	0.0	0.029454058881	0.0	0.007612238474	0.0	0.001765715381	0.0	0.007300548528
0.0	0.000543305656	0.0	0.0	0.0	0.017615628209	0.0	0.000442332954	1.262664e-05	0.013335254033	0.000517694112	0.001729463662	0.0	0.0014023279	0.0	0.011661235013	0.000101011248	0.025172469543	1.2627264e-05	0.030378576337	0.0	0.007525492336	0.0	0.003359378636	0.0	0.007437587198
0.0	0.0	0.0	0.0	0.0	3.7963404e-05	0.0	0.0	0.0	1.2620341e-05	0.0	0.0	0.0	2.5301664e-05	0.0	0.000113874027	0.0	0.022924707607	0.0	0.029518345981	0.0	0.007484973999	0.0	0.001792969488	0.0	0.007199100057
0.0	0.000594337759	0.0	5.0421144e-05	0.0	0.02777122394	2.525328e-05	0.000429673969	1.262664e-05	0.038893911659	0.00053032356	0.000467494394	0.0	0.040014461098	0.0	0.011708939025	6.3132576e-05	0.042845402761	2.525328e-05	0.03033934324	0.0	0.007499060811	0.0	0.003296070315	0.0	0.007413308267
0.0	0.0	0.0	0.0	0.0	0.0	0.0	0.0	0.0	0.004485683321	0.0	0.0	0.0	0.013946697127	0.0	6.3311413e-05	0.0	0.040545648245	0.0	0.028353432415	0.0	0.007476443025	0.0	0.001755041339	0.0	0.007313192076
0.0	1.2608475e-05	0.0	0.0	0.0	0.00902576704	0.0	0.0	0.0	0.007428065685	0.0	0.0	0.0	0.000530490764	0.0	0.011620642967	0.0	0.023911111077	0.0	0.029633909056	0.0	0.00756224063	0.0	0.001830000095	0.0	0.007299965124
0.0	0.0	0.0	0.0	0.0	0.0	0.0	0.0	0.0	0.0	0.0	0.001703713016	0.0	1.2603294e-05	0.0	0.011597943154	0.0	0.022900272996	0.0	0.029467943761	0.0	0.007563282573	0.0	0.001779615942	0.0	0.007300317284
0.0	0.0	0.0	0.0	0.0	0.0	0.0	0.0	0.0	0.0	0.0	0.0	0.0	2.5246386e-05	0.0	5.0786281e-05	0.0	0.02293676397	0.0	0.028367942197	0.0	0.007487300939	0.0	0.001779282866	0.0	0.007287847758
0.0	0.0	0.0	0.0	0.0	0.0	0.0	0.0	0.0	0.0	0.0	0.0	0.0	2.5212114e-05	0.0	3.8002636e-05	0.0	0.022900371233	0.0	0.028419901589	0.0	0.007575330308	0.0	0.001804266417	0.0	0.007325656158
0.0	0.030298326028	0.0	6.3024199e-05	0.0	0.039731915737	0.00011363976	0.001263652948	0.0	0.045523019137	0.000707090904	0.002047042446	7.575672e-05	0.044896231153	0.000378797328	0.013907436263	0.00017676984	0.043844506995	0.000340915536	0.042329764604	0.000467181312	0.017832971653	0.000277787016	0.004925690458	8.8529625e-05	0.009915568466
0.0	0.0	0.0	0.0	0.0	0.0	0.0	0.0	0.0	0.0	0.0	0.001704843429	0.0	3.7965428e-05	0.0	0.011610919847	0.0	0.023011364569	0.0	0.029518379166	0.0	0.00755206514	0.0	0.001792985449	0.0	0.007248380006
0.0	0.0	0.0	0.0	0.0	0.0	0.0	0.0	0.0	0.0	0.0	0.0	0.0	2.5211138e-05	0.0	2.5338402e-05	0.0	0.022852704915	0.0	0.02840643207	0.0	0.007601680475	0.0	0.00178024902	0.0	0.007338230719
0.0	0.0	0.0	0.0	0.0	0.0	0.0	0.0	0.0	0.004522331076	0.0	0.0	0.0	0.013871588798	0.0	2.5233192e-05	0.0	0.040595524011	0.0	0.028380261577	0.0	0.00749874799	0.0	0.001805874097	0.0	0.007323648764
0.0	0.000569155648	0.0	0.0	0.0	0.017669041732	0.0	0.000442162512	0.0	0.013285333398	0.000555569352	0.000442212925	0.0	0.001414782801	0.0	0.011685203409	6.3132576e-05	0.025173944562	2.5252656e-05	0.030327028695	0.0	0.007587892002	0.0	0.003322427829	0.0	0.007451913796
0.0	0.0	0.0	0.0	0.0	0.0	0.0	0.0	0.0	0.0	0.0	0.0	0.0	2.5260894e-05	0.0	5.0647696e-05	0.0	0.038572407278	0.0	0.02839265173	0.0	0.00748820705	0.0	0.001730628669	0.0	0.007287032747
0.0	0.0	0.0	0.0	0.0	0.0	0.0	0.000681984071	0.0	2.5256706e-05	0.0	0.002892995127	0.0	1.2607844e-05	0.0	0.011935234466	0.0	0.040546191127	0.0	0.02945570827	0.0	0.00757549958	0.0	0.001792868383	0.0	0.007262269821
0.0	0.0	0.0	0.0	0.0	0.0	0.0	0.0	0.0	0.0	0.0	0.001704893117	0.0	2.5208874e-05	0.0	0.011595527825	0.0	0.022875990416	0.0	0.029480397651	0.0	0.0075885162	0.0	0.001742167679	0.0	0.007352259645
0.0	0.0	0.0	0.0	0.0	0.0	0.0	7.5755823e-05	0.0	1.2630273e-05	0.0	0.0	0.0	0.0	0.0	0.000328536163	0.0	0.040697911385	0.0	0.028470222944	0.0	0.007513517391	0.0	0.001818808126	0.0	0.00726285788
0.0	0.0	0.0	0.0	0.0	0.0	0.0	6.3137919e-05	0.0	0.0	0.0	0.0	0.0	2.5211138e-05	0.0	0.000303358355	0.0	0.040535506756	0.0	0.028418786094	0.0	0.007485415236	0.0	0.001791713266	0.0	0.007376068902
0.0	0.0	0.0	0.0	0.0	0.0	0.0	0.0	0.0	1.2606055e-05	0.0	0.001729129081	0.0	1.2609635e-05	0.0	0.011559310045	0.0	0.022923913438	0.0	0.029516166189	0.0	0.007512934143	0.0	0.00175391449	0.0	0.007350932845
0.0	0.0	0.0	0.0	0.0	0.0	0.0	0.0	0.0	0.0	0.0	0.0	0.0	5.047279e-05	0.0	5.0566252e-05	0.0	0.023025985759	0.0	0.028443302541	0.0	0.007487960923	0.0	0.001818608491	0.0	0.007311770651
0.0	0.0	0.0	0.0	0.0	0.0	0.0	0.0	0.0	1.2642594e-05	0.0	0.001716880048	0.0	2.5206201e-05	0.0	0.011596783484	0.0	0.022935705759	0.0	0.029531340852	0.0	0.007499690643	0.0	0.001766410776	0.0	0.007324043016
0.0	0.0	0.0	0.0	0.0	0.0	0.0	0.0	0.0	1.2610944e-05	0.0	0.0	0.0	1.2605854e-05	0.0	2.5249704e-05	0.0	0.022948776122	0.0	0.028380835362	0.0	0.007525832516	0.0	0.001793258493	0.0	0.007337426257
0.0	0.0	0.0	0.0	0.0	0.0	0.0	0.0	0.0	0.0	0.0	0.0	0.0	1.2607844e-05	0.0	1.269036e-05	0.0	0.022927806559	0.0	0.028316324733	0.0	0.007562934024	0.0	0.001819079783	0.0	0.007324951447
0.0	0.0	0.0	0.0	0.0	0.0	0.0	0.0	0.0	0.004571820948	0.0	0.0	0.0	0.013935299814	0.0	1.264128e-05	0.0	0.040497464293	0.0	0.02830224481	0.0	0.007486061185	0.0	0.001844035946	0.0	0.007298791134
0.0	0.0	0.0	0.0	0.0	0.0	0.0	0.0	0.0	1.2639704e-05	0.0	0.001691194867	0.0	1.2604063e-05	0.0	0.011546234047	0.0	0.022975175057	0.0	0.029454532675	0.0	0.007537981247	0.0	0.001717045295	0.0	0.007274219822
0.0	8.8328682e-05	0.0	0.0	0.0	0.00910496776	0.0	0.0	0.0	0.007412918994	0.0	0.0	0.0	0.000568388792	0.0	0.011634953754	0.0	0.02394833723	0.0	0.029721137062	0.0	0.007587823509	0.0	0.001754764014	0.0	0.007235000213
0.0	0.0	0.0	0.0	0.0	0.0	0.0	0.0	0.0	1.263994e-05	0.0	0.0	0.0	1.2609635e-05	0.0	2.53155e-05	0.0	0.022974477051	0.0	0.028418031483	0.0	0.007551427469	0.0	0.001867770527	0.0	0.00729869391
0.0	0.0	0.0	0.0	0.0	0.0	0.0	0.0	0.0	0.00447100311	0.0	0.0	0.0	0.013739648481	0.0	3.7973772e-05	0.0	0.040558078553	0.0	0.028443230999	0.0	0.007550389143	0.0	0.001780003218	0.0	0.007348823754
0.0	0.0	0.0	0.0	0.0	0.0	0.0	0.0	0.0	0.0	0.0	0.0	0.0	6.3094398e-05	0.0	5.0697058e-05	0.0	0.022987334048	0.0	0.02929057614	0.0	0.0074986374	0.0	0.001768926112	0.0	0.007375263715
0.0	0.0	0.0	0.0	0.0	0.0	0.0	0.0	0.0	1.2627421e-05	0.0	0.0	0.0	3.7960974e-05	0.0	5.0692996e-05	0.0	0.022987598793	0.0	0.028469883503	0.0	0.007512755511	0.0	0.001780629311	0.0	0.007286892273
0.0	0.0	0.0	0.0	0.0	0.0	0.0	0.0	0.0	0.00447142443	0.0	0.0	0.0	0.013852055377	0.0	2.531529e-05	0.0	0.040567532024	0.0	0.028366721513	0.0	0.007563349843	0.0	0.001766290199	0.0	0.007324118621
0.0	3.789051e-05	0.0	0.0	0.0	0.009050820657	0.0	0.0	0.0	0.007514647571	0.0	0.001691934268	0.0	0.00054319797	0.0	0.01152075075	0.0	0.023901136182	0.0	0.029708897749	0.0	0.00752570476	0.0	0.001754144606	0.0	0.007336382686
