0.0	0.0	0.0	0.0	0.0	0.000690509606	0.0	0.0	0.0	0.013503775314	0.0	0.0	0.0	0.021014420785	0.0	0.003324454439	0.0	0.040234889415	0.000830754288	0.019057406749	0.000906282624	0.009496220163	0.000345250464	0.004500431997	1.08065e-05	0.00856712886
0.0	0.0	0.0	0.0	0.0	0.0	0.0	0.0	0.0	4.3198642e-05	0.0	0.0	0.0	0.000734062614	0.0	0.00334540898	0.0	0.020127751589	0.00077680512	0.019015839052	0.000927839952	0.009516152934	0.000334460256	0.004499784459	1.08065e-05	0.008567841953
0.0	0.0	0.0	0.0	0.0	0.002243900493	0.0	0.000269713436	0.0	0.005505621442	0.0	0.000582947077	0.0	0.000776536887	0.0	0.007834277702	0.0	0.020138773734	0.000744430128	0.02124913383	0.000927846816	0.009603967823	0.000356024448	0.004499221595	2.1612625e-05	0.008602395218
0.0	0.0	0.0	0.000583894383	0.0	0.0	0.0	0.006971075373	0.0	4.3238856e-05	0.0	0.000690342718	0.0	0.001737391237	0.0	0.004165400425	0.0	0.039514572133	0.000755225328	0.019038808009	0.000917054736	0.009507144381	0.000323670672	0.004531563886	2.1612375e-05	0.008987885959
0.0	0.0	0.0	0.0	0.0	0.0	0.0	0.0	0.0	6.4832177e-05	0.0	0.0	0.0	0.000798555796	0.0	0.003291285301	0.0	0.020171814107	0.000776803248	0.018950532636	0.000917059104	0.009540966825	0.00031287516	0.004499133112	1.080625e-05	0.008676145656
0.0	0.0	0.0	0.0	0.0	0.0	0.0	0.000226578671	0.0	3.2513784e-05	0.0	0.000561280173	0.0	0.000722467094	0.0	0.007781224399	0.0	0.020150035622	0.00079837992	0.020062895889	0.000895467456	0.00951675944	0.000366826512	0.004532198569	2.161275e-05	0.00868830239
0.0	0.0	0.0	0.0	0.0	0.0	0.0	0.000205016354	0.0	4.3238709e-05	0.0	0.000474810702	0.0	0.0007115742	0.0	0.007621150379	1.078896e-05	0.020203209669	0.000798381168	0.020044786529	0.000884698464	0.009636074203	0.000323663808	0.004466756306	2.1612375e-05	0.008631386612
0.0	0.013776058773	0.0	0.0	0.0	0.036745287355	0.0	0.00166178302	0.0	0.030816519071	0.00071208072	0.002084139597	0.000161835024	0.005482883971	0.001014146016	0.011480668867	0.000873875184	0.021896759406	0.000949424736	0.044669057546	0.000917065968	0.016122136163	0.000409974864	0.007781852907	0.0001512855	0.01065199155
0.0	0.0	0.0	0.0	0.0	0.000712433232	0.0	0.0	0.0	0.013523683212	0.0	0.0	0.0	0.021091023078	0.0	0.003313340872	0.0	0.040213107609	0.000841540128	0.018910050119	0.000863109936	0.00950892679	0.000334461504	0.004607033596	2.161275e-05	0.008635374826
0.0	0.0	0.0	0.0	0.0	0.0	0.0	0.0	0.0	5.4023146e-05	0.0	0.0	0.0	0.000798801711	0.0	0.003291321421	0.0	0.02016059841	0.000755227824	0.019016812622	0.000938633904	0.009541128077	0.000302084016	0.004456968519	2.161275e-05	0.008632485367
0.0	0.0	0.0	0.0	0.0	0.0	0.0	0.000269745523	0.0	6.4739195e-05	0.0	0.000561268248	0.0	0.000787662394	0.0	0.00772995371	0.0	0.020116644155	0.000809172	0.019968534401	0.000906274512	0.009520231822	0.000312872976	0.004509627741	1.0806375e-05	0.00864232601
0.0	0.0	0.0	0.0	0.0	0.000680039855	0.0	0.0	0.0	0.013481301733	0.0	0.0	0.0	0.021024069071	0.0	0.003302064041	0.0	0.040228516059	0.000766019904	0.018950720227	0.00092785368	0.009520613261	0.000312876408	0.004489274297	2.161275e-05	0.008643708191
0.0	0.0	0.0	0.000270211027	0.0	0.0	0.0	0.001424051532	0.0	6.4684694e-05	0.0	0.0	0.0	0.000722637631	0.0	0.003430710031	0.0	0.037105828665	0.000852322224	0.018953863684	0.00087390264	0.009530989365	0.000334459008	0.004564227399	1.0806375e-05	0.008591296067
0.0	0.0	0.0	0.0	0.0	0.0	0.0	0.0	0.0	4.3234927e-05	0.0	0.0	0.0	0.000776531359	0.0	0.003334230919	0.0	0.020161096778	0.000755227824	0.018963689593	0.0009062508	0.0094859687	0.000356037864	0.004500192159	1.0806375e-05	0.008631742718
0.0	0.0	0.0	0.0	0.0	0.0	0.0	0.000215803359	0.0	4.3268913e-05	0.0	0.000539634228	0.0	0.000722875843	0.0	0.00765113556	0.0	0.020160763021	0.000787589088	0.020023480597	0.00088469472	0.009657702394	0.00033445152	0.004553708922	2.161225e-05	0.0086535037
0.0	0.0	0.0	0.0	0.0	0.0	0.0	0.0	0.0	5.4007138e-05	0.0	0.0	0.0	0.000701483712	0.0	0.003334614299	0.0	0.020160965503	0.00085232472	0.018909953178	0.000873901392	0.009529885539	0.000345248592	0.004584489058	2.161275e-05	0.008591816914
0.0	0.0	0.0	0.0	0.0	0.0	0.0	0.0	0.0	4.3315261e-05	0.0	0.0	0.0	0.000777166683	0.0	0.003388881812	0.0	0.024371704488	0.000733645536	0.019018160027	0.000895481184	0.00958319164	0.000356036928	0.004595716968	3.2418875e-05	0.008621447547
0.0	0.0	0.0	0.0	0.0	0.0	0.0	0.000269729038	0.0	6.4804127e-05	0.0	0.000582839461	0.0	0.000809376446	0.0	0.007751208234	0.0	0.020148574832	0.000766015536	0.020021182722	0.000917044752	0.009509779807	0.000312883272	0.004467478527	1.08065e-05	0.00861051695
0.0	0.0	0.0	0.0	0.0	0.000668948998	0.0	0.0	0.0	0.013437320737	0.0	0.0	0.0	0.021099044084	0.0	0.003345560588	0.0	0.040203201502	0.000776810736	0.018971663786	0.00092784432	0.009517304785	0.00032367348	0.004552743883	2.1612625e-05	0.008556977701
0.0	6.4502477e-05	0.0	0.0	0.0	0.024731629503	0.0	0.001305819681	0.0	0.025324649997	0.00067971384	0.003228523646	0.000129468768	0.003798121077	0.000938625792	0.008286719987	2.157792e-05	0.020191680688	0.000766012416	0.029634564411	0.00087390576	0.00951807473	0.000377607048	0.006065533753	1.08065e-05	0.009722187571
0.0	0.0	0.0	0.0	0.0	0.0	0.0	6.4821427e-05	0.0	4.3164214e-05	0.0	0.0	0.0	0.000766114261	0.0	0.003312683075	0.0	0.033555863268	0.00074443512	0.019015966619	0.000927841824	0.009516447495	0.000334460568	0.004575147989	2.1612375e-05	0.008546723817
0.0	9.6935944e-05	0.0	0.0	0.0	0.024774478929	0.0	0.001122614864	0.0	0.025238159212	0.000679711968	0.001921861608	0.000118681056	0.003722684185	0.00093862392	0.008234702024	1.078896e-05	0.020137243464	0.000776802624	0.029658265244	0.0008846916	0.009646450195	0.000334454328	0.006087246223	2.16125e-05	0.009733689787
0.0	0.0	0.0	8.6064395e-05	0.0	0.0	0.0	0.000215835489	0.0	5.4170669e-05	0.0	0.000626330353	0.0	0.000776377477	0.0	0.007791020947	0.0	0.03514337861	0.000733644912	0.020013123148	0.000906270768	0.009571949313	0.000356036928	0.004564008715	2.1612375e-05	0.008609951745
0.0	9.7134944e-05	0.0	0.0	0.0	0.025357863301	0.0	0.00208319159	0.0	0.041519895352	0.000873922608	0.002116502828	0.000204997728	0.044272216165	0.000960208704	0.008158834232	1.078896e-05	0.040226294582	0.000787594704	0.029786371027	0.000884698464	0.00959522045	0.0003452436	0.006044674072	2.1612625e-05	0.00974310844
0.0	0.0	0.0	0.0	0.0	0.0	0.0	0.000280596256	0.0	6.4671956e-05	0.0	0.000496493939	0.0	0.000733458703	0.0	0.007673048513	0.0	0.020172370774	0.000819960336	0.019998028814	0.00091705536	0.009626959799	0.000323670048	0.004522073487	1.08065e-05	0.008578983241
0.0	0.013796751091	0.0	0.0	0.0	0.036754273808	0.0	0.001661812547	0.0	0.030849754887	0.00070129332	0.002073351123	0.000151046688	0.005602184298	0.001003360176	0.011654937268	0.00087387456	0.021929571372	0.000927846816	0.044646850623	0.000917065344	0.016201043706	0.0004207632	0.007735862964	0.00014047975	0.010588411324
0.0	0.0	0.0	0.0	0.0	0.0	0.0	0.0	0.0	4.3328054e-05	0.0	0.0	0.0	0.000777062937	0.0	0.003377707027	0.0	0.02018154291	0.000744433872	0.018984728233	0.00089548056	0.009615000968	0.000356036616	0.004543041652	2.1612375e-05	0.008610416671
0.0	0.0	0.0	0.0	0.0	0.0020169127	0.0	0.00020501872	0.0	0.001501069478	0.0	0.000593881326	0.0	0.000754944966	0.0	0.007759470173	0.0	0.020180834845	0.000787592208	0.019945165985	0.000863113056	0.009572091737	0.00035602632	0.004585874623	2.161225e-05	0.008619528222
0.0	0.0	0.0	0.000626388191	0.0	0.0	0.0	0.007035658943	0.0	4.3164589e-05	0.0	0.006678439383	0.0	0.001726260028	0.0	0.016662979585	0.0	0.0394905726	0.000744435744	0.019925679662	0.000917054112	0.009506210386	0.00031288296	0.00458581308	2.1612375e-05	0.009010068593
0.0	0.0	0.0	0.0	0.0	0.013532583804	0.0	0.001327702297	0.0	0.030319575717	0.000884717496	0.000410319104	0.000248154192	0.03749834161	0.0	0.00780260839	0.0	0.040228125798	0.000852322224	0.02384178044	0.00089549304	0.009529795637	0.000334455264	0.00455351602	1.08065e-05	0.008654953193
0.0	0.0	0.0	0.0	0.0	0.0	0.0	0.0	0.0	5.3979232e-05	0.0	0.0	0.0	0.000722736608	0.0	0.003291255435	0.0	0.020117597318	0.00085232472	0.019016025569	0.000906280128	0.009637589142	0.000312874536	0.004477744134	1.0805875e-05	0.008622439667
0.0	0.0	0.0	0.0	0.0	0.000722917654	0.0	0.0	0.0	0.013447770156	0.0	0.0	0.0	0.021113223704	0.0	0.003290982032	0.0	0.040246363406	0.000776805744	0.018993752855	0.000884692848	0.009528797465	0.000345242352	0.00448761633	2.161275e-05	0.008700489923
0.0	0.0	0.000118679184	0.007318187474	0.0	0.000712000125	0.0	0.012356824817	0.0	0.01341316011	0.0	0.001770049332	0.0	0.021045174047	0.0	0.006323681573	0.0	0.04019129306	0.000809167632	0.019144621317	0.000884695968	0.009539931234	0.00032367192	0.004563143157	2.16125e-05	0.010165351048
0.0	0.0	0.0	0.0	0.0	0.0	0.0	0.0	0.0	3.2481064e-05	0.0	0.0	0.0	0.000754739651	0.0	0.003281108482	0.0	0.020106668224	0.000755225952	0.019004321147	0.0009062664	0.00950550505	0.00035602788	0.004488272051	2.161225e-05	0.008713370752
0.0	0.0	0.0	0.0	0.0	0.0	0.0	0.000237354692	0.0	4.3341144e-05	0.0	0.000615652785	0.0	0.000777293358	0.0	0.0077910585	0.0	0.024381600811	0.000744436992	0.019967784044	0.000895481184	0.009615002349	0.000345248592	0.004531651787	2.1612375e-05	0.008631985892
0.0	0.0	0.0	0.001004669316	0.0	0.000657855674	0.0	0.006992342598	0.0	0.013479008612	0.0	0.000700916606	0.0	0.021035003339	0.0	0.004197824675	0.0	0.040227086751	0.000766019904	0.019017380632	0.000906272016	0.009518671537	0.000345251088	0.004466351321	1.08065e-05	0.009031129803
0.0	0.0	0.0	0.0	0.0	0.0	0.0	0.0	0.0	5.3891226e-05	0.0	0.0	0.0	0.000733882874	0.0	0.003313044645	0.0	0.020150702233	0.000809172	0.019058132721	0.000917052864	0.009495224025	0.000345247968	0.004554048107	1.08065e-05	0.008568718478
0.0	0.0	0.0	0.0	0.0	0.000722745127	0.0	0.0	0.0	0.013460415097	0.0	0.0	0.0	0.021057697397	0.0	0.003334174316	0.0	0.040225624537	0.000744436992	0.019060179879	0.000895486176	0.009615323271	0.000345250152	0.004553170339	3.2418875e-05	0.008663658372
0.0	0.0	0.0	0.0	0.0	0.0	0.0	0.0	0.0	4.3335801e-05	0.0	0.0	0.0	0.000733297533	0.0	0.003280798339	0.0	0.020106963807	0.000809168256	0.019007086046	0.000873890784	0.009550311976	0.00035603724	0.0045336065	2.161275e-05	0.00861254743
0.0	0.0	0.0	0.0	0.0	0.00352803359	0.0	0.0	0.0	0.018637902945	0.0	0.0	0.0	0.024780820961	0.0	0.007751236552	0.0	0.040276095723	0.000766011792	0.021365053497	0.000884692848	0.009516347956	0.000345236424	0.004531722926	2.1612625e-05	0.008667512521
0.0	0.0	0.0	0.0	0.0	5.4150251e-05	0.0	0.000258994191	0.0	4.3234792e-05	0.0	0.000604690872	0.0	0.000798547491	0.0	0.007748213911	0.0	0.020159782897	0.000755219712	0.01992503841	0.000917056608	0.009517241767	0.000345238608	0.004586074646	2.16125e-05	0.008635433571
0.0	0.0	0.0	0.0	0.0	0.00073379674	0.0	0.0	0.0	0.013533043379	0.0	0.0	0.0	0.021112283999	0.0	0.003248019737	0.0	0.040301712006	0.000863118672	0.018984797032	0.000873907632	0.009531214318	0.000334461504	0.004552890879	2.1613e-05	0.008581554063
0.0	0.0	0.0	0.0	0.0	0.0	0.0	0.0	0.0	4.3262645e-05	0.0	0.0	0.0	0.000723078633	0.0	0.003237484678	0.0	0.020193650147	0.000798377424	0.019860165477	0.000884696592	0.009636279598	0.000323662248	0.004488455088	2.161225e-05	0.008687819179
0.0	0.0	0.0	0.0	0.0	0.0	0.0	0.000248175659	0.0	4.332944e-05	0.0	0.000593546701	0.0	0.000776764946	0.0	0.007801966505	0.0	0.020170893141	0.000755225328	0.019989995706	0.000895478064	0.009518462991	0.000366827448	0.004511240133	1.0806375e-05	0.008620510627
0.0	0.0	0.0	0.000270259696	0.0	0.0	0.0	0.001854928279	0.0	5.3932135e-05	0.0	0.000604549909	0.0	0.000712092038	0.0	0.010717721556	0.0	0.037128146081	0.000863111808	0.019927818201	0.00087390264	0.009573474331	0.000345247968	0.004596270813	2.161275e-05	0.008634248537
0.0	0.0	0.0	0.0	0.0	0.000679736977	0.0	0.0	0.0	0.013415723758	0.0	0.0	0.0	0.021090248651	0.0	0.003280808363	0.0	0.040202960692	0.000744440736	0.019037995381	0.000927848688	0.009517382233	0.000323673792	0.004596566907	2.16125e-05	0.008534044951
0.0	0.0	0.0	0.0	0.0	0.0	0.0	0.0	0.0	4.3164952e-05	0.0	0.0	0.0	0.000755209125	0.0	0.003334432822	0.0	0.020333699359	0.000755223456	0.01898270774	0.000927843072	0.00951632069	0.000323671296	0.004585630017	2.1612375e-05	0.008557199508
0.0	0.0	0.0	0.0	0.0	0.0	0.0	0.0	0.0	4.3327823e-05	0.0	0.0	0.0	0.000787668281	0.0	0.00337732768	0.0	0.020171383836	0.00074443512	0.018952631113	0.000906252048	0.00961552913	0.000356036928	0.004553256257	3.241875e-05	0.008653274326
0.0	0.0	0.0	0.0	0.0	4.3338042e-05	0.0	0.0	0.0	4.3232348e-05	0.0	0.0	0.0	0.000776875074	0.0	0.003259137996	0.0	0.020169677492	0.000755219712	0.02001851894	0.000906265152	0.00951658906	0.000356026632	0.004563440521	2.16125e-05	0.008711983878
0.0	0.0	0.0	0.0	0.0	0.00235137948	0.0	0.0	0.0	0.015313579925	0.0	0.0	0.0	0.021068794409	0.0	0.004318621244	1.078896e-05	0.04021835682	0.00079837992	0.020149308864	0.000884705328	0.009605503323	0.000345242352	0.004487165889	1.0806125e-05	0.008664973483
0.0	0.0	0.0	0.0	0.0	0.0	0.0	0.0	0.0	5.3932433e-05	0.0	0.0	0.0	0.000722471662	0.0	0.003248066765	0.0	0.031234086708	0.0008523216	0.018930639041	0.000873902016	0.009542015999	0.00033445932	0.004575031156	1.0806375e-05	0.00861347328
0.0	0.0	0.0	0.0	0.0	0.0	0.0	0.0	0.0	5.3978016e-05	0.0	0.0	0.0	0.000711884784	0.0	0.003237351233	0.0	0.020160897434	0.000819956592	0.019049284759	0.000895489296	0.009659422867	0.000312874848	0.00447873004	1.0805875e-05	0.008621999457
0.0	0.0	0.0	0.0	0.0	0.002265373669	0.0	0.0	0.0	0.005775116397	0.0	0.0	0.0	0.000776898786	0.0	0.007706449623	0.0	0.020182416658	0.000755219088	0.021376601295	0.000895476816	0.009537519383	0.000345236736	0.004607152044	2.16125e-05	0.008645831779
0.0	0.0	0.0	0.0	0.0	0.002384497997	0.0	0.0	0.0	0.014624993097	0.0	0.0	0.0	0.021016382389	0.0	0.003291344004	0.0	0.040250386604	0.00078759408	0.019986517713	0.00091706784	0.009541894726	0.00032366256	0.004520892579	1.08065e-05	0.008708183073
0.0	0.013806271436	0.0	0.0	0.0	0.036667911492	0.0	0.001866497143	0.0	0.030805656524	0.000701294256	0.004221475107	0.000140257728	0.005579355713	0.001035728928	0.011674671381	0.000830722464	0.021993382222	0.000927846816	0.044559969721	0.000927855552	0.016243460901	0.000431552784	0.007726706839	0.000140479625	0.010641629277
0.0	0.0	0.0	0.0	0.0	0.0	0.0	0.0	0.0	5.3932585e-05	0.0	0.0	0.0	0.000701316959	0.0	0.003324041673	0.0	0.03121378566	0.000863111184	0.01887855264	0.000873901392	0.009530594371	0.000345248592	0.004606748655	2.161275e-05	0.008603371268
0.0	0.0	0.0	0.000173253294	0.0	0.000679628563	0.0	6.4822303e-05	0.0	0.013502611702	0.0	0.0	0.0	0.021035775127	0.0	0.003258336102	0.0	0.040213878319	0.000766019904	0.019049880449	0.000917060352	0.009528889086	0.000302094936	0.004553833112	2.16125e-05	0.008556186833
0.0	0.0	0.0	0.0	0.0	0.000680001673	0.0	0.0	0.0	0.013513750899	0.0	0.0	0.0	0.021046584778	0.0	0.00332403051	0.0	0.040212984693	0.00079838616	0.019026742669	0.000917051616	0.009506257275	0.000334461192	0.004510385694	1.0806375e-05	0.008546138749
0.0	0.0	0.0	0.0	0.0	0.002211203957	0.0	0.0	0.0	0.005493891553	0.0	0.0	0.0	0.000787358727	0.0	0.007758710275	0.0	0.020149268696	0.000755219712	0.021249620172	0.000917056608	0.009550420606	0.000323659752	0.004597235924	2.16125e-05	0.008624495053
0.0	0.0	0.0	0.0	0.0	0.0	0.0	0.000291343785	0.0	6.4763715e-05	0.0	0.000528877699	0.0	0.000756039395	0.0	0.007717332439	0.0	0.020116796065	0.000852325344	0.019968962563	0.000895489296	0.009517791723	0.000323664432	0.004542213702	1.080625e-05	0.008697382485
0.0	0.0	0.0	0.0	0.0	0.0	0.0	0.0	0.0	2.1691747e-05	0.0	0.0	0.0	0.000744158839	0.0	0.003291820625	0.0	0.020083879358	0.000755225952	0.018983917186	0.000884689104	0.009517134825	0.000366817776	0.004466172936	2.161225e-05	0.008679923101
0.0	0.0	0.0	0.0	0.0	0.002005887494	0.0	0.0	0.0	0.001489888082	0.0	0.0	0.0	0.000722975639	0.0	0.004285872261	0.0	0.020159469818	0.000787589712	0.020139779293	0.00088469472	0.009626295713	0.000323661312	0.00449930637	2.161225e-05	0.008697032373
0.0	0.0	0.0	0.000269882885	0.0	0.0	0.0	0.001413406056	0.0	6.4657157e-05	0.0	0.0	0.0	0.000733925755	0.0	0.003430821799	0.0	0.037105133462	0.000841534512	0.018985521427	0.000884690976	0.009518869337	0.000334459008	0.004542351297	1.0806375e-05	0.008613185353
0.0	0.0	0.0	0.0	0.0	0.0	0.0	0.0	0.0	5.4148675e-05	0.0	0.0	0.0	0.000765676591	0.0	0.003323773001	0.0	0.024326765008	0.000755221584	0.019071473675	0.000895481184	0.009592693884	0.000356036304	0.004553188344	3.2418875e-05	0.008642514652
0.0	0.0	0.0	0.0	0.0	0.000712195015	0.0	0.0	0.0	0.0134905252	0.0	0.0	0.0	0.021080915292	0.0	0.003301754218	0.0	0.040207846905	0.000755225328	0.019975460186	0.000884692224	0.009496022786	0.000356030376	0.004466374314	2.1612625e-05	0.008710647729
0.0	0.0	0.0	0.0	0.0	0.0	0.0	0.0	0.0	5.3894596e-05	0.0	0.0	0.0	0.000733389831	0.0	0.003323782445	0.0	0.020150106875	0.000819959088	0.019079329447	0.000917050368	0.009516534054	0.000345247032	0.004510721035	1.0806375e-05	0.008547336141
0.0	0.0	0.0	0.0	0.0	0.0	0.0	0.0	0.0	3.2544547e-05	0.0	0.0	0.0	0.00072270733	0.0	0.003280102568	0.0	0.020138278358	0.000787590336	0.019038068026	0.000884673504	0.009527436301	0.000356036616	0.004510208044	2.1613e-05	0.00865667624
0.0	0.0	0.0	9.688223e-05	0.0	0.0	0.0	4.3224904e-05	0.0	5.4148675e-05	0.0	0.0	0.0	0.000754993225	0.0	0.003291331871	0.0	0.035112460417	0.000766010544	0.019027945717	0.000895481184	0.009604653348	0.00036682464	0.004574028092	3.241875e-05	0.008622254751
0.0	0.0	0.0	0.0	0.0	3.2465485e-05	0.0	0.0	0.0	4.3333136e-05	0.0	0.0	0.0	0.000765423859	0.0	0.003280808355	0.0	0.020116773203	0.000755220336	0.019931817801	0.000895475568	0.009527067159	0.000345239232	0.004488065345	2.16125e-05	0.008711324423
0.0	0.0	0.0	0.0	0.0	0.012625030448	0.0	0.000302280819	0.0	0.017681963375	0.000722871864	0.000270042791	0.000118682304	0.000863452269	0.0	0.007847253106	0.0	0.020149271729	0.000841527024	0.023810318185	0.000895487424	0.009496630629	0.000323663184	0.004531917481	1.08065e-05	0.008666185857
0.0	0.0	0.0	0.0	0.0	0.0	0.0	0.0	0.0	4.3233829e-05	0.0	0.0	0.0	0.000776837417	0.0	0.003323551841	0.0	0.020149872132	0.000755224704	0.018941814911	0.000906251424	0.009496684772	0.000345250152	0.00448990791	2.1613e-05	0.008632037403
0.0	0.0	0.0	0.0	0.0	0.000701154014	0.0	0.0	0.0	0.013448076656	0.0	0.0	0.0	0.021058113862	0.0	0.003237238814	0.0	0.040225845578	0.000766014288	0.019103537881	0.00088469784	0.0095932393	0.000377617344	0.004575610736	3.2418875e-05	0.008696361564
0.0	0.0	0.0	0.00053982807	0.0	0.000636768851	0.0	0.001413278336	0.0	0.013457029977	0.0	0.0	0.0	0.021058257226	0.0	0.003463812666	0.0	0.040279593834	0.00083074992	0.01897433498	0.000906273264	0.009518502761	0.000323672232	0.004532694353	2.16125e-05	0.00863451271
0.0	0.0	0.0	9.6888298e-05	0.0	0.0	0.0	4.3153947e-05	0.0	4.326902e-05	0.0	0.0	0.0	0.000755450574	0.0	0.003226628234	0.0	0.035207444917	0.000776798256	0.019081946231	0.000884692224	0.009604456973	0.000377613912	0.004585610285	3.241875e-05	0.008686722495
0.0	0.0	0.0	0.0	0.0	0.0	0.0	0.000215768328	0.0	4.3299745e-05	0.0	0.000517978506	0.0	0.000733505349	0.0	0.007823319107	0.0	0.020128883506	0.000819958464	0.020000048161	0.000884692848	0.009518124105	0.000345248904	0.004554848368	2.161275e-05	0.008677579934
0.0	0.0	0.0	0.0	0.0	0.000701565643	0.0	0.0	0.0	0.013489493245	0.0	0.0	0.0	0.021033862538	0.0	0.003302181117	0.0	0.040190319995	0.00083074992	0.018997084472	0.000863104944	0.009539250048	0.000345250464	0.004586895811	2.1613e-05	0.00864562287
0.0	0.013795743349	0.0	0.0	0.0	0.037682903973	0.00070128864	0.003345593252	2.1577608e-05	0.047478794293	0.001510481232	0.002267511365	0.000269729616	0.044262652252	0.0010357308	0.011395996443	0.000819937248	0.042299197995	0.000949432848	0.044677379821	0.00089549304	0.016154005478	0.000409977672	0.007791757057	0.000151286375	0.01061957889
0.0	0.0	0.0	0.0	0.0	0.0	0.0	6.4821445e-05	0.0	4.3164496e-05	0.0	0.0	0.0	0.000787512461	0.0	0.003248011559	0.0	0.033575844724	0.00074443512	0.019081655292	0.000927841824	0.009506443523	0.000312882648	0.004585706182	2.1612375e-05	0.008546567652
0.0	0.0	0.0	0.0	0.0	0.0	0.0	0.0	0.0	6.4725436e-05	0.0	0.0	0.0	0.000723535557	0.0	0.003313060862	0.0	0.020137970466	0.000819960336	0.019026430967	0.000927858048	0.009648243219	0.00033445932	0.004479170065	1.08065e-05	0.008588859184
0.0	0.0	0.0	0.0	0.0	0.0	0.0	0.000302143052	0.0	4.3193522e-05	0.0	0.000507740221	0.0	0.000733774715	0.0	0.007758267576	0.0	0.020324305305	0.000798377424	0.019997817344	0.00091705848	0.009516966281	0.00033445932	0.004564182211	1.0806375e-05	0.008569532644
0.0	0.0	0.0	0.0	0.0	0.0	0.0	0.0	0.0	6.4832265e-05	0.0	0.0	0.0	0.000809291793	0.0	0.003291039948	0.0	0.020149576367	0.000766016784	0.018940532682	0.00092784744	0.009519841754	0.0003128736	0.004488780421	1.0806375e-05	0.008643807343
0.0	0.0	0.0	0.0	0.0	0.0	0.0	0.000269722641	0.0	5.4024994e-05	0.0	0.000593754462	0.0	0.000798469527	0.0	0.007836562049	0.0	0.020116354306	0.000755228448	0.019989121139	0.000917041632	0.009498163807	0.000323672232	0.004478672583	1.0806375e-05	0.0085992183
0.0	0.0	0.0	0.0	0.0	0.0007123104	0.0	0.0	0.0	0.013480856526	0.0	0.0	0.0	0.021043346517	0.0	0.003259225332	0.0	0.04023862105	0.000809172	0.019039333658	0.000873908256	0.009517774543	0.000356039424	0.004545224806	2.161275e-05	0.008678741811
0.0	0.0	0.0	0.0	0.0	0.0	0.0	0.000291401509	0.0	4.3164502e-05	0.0	0.000550923388	0.0	0.00076649538	0.0	0.007770410708	0.0	0.033588093573	0.000755223456	0.019914096112	0.000938634528	0.009526775006	0.000323671296	0.004544208677	2.1612375e-05	0.008557745067
0.0	8.6452247e-05	0.0	0.0	0.0	0.024731114982	0.0	0.001068681317	0.0	0.025332822071	0.000668923632	0.001911134197	0.000118679184	0.00378806382	0.000938625792	0.008310484483	1.078896e-05	0.020170169603	0.00076601304	0.029613777927	0.000873903264	0.009561271478	0.000356031936	0.006118211329	2.16125e-05	0.009733533877
0.0	0.0	0.0	0.0	0.0	0.0	0.0	0.0	0.0	5.3978385e-05	0.0	0.0	0.0	0.000711774971	0.0	0.003237442756	0.0	0.020149809254	0.000809165136	0.01987034014	0.000895491168	0.00964827917	0.000312873288	0.004499609418	1.080575e-05	0.008676311859
0.0	0.0	0.0	0.0	0.0	0.000701342803	0.0	0.0	0.0	0.013468642581	0.0	0.0	0.0	0.021089784206	0.0	0.003334742076	0.0	0.040192361871	0.000744442608	0.018877093925	0.000938640144	0.009518855591	0.000345242352	0.004457113975	2.161275e-05	0.008609468855
0.0	0.0	0.0	0.0	0.0	0.000917034137	0.0	0.000280615529	0.0	0.00010794654	0.0	0.000496465171	0.0	0.000733689813	0.0	0.007780346418	0.0	0.02013859345	0.000863108064	0.019955469166	0.00088470408	0.009484055511	0.00033444996	0.004553660789	1.08065e-05	0.008665529882
0.0	0.0	0.0	0.0	0.0	0.0	0.0	0.0	0.0	4.3328054e-05	0.0	0.0	0.0	0.000776968606	0.0	0.003388666582	0.0	0.020170516006	0.000733643664	0.019018425974	0.00090626952	0.009594159961	0.000345247968	0.004562808261	3.2418875e-05	0.008609719158
0.0	0.0	0.0	0.0	0.0	0.0	0.0	0.00026977617	0.0	4.3233906e-05	0.0	0.000626443133	0.0	0.000776852036	0.0	0.007738501601	0.0	0.020127766774	0.0007552272	0.020030066814	0.000884690976	0.009538340868	0.000334450272	0.004520495202	2.161225e-05	0.008754751824
0.0	0.0	0.0	0.0	0.0	0.0	0.0	0.0	0.0	6.486332e-05	0.0	0.0	0.0	0.000723030153	0.0	0.003312989999	0.0	0.020096482848	0.000830745552	0.018953913296	0.00086311368	0.009539780331	0.00034524828	0.00458605287	2.161275e-05	0.008623439175
0.0	0.0	0.0	0.0	0.0	0.0	0.0	0.000194202534	0.0	5.3978864e-05	0.0	0.00047479152	0.0	0.00070121797	0.0	0.007686625239	0.0	0.020182197277	0.000830748672	0.020043955898	0.000906278256	0.009637679009	0.000323670048	0.004467932216	1.0806e-05	0.008621871934
0.0	0.0	0.0	0.0	0.0	0.0	0.0	0.000226593784	0.0	6.486464e-05	0.0	0.000485822936	0.0	0.000701137606	0.0	0.007825058068	0.0	0.031212340202	0.0008523216	0.019926490012	0.00087390264	0.009517989279	0.000356037864	0.004586423709	2.161275e-05	0.008656176256
0.0	0.0	0.0	0.000410497905	0.0	0.000722824726	0.0	3.2406191e-05	0.0	0.01343537431	0.0	0.0	0.0	0.021134912528	0.0	0.003204702476	0.0	0.040247363756	0.000776801376	0.019081900554	0.000895487424	0.009616261799	0.00034524984	0.004586275609	3.2418875e-05	0.00870773963
0.0	0.0	0.0	0.000605244911	0.0	0.0	0.0	0.006981196119	0.0	4.323903e-05	0.0	0.000723080555	0.0	0.001769507532	0.0	0.004121725279	0.0	0.039523526816	0.000755222832	0.019070229299	0.00091705536	0.00948487096	0.000323670672	0.004607658535	2.1612375e-05	0.008967040947
0.0	0.0	0.0	0.0	0.0	0.0	0.0	0.0	0.0	6.4727005e-05	0.0	0.0	0.0	0.000723169339	0.0	0.003323581161	0.0	0.020160580781	0.000809169504	0.019015053024	0.000927839952	0.009637887214	0.000334458696	0.004478650313	1.0806375e-05	0.008600950513
0.0	0.0	0.0	0.005115746082	0.0	0.0	0.0	0.012367774236	0.0	4.3297331e-05	0.0	0.010390160002	0.0	0.004134082107	0.0	0.022501983599	0.0	0.040169963481	0.000766010544	0.020099915023	0.00089548056	0.009594492929	0.000377614536	0.004553286659	2.1612375e-05	0.010131425282
0.0	0.0	0.0	0.0	0.0	0.0	0.0	0.0	0.0	6.4734826e-05	0.0	0.0	0.0	0.000777178313	0.0	0.003237403337	0.0	0.020128660717	0.000819959088	0.018973633138	0.000906275136	0.009498263315	0.000323663808	0.004520371024	1.080625e-05	0.008687172619
0.0	0.0	0.0	0.0	0.0	0.0	0.0	0.0	0.0	4.3336651e-05	0.0	0.0	0.0	0.000733184126	0.0	0.003258776882	0.0	0.020127303258	0.00080916888	0.019028352413	0.000873887664	0.009539606259	0.000356036304	0.004511760938	2.1613e-05	0.008646668507
0.0	0.0	0.0	0.005084095883	0.0	0.0	0.0	0.012399474438	0.0	4.3269134e-05	0.0	0.001769609428	0.0	0.004177747025	0.0	0.006281193535	0.0	0.040226493458	0.00076600992	0.019125803596	0.000895479936	0.009658918417	0.000356036304	0.004607185606	3.2418875e-05	0.010143879981
0.0	0.0	0.0	0.0	0.0	0.000679863226	0.0	0.0	0.0	0.013478903037	0.0	0.0	0.0	0.02106948626	0.0	0.003270001519	0.0	0.040218364437	0.00084153576	0.019816590356	0.000906285744	0.009637570611	0.000334453704	0.004466783472	1.0805875e-05	0.008632656736
0.0	0.0	0.0	0.0	0.0	0.000960229467	0.0	0.0	0.0	0.000129007665	0.0	0.0	0.0	0.000766462478	0.0	0.003226840681	0.0	0.02013895168	0.000830742432	0.019966527677	0.000895488048	0.009530392169	0.000323660064	0.004542405406	1.08065e-05	0.008675984794
0.0	0.0	0.0	0.0	0.0	0.00067997898	0.0	0.0	0.0	0.013470182089	0.0	0.0	0.0	0.021078602056	0.0	0.003367601327	0.0	0.040224141738	0.000744440736	0.018952381502	0.00089546808	0.00960489532	0.000345251712	0.004510200692	3.2419e-05	0.008652170505
0.0	0.0	0.0	0.0	0.0	0.0	0.0	0.0	0.0	5.402332e-05	0.0	0.0	0.0	0.000798772647	0.0	0.003302252572	0.0	0.020139086595	0.000755225952	0.018984480122	0.000927829968	0.009530612467	0.000334461504	0.004467836653	1.08065e-05	0.008643462213
0.0	0.0	0.0	0.0	0.0	0.000658339683	0.0	0.0	0.0	0.013460737315	0.0	0.0	0.0	0.021048890487	0.0	0.003302059479	0.0	0.040214274629	0.000830752416	0.019047459048	0.00091707408	0.009639037444	0.000334454952	0.004500352796	1.0806375e-05	0.008621895803
0.0	0.0	0.0	0.0	0.0	0.012677576616	0.0	0.000517906302	0.0	0.017176055554	0.000690506856	0.000766524314	0.000140260224	0.000863325678	0.0	0.007920106557	0.0	0.020073969915	0.000873893904	0.023763103528	0.000884697216	0.009526441341	0.000345241104	0.004565379102	2.161275e-05	0.008687722976
0.0	0.0	0.0	0.0	0.0	0.000679967915	0.0	0.0	0.0	0.013403199729	0.0	0.0	0.0	0.021046345323	0.0	0.003367277582	0.0	0.040193154308	0.000733650528	0.019039927527	0.000895469952	0.009615832639	0.000345249528	0.004563518766	3.2418875e-05	0.008599272688
0.0	0.0	0.0	0.0	0.0	0.0	0.0	0.0	0.0	2.1691747e-05	0.0	0.0	0.0	0.000733940159	0.0	0.00329169443	0.0	0.020095683641	0.000766011792	0.019048716697	0.000895476816	0.009517152346	0.0003668262	0.004466704852	2.1612375e-05	0.008744466424
0.0	0.0	0.0	0.005072715343	0.0	0.0	0.0	0.01235643943	0.0	4.3300006e-05	0.0	0.001759046089	0.0	0.004123578994	0.0	0.006324368094	0.0	0.04023451776	0.000787585344	0.019146664921	0.000884690976	0.009647621026	0.000345247344	0.004575518105	3.2418875e-05	0.010164309015
0.0	0.0	0.0	0.0	0.0	0.0	0.0	0.00026975313	0.0	3.2481141e-05	0.0	0.000604831365	0.0	0.00075479356	0.0	0.007774279033	0.0	0.020095568351	0.00075522408	0.019976115667	0.000895478688	0.00951680472	0.000366826512	0.004477040823	2.1612375e-05	0.008689447735
0.0	0.0	0.0	1.0718055e-05	0.0	0.000701546192	0.0	0.0	0.0	0.013447508336	0.0	0.0	0.0	0.021012281556	0.0	0.003237063672	0.0	0.040224901166	0.000841537632	0.019007047649	0.00087390576	0.009530417083	0.000334461192	0.004553958051	1.08065e-05	0.008592056058
0.0	0.0	0.0	0.0	0.0	0.0	0.0	0.000215784903	0.0	6.4725269e-05	0.0	0.00046402138	0.0	0.000712369289	0.0	0.00769659136	0.0	0.020138283053	0.0008307468	0.020000717638	0.000917050368	0.009659907138	0.000312880776	0.004467268375	1.0806375e-05	0.008589887462
0.0	0.0	0.0	0.0	0.0	0.0	0.0	0.0	0.0	4.3191762e-05	0.0	0.0	0.0	0.000755583515	0.0	0.003345248473	0.0	0.020346103658	0.000776798256	0.019005094223	0.000927845568	0.009549008229	0.00033445932	0.004531781291	2.1612375e-05	0.008546902829
0.0	0.0	0.0	0.0	0.0	0.0	0.0	0.0	0.0	6.472384e-05	0.0	0.0	0.0	0.000722950126	0.0	0.003291631889	0.0	0.020128191426	0.000841536384	0.019028477235	0.000917068464	0.009648369704	0.000312881088	0.004445635262	1.08065e-05	0.008599436514
0.0	0.0	0.0	0.0	0.0	0.0126121492	0.0	0.000280681695	0.0	0.017326675084	0.000712081656	0.000270039563	0.000129471888	0.000852231614	0.0	0.007878161187	0.0	0.020128242602	0.000852316608	0.02377710189	0.000895484928	0.009517556082	0.000334451208	0.004596320594	2.161275e-05	0.008698564207
0.0	0.0	0.0	0.0	0.0	0.0	0.0	0.0	0.0	6.4866929e-05	0.0	0.0	0.0	0.000733729615	0.0	0.003313144933	0.0	0.020118169212	0.000830746176	0.018964829242	0.000863102448	0.009538912448	0.000345247968	0.004576097715	2.161275e-05	0.008657085904
0.0	0.0	0.0	0.0	0.0	0.0	0.0	0.0	0.0	3.2544547e-05	0.0	0.0	0.0	0.000722847563	0.0	0.00327009029	0.0	0.020149212101	0.000787588464	0.019048236113	0.000895476816	0.009517254474	0.00034524828	0.004498254896	2.161275e-05	0.008669052123
0.0	0.0	0.0	0.0	0.0	0.002005887145	0.0	0.0	0.0	0.001543883508	0.0	0.0	0.0	0.000744332129	0.0	0.004328155756	0.0	0.020138974295	0.000787589712	0.020043132967	0.000884692848	0.009646787247	0.000334448712	0.0045645488	2.161225e-05	0.008631609629
0.0	0.0	0.0	0.0	0.0	0.000927756832	0.0	0.0	0.0	0.000129567661	0.0	0.0	0.0	0.000745032531	0.0	0.003216017188	0.0	0.020139547385	0.00085231848	0.019934812093	0.000895492416	0.009518205841	0.000323661312	0.004542333659	1.08065e-05	0.008654516676
0.0	0.0	0.0	0.0	0.0	0.0	0.0	0.000248147348	0.0	3.2544092e-05	0.0	0.000604651418	0.0	0.000723028819	0.0	0.007762423489	0.0	0.02012703862	0.000766011792	0.020043519487	0.000906252048	0.009506061119	0.000345247656	0.004499674458	2.1612375e-05	0.008721687933
