0.0	0.0	0.0	0.0	0.0	9.495776e-06	0.0	0.0	0.0	1.9010802e-05	0.0	0.000532045632	0.0	0.001626836116	6.6522768e-05	0.005227851669	0.0	0.016951688342	0.000475167264	0.016606249238	0.00195768456	0.010485521074	0.000807806064	0.008212917032	0.000371230625	0.007890047857
0.0	0.0	0.0	0.0	0.0	1.8991064e-05	0.0	0.0	0.0	1.9012794e-05	0.0	0.000551111933	0.0	0.001654677381	4.7515728e-05	0.005161651434	0.0	0.013593527641	0.000503676576	0.016779525686	0.001881649536	0.010486327574	0.0008743176	0.008210692447	0.000342677125	0.00799390559
0.002508968592	0.007433810379	0.000807813864	0.029777972281	0.0	0.012680972303	9.503208e-06	0.007739989546	0.000475164144	0.023109960288	0.000579700368	0.005882662504	9.503208e-05	0.028726034822	0.000228085104	0.006113145395	0.0	0.038349532631	0.000513187584	0.017024352562	0.001891197984	0.010886100724	0.00085531368	0.008156428402	0.000342676625	0.009277966396
0.0	0.0	0.0	0.0	0.0	9.495288e-06	0.0	0.0	0.0	9.487845e-06	0.0	0.000579426177	0.0	0.001616991543	2.8509936e-05	0.005276171391	0.0	0.013613218757	0.000532188384	0.016570843651	0.0019101888	0.010515067149	0.000864804408	0.008259794024	0.00035218675	0.008022529117
0.0	0.0	0.0	0.0	0.0	9.496143e-06	0.0	0.0	0.0	0.0	0.0	0.000560806244	0.0	0.001569053082	5.7020496e-05	0.005218552835	0.0	0.013488848579	0.00051318072	0.016597955109	0.001910163216	0.010535500532	0.000893317776	0.008145768156	0.00032363225	0.008001726124
0.0	0.000561511273	0.0	0.0	0.0	0.010018399573	0.0	0.0	0.0	0.004553611792	0.0	0.000551199643	0.0	0.001636412361	4.7515728e-05	0.005540181896	0.0	0.013615084886	0.000465668736	0.021285566194	0.002005224	0.010507868252	0.000826790016	0.008192388509	0.00035218825	0.007937093706
0.0	0.0	0.0	0.000770865355	0.0	9.496636e-06	0.0	0.0	0.0	1.9012354e-05	0.0	0.002357025914	0.0	0.001664627415	0.00011403912	0.005512827545	0.0	0.021256624582	0.000513181344	0.016957849158	0.001948181664	0.01051485426	0.000845804856	0.008156370606	0.000352194875	0.007964598489
0.0	0.0	0.0	0.0	0.0	5.6956036e-05	0.0	0.0	0.0	0.0	0.0	0.000570006078	0.0	0.001607829996	6.652464e-05	0.005217714418	0.0	0.013537589823	0.000475169136	0.016807933172	0.001986210096	0.010515315681	0.000826792824	0.008164402202	0.000371226375	0.007927195673
0.0	0.0	0.0	0.0	0.0	0.003279775218	0.0	0.0	0.0	0.000227838221	0.0	0.000532118778	0.0	0.001636243503	4.75176e-05	0.005493678838	0.0	0.013538032737	0.000503676576	0.018061976805	0.001948189776	0.010572167621	0.000788776872	0.008210278897	0.000342668625	0.00799515081
0.0	0.0	0.0	0.0	0.0	0.005445563932	0.0	0.0	0.0	0.000512620108	0.0	0.000522472983	0.0	0.001674227027	4.7516976e-05	0.005530809281	0.0	0.013624038311	0.000513181968	0.021380003556	0.001919693568	0.010562594395	0.000817284936	0.008276135449	0.00037122125	0.007938000827
0.000617718816	0.000789855996	0.0	0.0	0.0	0.010720696338	0.0	7.610667e-05	0.0	0.023155527148	0.000589237272	0.001093141519	9.5035824e-05	0.028770945504	0.00022808136	0.005256806049	0.0	0.038355682687	0.000513184464	0.016674658197	0.00195769392	0.01057186443	0.000836305704	0.008165404716	0.000361710125	0.007954375009
0.0	0.0	0.0	0.0	0.0	1.899969e-05	0.0	0.0	0.0	0.000304530281	0.0	0.000569903344	0.0	0.001597747445	4.7516976e-05	0.005208690923	0.0	0.013498757887	0.000513179472	0.016645958588	0.00188167512	0.010486964355	0.000874310424	0.008201643382	0.000361707125	0.007973329939
0.0	0.0	0.0	0.0	0.0	9.495776e-06	0.0	0.0	0.0	1.8957461e-05	0.0	0.000569861653	0.0	0.001598325704	3.801408e-05	0.00524625073	0.0	0.013623836495	0.000475167264	0.016599499558	0.001995706752	0.010513892606	0.00081728556	0.00821315273	0.000371223625	0.007994452421
0.0	0.0	0.0	0.0	0.0	0.0	0.0	0.0	0.0	9.473626e-06	0.0	0.000560728445	0.0	0.001568976165	4.75176e-05	0.005208998445	0.0	0.013536360391	0.000513180096	0.016673153832	0.001891157424	0.010532659968	0.000864813456	0.00816677713	0.00032363225	0.007985900607
0.0	0.0	0.0	0.003328998297	0.0	1.8991604e-05	0.0	0.001577364069	0.0	0.000304044741	0.0	0.00061758794	0.0	0.002339346345	0.000218580336	0.005266170932	0.0	0.033082610987	0.000513181344	0.016672512182	0.00191969232	0.010555161115	0.00085531212	0.008143611108	0.000352193	0.008327160605
0.0	0.0	0.0	0.016755315179	0.0	9.496143e-06	0.0	0.005391831976	0.0	0.0	0.000133046784	0.005455038226	0.0	0.009468860614	0.00021858096	0.006197172528	0.0	0.037122248099	0.000503680944	0.016720366076	0.001948203504	0.010856865296	0.000826802808	0.008163495391	0.000361709125	0.009325598071
0.0	0.0	0.0	0.0	0.0	1.8990535e-05	0.0	0.0	0.0	0.000323948991	0.0	0.000551183883	0.0	0.001588816789	4.7516976e-05	0.005266298378	0.0	0.014687692776	0.000456160848	0.01652107783	0.00201470568	0.010516032791	0.000798285696	0.00820473591	0.00036171425	0.007967930751
0.0	0.0	0.0	0.003272399372	0.0	9.496636e-06	0.0	0.001635447072	0.0	1.8973708e-05	0.0	0.00330750805	0.0	0.002301856609	0.000237587376	0.00573332435	0.0	0.033105263462	0.000475168512	0.016882073945	0.001976712816	0.010581183306	0.000779283336	0.008171740892	0.00038074825	0.008289920376
0.0	0.0	0.0	0.0	0.0	1.8991227e-05	0.0	0.0	0.0	0.000351790235	0.0	0.000532184898	0.0	0.001636385233	4.7515728e-05	0.005209270884	0.0	0.013545793611	0.000484670784	0.016674151211	0.001967182464	0.010551831724	0.000788785608	0.008201335976	0.000361714125	0.007975470336
0.0	0.0	0.0	0.016725040723	0.0	1.8998646e-05	0.0	0.00537025262	0.0	0.000304639342	0.000123543576	0.005569338883	0.0	0.009449573341	0.00020907744	0.006149890559	0.0	0.037075196745	0.000513185088	0.01686270441	0.001900685904	0.010839163758	0.0008743176	0.008212001261	0.000342675875	0.009334317224
0.000655730712	0.000761102243	0.0	0.0	0.0	0.01074089911	0.0	6.6566322e-05	0.0	0.023051239261	0.000551195424	0.001083166475	0.000104540592	0.028777746264	0.000218580336	0.005246692386	0.0	0.038347472257	0.00053219088	0.016684019018	0.001862688048	0.01055369177	0.000855305568	0.008202123877	0.0003331485	0.007983519319
0.0	0.006183604111	0.0	0.0	0.0	0.030349553897	0.0	0.0	0.0	0.037084719963	0.0	0.00679611866	0.0	0.006427252807	0.000237583008	0.012747546573	0.001767625392	0.014858468983	0.001891173648	0.046583275368	0.001919716656	0.010572778691	0.000864806904	0.011918876356	0.000333153375	0.009905300454
0.0	0.0	0.0	0.0	0.0	9.495776e-06	0.0	0.0	0.0	0.0	0.0	0.00238510262	0.0	0.001645655563	7.602816e-05	0.005522604389	0.0	0.013518540756	0.000513181344	0.016817659349	0.001976714064	0.010553151488	0.00082679532	0.008154481916	0.000380742625	0.007927168612
0.000674739936	0.000808813065	0.0	0.0	0.0	0.010798158983	0.0	7.6059573e-05	0.0	0.023099740776	0.000532213344	0.001140996715	8.5534176e-05	0.028795879152	0.000218579712	0.005331664217	0.0	0.038312743721	0.000465668736	0.016560257411	0.001957692672	0.010495191449	0.000817297728	0.008155435154	0.000361713875	0.008042554367
0.001691647776	0.001055904042	0.000513193824	0.003119011957	0.0	0.010760397367	0.0	0.000370781831	0.0	0.023078775379	0.000560722968	0.001150236722	9.5036448e-05	0.028778558276	0.000209079312	0.005275511563	0.0	0.038340721956	0.00051318384	0.016700983683	0.00191967672	0.010506409494	0.000855316176	0.008221516205	0.00035219475	0.008041339819
0.000722257848	0.000780189649	0.0	0.0	0.0	0.011014704382	0.0	6.6563902e-05	0.0	0.023622265215	0.00055119168	0.001121560959	9.5035824e-05	0.028824610168	0.000209073696	0.005579026979	0.0	0.038334651327	0.00051318384	0.018070865831	0.001929198336	0.010582393925	0.000836296968	0.008134959347	0.00034267025	0.008040831713
0.0	0.0	0.0	0.0	0.0	0.002167821516	0.0	0.0	0.0	0.000333496212	0.0	0.000579829529	0.0	0.001578937977	5.7021744e-05	0.005274532272	0.0	0.013556712033	0.00051318384	0.01694940009	0.001967204928	0.010562411388	0.00080778672	0.008137310402	0.000371225875	0.007986178061
0.0	0.0	0.0	0.0	0.0	2.8493405e-05	0.0	0.0	0.0	0.000324013079	0.0	0.000560627663	0.0	0.001607857257	8.5529184e-05	0.005237494319	0.0	0.013469529114	0.00046566312	0.016501865336	0.001986190128	0.010467795853	0.000826797816	0.008203503619	0.0003712335	0.008003062974
0.0	0.0	0.0	0.0	0.0	1.8991064e-05	0.0	0.0	0.0	0.0	0.0	0.002347466308	0.0	0.001616575905	4.7516976e-05	0.005446798012	0.0	0.013536494819	0.000513180096	0.017005750287	0.001891149936	0.010504620724	0.0008743176	0.008231888645	0.00033315975	0.008031665977
0.0	0.000257146106	0.0	0.0	0.0	0.016412524106	0.0	0.0	0.0	0.026183330269	0.0	0.000950460544	0.0	0.003579109049	0.00025659192	0.009504180336	0.001644074016	0.013596419735	0.00053218776	0.033300420564	0.001929224544	0.010505662552	0.000874306368	0.010564096869	0.00035218925	0.009420381828
0.0	0.0	0.0	0.0	0.0	0.005370058326	0.0	0.0	0.0	0.00049356017	0.0	0.002290233817	0.0	0.001673564289	5.7019872e-05	0.005494426019	0.0	0.013604611095	0.000532188384	0.021370654238	0.001862676816	0.010591588653	0.000874307928	0.008165163598	0.000333146375	0.00801411139
0.0	0.0	0.0	0.0	0.0	9.495288e-06	0.0	0.0	0.0	1.8975104e-05	0.0	0.002348079766	0.0	0.001597755488	3.8013456e-05	0.005513826274	0.0	0.013517542385	0.000513181344	0.01692078484	0.001919662368	0.010534001902	0.000864811584	0.008176516075	0.0003331515	0.007965343077
0.0	0.0	0.0	0.0	0.0	0.000579673822	0.0	0.0	0.0	1.9011716e-05	0.0	0.002328322213	0.0	0.001654669497	4.7516976e-05	0.005465813215	0.0	0.013594659531	0.000513180096	0.017271787494	0.001900681536	0.010572618831	0.000845804232	0.008202595375	0.00034266525	0.007956192427
0.000693748224	0.00078965267	0.0	0.0	0.0	0.010778592243	0.0	6.6547413e-05	0.0	0.023115791247	0.000532213344	0.001160135826	9.5037696e-05	0.02879550816	0.000209074944	0.005331808871	0.0	0.038341419731	0.000494178672	0.016626798152	0.001976696592	0.010562318387	0.000798290064	0.008156180343	0.000371231	0.008004059429
0.0	0.000770762971	0.0	0.0	0.0	0.011499545066	0.0	0.0	0.0	0.020880571231	0.0	0.000722328782	0.0	0.00164596642	5.7019248e-05	0.005750958701	0.0	0.01360521626	0.000456161472	0.025829905781	0.002005245216	0.010590017783	0.000798283824	0.008961738943	0.000371223875	0.008328910048
0.0	0.0	0.0	0.0	0.0	9.496314e-06	0.0	0.0	0.0	0.000304374951	0.0	0.000569740259	0.0	0.001597677626	4.7516976e-05	0.005209523726	0.0	0.013526830685	0.000513180096	0.016770370167	0.001900685904	0.01054568539	0.0008458008	0.008173968535	0.000352189	0.008069638032
0.0	0.0	0.0	0.0	0.0	9.496636e-06	0.0	0.0	0.0	2.8482744e-05	0.0	0.002290184393	0.0	0.001579414152	5.7019872e-05	0.005589318342	0.0	0.013595436201	0.000456160848	0.016846258501	0.002005220256	0.010563007216	0.000798285696	0.00822239937	0.0003617045	0.008004598956
0.0	0.0	0.0	0.0	0.0	0.005219639207	0.0	0.0	0.0	0.000893235893	0.0	0.000570280136	0.0	0.001559894916	5.702112e-05	0.005273656622	0.0	0.013538847458	0.00047516664	0.017025901028	0.001957701408	0.0105433031	0.00082679532	0.008192701187	0.00036170625	0.00801268192
0.0	0.0	0.0	0.001475091849	0.0	1.8991919e-05	0.0	0.0	0.0	2.8511932e-05	0.0	0.0023941547	0.0	0.001674513533	0.000228083856	0.005522530396	0.0	0.022102456568	0.000513181344	0.016824628656	0.001919666112	0.010477060077	0.00085531056	0.008213053668	0.000371229625	0.008013109292
0.0	0.0	0.0	0.0	0.0	9.495288e-06	0.0	0.0	0.0	0.0	0.0	0.002272056278	0.0	0.001578765219	5.7020496e-05	0.005570193602	0.0	0.013528118829	0.000513182592	0.016910852137	0.001948178544	0.010533820136	0.000826792512	0.00813451764	0.000361705125	0.008025507588
0.0	0.0	0.0	0.0	0.0	9.495288e-06	0.0	0.0	0.0	0.0	0.0	0.000560295974	0.0	0.001598461028	8.5531056e-05	0.005226605524	0.0	0.013518546702	0.000446656704	0.016780158893	0.001976706576	0.010486622748	0.000817291176	0.008204141501	0.00038074325	0.007993578381
0.0	0.0	0.0	0.0	0.0	9.495776e-06	0.0	0.0	0.0	0.0	0.0	0.000541438738	0.0	0.001645470842	4.7516352e-05	0.0051900164	0.0	0.013470800819	0.000503677824	0.016843586708	0.001910159472	0.010589962964	0.000845807976	0.008182837995	0.0003426775	0.007966889876
0.0	0.0	0.0	0.000751384584	0.0	9.495776e-06	0.0	0.0	0.0	2.8479346e-05	0.0	0.000513169949	0.0	0.001588849285	0.00011403912	0.00523729229	0.0	0.02123788409	0.000465664992	0.016567957919	0.001995699264	0.010562875688	0.000788786544	0.008203368509	0.00036171125	0.007957410537
0.0	0.0	0.0	0.0	0.0	9.499776e-06	0.0	0.0	0.0	0.000304179702	0.0	0.000551224644	0.0	0.001664120622	5.7019248e-05	0.005170964759	0.0	0.01355565612	0.000522683616	0.016693171032	0.001900658448	0.010602131393	0.000864809712	0.008155971876	0.000342671375	0.00801334867
0.000693745416	0.00078982432	0.0	0.0	0.0	0.010939663089	0.0	6.6582191e-05	1.9006416e-05	0.02371677491	0.0019101888	0.001131442471	8.5529184e-05	0.032075767159	0.00021857784	0.005675156371	0.0	0.038370645953	0.00051318696	0.021226239419	0.001938715584	0.01055405363	0.000826794072	0.008162893688	0.000342668875	0.008005779205
0.0	0.0	0.0	0.0	0.0	9.495776e-06	0.0	0.0	0.0	1.8971616e-05	0.0	0.002328123448	0.0	0.001598438062	6.6523392e-05	0.005542314417	0.0	0.013595080107	0.00047516664	0.016884319232	0.001976710944	0.010572563041	0.000779278344	0.008193453836	0.000371223	0.007927834509
0.000655725096	0.006904395283	0.0	0.0	0.0	0.034142712578	0.0	0.0	0.0	0.043946549139	0.0	0.00098827537	0.0	0.007160082689	0.000266094816	0.012709185671	0.001644079008	0.014964331846	0.00193868688	0.046506796986	0.0019387212	0.010563198754	0.000788782176	0.011930401094	0.00039026425	0.009848340076
0.0	0.000219214978	0.0	0.0	0.0	0.009391620441	0.0	0.0	0.0	0.001244450636	0.0	0.000570133521	0.0	0.001579259918	5.7019248e-05	0.005560517491	0.0	0.013490364872	0.000475169136	0.018023768814	0.001976701584	0.010486834156	0.000845794872	0.008165234191	0.0003617075	0.008003663657
0.0	0.0	0.0	0.0	0.0	1.8991229e-05	0.0	0.0	0.0	0.000352375624	0.0	0.000589226967	0.0	0.00158865709	2.8509936e-05	0.005265845821	0.0	0.016997738888	0.000484670784	0.016625679983	0.001995696144	0.010514431883	0.000817308024	0.008213265146	0.00038074775	0.00800395122
0.0	0.0	0.0	0.0	0.0	0.0	0.0	0.0	0.0	9.488875e-06	0.0	0.002328263068	0.0	0.001607077014	4.75176e-05	0.005532917946	0.0	0.013499136692	0.000513181968	0.016824898815	0.00191966112	0.010543365952	0.000864812208	0.008204855716	0.0003521885	0.007984712271
0.0	0.0	0.0	0.0	0.0	1.899969e-05	0.0	0.0	0.0	0.00032371849	0.0	0.000569956599	0.0	0.001607129501	2.851056e-05	0.005217902709	0.0	0.013613314262	0.000513179472	0.016533117889	0.001919680464	0.010524352409	0.000845792688	0.008230627338	0.000314109875	0.007945936941
0.000684263736	0.000789886517	0.0	0.000428416378	0.0	0.010816998907	0.0	5.7062523e-05	0.0	0.023061136297	0.000551220696	0.001160087018	9.5035824e-05	0.028804885165	0.000209071824	0.005294094391	0.0	0.038368194387	0.000522687984	0.016616211849	0.001900671552	0.010476373087	0.000845821704	0.008211908747	0.000323641	0.007975494882
0.0	0.0	0.0	0.0	0.0	2.8494585e-05	0.0	0.0	0.0	0.000333419107	0.0	0.000570148421	0.0	0.001626955751	4.7515728e-05	0.005256578934	0.0	0.013546081641	0.000484670784	0.016560143809	0.002005197168	0.010562468456	0.000817295856	0.008173903817	0.000342676625	0.008003886421
0.0	0.0	0.0	0.0	0.0	0.0	0.0	0.0	0.0	9.501676e-06	0.0	0.000560421405	0.0	0.001607868075	6.6522768e-05	0.005294442459	0.0	0.01355673425	0.000465665616	0.016560621869	0.002005224	0.010468373828	0.00079828008	0.008176567599	0.000380744	0.007984863958
0.0	0.0	0.0	0.0	0.0	1.8991924e-05	0.0	0.0	0.0	0.0	0.0	0.00235726845	0.0	0.00164510901	4.7515728e-05	0.005464123764	0.0	0.013537027066	0.00051318072	0.016908817251	0.001872150384	0.010592991769	0.000864813456	0.008153825023	0.0003617165	0.007993049101
0.0	0.0	0.0	0.0	0.0	9.495288e-06	0.0	0.0	0.0	9.54129e-06	0.0	0.002347038504	0.0	0.001617346969	7.602504e-05	0.005504278913	0.0	0.013586135253	0.00048467016	0.016883598962	0.001957695792	0.010496391191	0.000826793448	0.008194305489	0.00036170425	0.007964444144
0.0	0.0	0.0	0.0	0.0	9.495288e-06	0.0	0.0	0.0	9.473626e-06	0.0	0.000579446308	0.0	0.001626394028	4.7516976e-05	0.005284574688	0.0	0.01356456751	0.000513181968	0.016598321161	0.001919687952	0.010504979446	0.000845796432	0.008154138987	0.000371223875	0.007985308804
0.00071277336	0.000789414776	0.0	0.0	0.0	0.010836966573	0.0	4.7567343e-05	0.0	0.023040364432	0.00055121976	0.001160045573	7.6030656e-05	0.028802886373	0.00019006728	0.005293994218	0.0	0.038304617886	0.000532192752	0.016645108357	0.001938687504	0.0105342079	0.000845806416	0.008194052114	0.0003521975	0.008021856822
0.0	0.0	0.0	0.0	0.0	9.495776e-06	0.0	0.0	0.0	0.000323749848	0.0	0.00054148424	0.0	0.0016363794	4.7515728e-05	0.005217662523	0.0	0.01357414542	0.000522682992	0.01670301962	0.00192916776	0.010534485356	0.00079828788	0.00826738884	0.000352188625	0.007957200667
0.0	0.0	0.0	0.0	0.0	9.494702e-06	0.0	0.0	0.0	9.488875e-06	0.0	0.002309049923	0.0	0.001560199763	2.851056e-05	0.005552369743	0.0	0.013641595325	0.000494175552	0.016901144073	0.00196718496	0.010485763416	0.00087431136	0.008219749082	0.000371223875	0.008012098385
0.0	0.0	0.0	0.0	0.0	9.495288e-06	0.0	0.0	0.0	0.0	0.0	0.000570106818	0.0	0.001597468226	5.7020496e-05	0.005255944349	0.0	0.013460156765	0.000503677824	0.0167025781	0.001938673776	0.010553084965	0.000864808152	0.008173140933	0.000342668875	0.008050539203
0.001359021456	0.000780249392	0.0	0.001302677351	0.0	0.010777697976	0.0	0.000399220024	0.0	0.023033245653	0.000560726712	0.001121682005	9.5036448e-05	0.028805188891	0.000209072448	0.005266525808	0.0	0.038339973382	0.000513184464	0.01679668097	0.001881666384	0.010544660391	0.000855315552	0.008182333775	0.000323640875	0.008012768145
0.000722255976	0.000799177364	0.0	0.0	0.0	0.010771111569	0.0	7.609101e-05	0.0	0.023079052616	0.000551195424	0.001150267872	8.5532928e-05	0.028795841162	0.000199574544	0.005313580651	0.0	0.038306158631	0.000513183216	0.017092121705	0.001919699808	0.010545009704	0.000864814392	0.00815666574	0.00035218625	0.008002671092
0.000655734456	0.000808736986	0.0	0.0	0.0	0.010769018741	0.0	9.5139974e-05	0.0	0.023185128069	0.0005132088	0.00110300901	8.5534176e-05	0.028731146806	0.000228082608	0.005323534075	0.0	0.038342076603	0.000456164592	0.016559551817	0.002005212768	0.01055281782	0.00080779764	0.008172252064	0.00037122325	0.007995497774
0.0	0.0	0.0	0.000732723782	0.0	1.8998558e-05	0.0	0.0	0.0	0.00034243935	0.0	0.000579649151	0.0	0.001597984651	8.5529184e-05	0.005256250677	0.0	0.021266965588	0.00052268424	0.01662637018	0.00193867752	0.010496451135	0.000855313056	0.008231518462	0.000361710125	0.00804210198
0.0	0.0	0.0	0.0	0.0	9.496636e-06	0.0	0.0	0.0	0.0	0.0	0.002318714598	0.0	0.001655085489	4.7516976e-05	0.00551287268	0.0	0.013498777688	0.000513179472	0.017006999194	0.0019196892	0.010590282237	0.00082679688	0.008162947909	0.00036170375	0.007984090634
0.0	0.000799153184	0.0	0.0	0.0	0.021773874802	0.0	0.0	0.0	0.035201445515	0.0	0.000922090417	0.0	0.004356905173	0.000266097936	0.00959033236	0.001606058064	0.013624938782	0.000513181968	0.033253724986	0.00195773448	0.010543264952	0.000788777496	0.010561209928	0.00038074625	0.00942057853
0.0	0.0	0.0	0.0	0.0	9.504402e-06	0.0	0.0	0.0	0.000294583436	0.0	0.000550934309	0.0	0.001635660518	5.7019248e-05	0.005170579322	0.0	0.013469305548	0.000513181344	0.016702670827	0.001881652656	0.01050498964	0.000864808776	0.008174248476	0.00032363225	0.008004415921
0.000608218416	0.0008086665	0.0	0.0	0.0	0.010806195777	0.0	8.5590744e-05	0.0	0.023071808644	0.00056071548	0.001093078406	0.00010453872	0.028778570519	0.000237585504	0.005245744403	0.0	0.038356636304	0.000513183216	0.016769841221	0.001891186128	0.010535882937	0.000855306816	0.00825043084	0.00032363	0.008021094223
0.0	0.0	0.0	0.0	0.0	0.003297272243	0.0	0.0	0.0	0.000246763357	0.0	0.002328063871	0.0	0.001654655457	4.7516976e-05	0.00550458132	9.50352e-06	0.013556789596	0.000513179472	0.018014217426	0.001910181312	0.010536527699	0.000855299016	0.008250218996	0.000333148125	0.00799284319
0.001967254848	0.002291500606	0.000522697032	0.005933233508	0.0	0.010825505417	0.0	0.000694174385	0.0	0.023089019173	0.000560722968	0.001093241919	9.50352e-05	0.028740664218	0.000247094016	0.005228441462	0.0	0.038301100644	0.000513185088	0.016653871384	0.00189119736	0.0105830848	0.00085531524	0.00818264631	0.000352195	0.008003236139
0.0	0.0	0.0	0.0	0.0	9.495288e-06	0.0	0.0	0.0	0.000294804917	0.0	0.000569700705	0.0	0.001626116205	4.7516976e-05	0.005236387825	0.0	0.013612218596	0.00052268424	0.016694290911	0.001900683408	0.010563367586	0.000836293224	0.008193295708	0.000333145875	0.007994959898
0.000674742744	0.000808632842	0.0	0.0	0.0	0.011587191546	0.0	0.000190210688	9.503208e-06	0.032487627736	0.001900676232	0.002804530261	0.00031360368	0.043540657156	0.001339979472	0.005835786311	0.0	0.038362932663	0.000513185088	0.025809459542	0.001929230784	0.01049571322	0.00081729336	0.008943342076	0.000380744625	0.008421779765
0.0	0.0	0.0	0.0	0.0	1.8989392e-05	0.0	0.0	0.0	0.000295283729	0.0	0.000598292163	0.0	0.001588263209	4.75176e-05	0.005245701933	0.0	0.013537265396	0.000503676576	0.016777978619	0.00195770016	0.010553333744	0.000845798616	0.008176011421	0.00034266825	0.007993195098
0.0	0.0	0.0	0.0	0.0	1.8991064e-05	0.0	0.0	0.0	0.000294747696	0.0	0.000550933065	0.0	0.001645526015	4.7516352e-05	0.005209566434	0.0	0.013554830663	0.000503675952	0.016749523447	0.001919664864	0.010544696027	0.00082680156	0.008249998391	0.00035218925	0.007890201938
0.0	0.0	0.0	0.0	0.0	1.8995054e-05	0.0	0.0	0.0	1.8985697e-05	0.0	0.002319320136	0.0	0.001588264912	3.8013456e-05	0.005533293124	0.0	0.013594014006	0.00051318072	0.016882509123	0.001900656576	0.010523880941	0.0008363004	0.008174309947	0.000342678125	0.007975163975
0.0	0.0	0.0	0.016774174688	0.0	9.496636e-06	0.0	0.005417725272	0.0	9.501792e-06	0.000133048656	0.014549855212	0.0	0.00952847169	0.000237588624	0.00942989656	0.0	0.037122735243	0.000475171008	0.017072118953	0.002005223376	0.010942549287	0.000807794208	0.008182104208	0.00037123025	0.009325361615
0.000636726168	0.00079933907	0.0	0.0	0.0	0.010776760186	0.0	8.561967e-05	0.0	0.023079424177	0.000589232592	0.001044966385	9.5035824e-05	0.02871385085	0.000237583632	0.005219026781	0.0	0.038310115711	0.000503680944	0.016750632086	0.001891193616	0.010505780277	0.000874318848	0.008239515509	0.00034267125	0.007908378379
0.0	0.0	0.0	0.001902149014	0.0	9.496636e-06	0.0	0.000409198567	0.0	2.8510044e-05	0.0	0.002366109496	0.0	0.001636324679	0.000228083856	0.00550384562	0.0	0.028388755263	0.000503677824	0.016994936367	0.001938700608	0.010571250725	0.000798291312	0.008230990501	0.00038074825	0.007947243262
0.0	0.0	0.0	0.0	0.0	1.899969e-05	0.0	0.0	0.0	0.000304139261	0.0	0.000560363441	0.0	0.001597674517	5.7019872e-05	0.005151610864	0.0	0.013507015446	0.000513180096	0.016684479148	0.001853143968	0.010562740209	0.000864809088	0.008192426593	0.000333151625	0.008003750539
0.0	0.0	0.0	0.0	0.0	1.8998566e-05	0.0	0.0	0.0	0.000314313897	0.0	0.000579549341	0.0	0.001597837736	3.8012832e-05	0.005237325741	0.0	0.01353720203	0.000541693152	0.016638075561	0.001929199584	0.010506200168	0.0008648016	0.008175013859	0.000342669125	0.007965627399
0.00064622844	0.00078041039	0.0	0.0	0.0	0.010769009323	0.0	7.6084309e-05	0.0	0.023161602017	0.000579733128	0.001083714858	7.6029408e-05	0.028723853373	0.000218579088	0.005256295819	0.0	0.038299090585	0.000513185088	0.01660731194	0.001948191648	0.010477530832	0.000836305392	0.008204194703	0.000380745375	0.007993341823
0.0	0.0	0.0	0.0	0.0	9.496636e-06	0.0	0.0	0.0	1.8958699e-05	0.0	0.002299898715	0.0	0.001588746478	4.7516352e-05	0.005590329744	0.0	0.013593265339	0.000465664992	0.016854565503	0.002024226672	0.01050565043	0.000826794072	0.008211655974	0.000361705	0.007994460931
0.0	0.0	0.0	0.0	0.0	9.494916e-06	0.0	0.0	0.0	1.899022e-05	0.0	0.000588804839	0.0	0.00160758324	2.8509936e-05	0.005293623205	0.0	0.013603489914	0.000513181344	0.016628916547	0.001976711568	0.010515662872	0.000836293536	0.008269998396	0.000361704	0.008002890193
0.0	0.006174679493	0.0	0.0	0.0	0.030280062782	0.0	0.0	0.0	0.037055548198	0.0	0.001054675075	0.0	0.00648848192	0.000247087776	0.012699048194	0.001682097456	0.01493498211	0.001948192272	0.046670483867	0.001891204848	0.010563246185	0.000864805968	0.011902119866	0.000352192	0.009895760363
0.0	0.0	0.0	0.0	0.0	9.495288e-06	0.0	0.0	0.0	0.0	0.0	0.000550632658	0.0	0.001616735334	4.7516976e-05	0.005246557431	0.0	0.013555529028	0.000513181344	0.016665346281	0.001929171504	0.010581725721	0.000845800488	0.008173447736	0.000352188	0.008013077926
0.0	0.0	0.0	0.0	0.0	0.007944683666	0.0	0.0	0.0	0.008685455245	0.0	0.000750514286	0.0	0.001731052052	6.6522768e-05	0.005693741226	0.0	0.013547878674	0.000503675952	0.025752833684	0.001919715408	0.010466629876	0.000864805032	0.009001328292	0.0003426655	0.008279356612
0.0	0.0	0.0	0.0	0.0	1.8991064e-05	0.0	0.0	0.0	9.54129e-06	0.0	0.000550921599	0.0	0.001645162735	4.7515728e-05	0.00520885203	0.0	0.013555420239	0.000513180096	0.016740027549	0.001910160096	0.010571005819	0.000845807352	0.008203589876	0.000333156	0.00791019306
0.0	0.0	0.0	0.0	0.0	9.496636e-06	0.0	0.0	0.0	0.0	0.0	0.002309307145	0.0	0.001654990093	5.7019248e-05	0.00552264414	0.0	0.01688397884	0.00051318072	0.017015454961	0.001910165088	0.01052439023	0.00085532148	0.008155703504	0.00035219525	0.007938111079
0.0	0.0	0.0	0.0	0.0	6.6471653e-05	0.0	0.0	0.0	9.54129e-06	0.0	0.002328167928	0.0	0.00166449868	4.7516976e-05	0.005523175612	0.0	0.013555797838	0.000503679072	0.017016064383	0.0019196892	0.010533364223	0.000836296656	0.008164735983	0.000352186	0.0079273085
0.0	0.0	0.0	0.0	0.0	1.8991064e-05	0.0	0.0	0.0	1.8984088e-05	0.0	0.000589180379	0.0	0.001635514513	4.7515728e-05	0.005189162702	0.0	0.013583366176	0.000532186512	0.016579013816	0.001862642496	0.010525472211	0.000855309312	0.008250151377	0.000342671375	0.008004649426
0.000608216544	0.000779882391	0.0	0.0	0.0	0.010788427289	0.0	7.6126182e-05	0.0	0.02311725396	0.00057973032	0.001083416011	9.5035824e-05	0.028732827583	0.000237583632	0.005208900227	0.0	0.038376930549	0.00051318384	0.016627221567	0.00188169072	0.010553931291	0.000855308688	0.008126711243	0.00035218425	0.00798376731
0.0	0.0	0.0	0.001484093636	0.0	9.496636e-06	0.0	0.0	0.0	1.8971188e-05	0.0	0.000570198697	0.0	0.001579386456	0.000228083856	0.005274646756	0.0	0.0220749721	0.000446657328	0.016598085916	0.002014698816	0.010504520371	0.00081729804	0.008278751775	0.000352192	0.008014853917
0.0	0.0	0.0	0.0	0.0	0.008049918888	0.0	0.0	0.0	0.00865667356	0.0	0.002356642663	0.0	0.001654704884	4.7515728e-05	0.00566536312	0.0	0.013519605989	0.000513179472	0.025933335721	0.001881705072	0.010514721527	0.000845797992	0.008889131125	0.0003236275	0.008385451691
0.000665236728	0.000808652518	0.0	0.0	0.0	0.010731374064	0.0	8.5615286e-05	0.0	0.023135473338	0.000551222568	0.00105554706	7.6030032e-05	0.028703906893	0.000228082608	0.005266623918	0.0	0.038378554242	0.000475171632	0.01670289144	0.001976702832	0.010582924398	0.000788791224	0.008201174919	0.000371224	0.007967231054
0.0	0.0	0.0	0.0	0.0	1.8994199e-05	0.0	0.0	0.0	1.898621e-05	0.0	0.000541372136	0.0	0.001607134005	4.7516352e-05	0.005180989239	0.0	0.01355585671	0.000522682992	0.016740147278	0.00185313648	0.010570966796	0.000836301648	0.008146952503	0.000333152375	0.007957544195
0.0	0.0	0.0	0.001512631019	0.0	1.8999501e-05	0.0	0.0	0.0	0.000333417728	0.0	0.000627198337	0.0	0.001616859183	0.000218579712	0.005283969307	0.0	0.022131925027	0.000522684864	0.016616443752	0.001919666736	0.010429521629	0.000855311184	0.00822950487	0.000361709625	0.008022001081
0.000703270152	0.000808568887	0.0	0.0	0.0	0.010779520019	0.0	6.6574683e-05	0.0	0.023078620307	0.000541717488	0.001160067145	9.5037696e-05	0.028803966952	0.000190066656	0.005265508307	0.0	0.038371045142	0.000532191504	0.016578542198	0.001910178192	0.010495775431	0.000864815328	0.008192389797	0.00034267875	0.007963324032
0.0	0.0	0.0	0.0	0.0	9.496143e-06	0.0	0.0	0.0	0.0	0.0	0.002319344503	0.0	0.001578890425	4.7516976e-05	0.005571033374	0.0	0.013517813957	0.000503677824	0.01680715066	0.001938675648	0.010486513477	0.000826792824	0.008172723386	0.0003712225	0.00806934706
0.0	0.0	0.0	0.0	0.0	9.494868e-06	0.0	0.0	0.0	9.54129e-06	0.0	0.000541497308	0.0	0.001636337004	8.552856e-05	0.005190219664	0.0	0.014631258566	0.000503677824	0.016578085738	0.0019766916	0.010506175593	0.000807791712	0.008174912251	0.0003807525	0.007936699061
0.0	0.0	0.0	0.003309772933	0.0	9.496143e-06	0.0	0.001664505789	0.0	0.0	0.0	0.000617673733	0.0	0.002282404167	0.00020907744	0.005294576349	0.0	0.03308427542	0.000494174304	0.01665464361	0.001948200384	0.010457832636	0.000855312432	0.008173012781	0.00037122825	0.008364963329
0.000684243144	0.000808437507	0.0	0.0	0.0	0.010768336898	0.0	5.7091311e-05	0.0	0.023063897126	0.00057020184	0.001150275389	8.5532304e-05	0.028775756192	0.000199573296	0.005275210026	0.0	0.038331370244	0.000522689232	0.016922097326	0.00190069464	0.010516222965	0.000874315728	0.00815831371	0.000333150625	0.007982328539
0.0	0.0	0.0	0.0	0.0	9.495776e-06	0.0	0.0	0.0	0.0	0.0	0.000541801345	0.0	0.001636135571	5.7019248e-05	0.005228607758	0.0	0.013536577687	0.000513181344	0.016597498313	0.001957683312	0.010609979504	0.000817297416	0.008173507958	0.0003807525	0.007907243608
0.0	0.0	0.0	0.0	0.0	0.000579642301	0.0	0.0	0.0	0.0	0.0	0.000560669263	0.0	0.001607826838	4.7516976e-05	0.005245403117	0.0	0.01353758051	0.00048467016	0.017196964593	0.001976707824	0.010581493625	0.00079828632	0.008145714752	0.000352187375	0.007975028959
0.0	0.0	0.0	0.0	0.0	1.8995054e-05	0.0	0.0	0.0	9.473517e-06	0.0	0.002328453485	0.0	0.001607242038	4.7516976e-05	0.005494387325	0.0	0.013593807915	0.000532187136	0.016997708697	0.001881648912	0.010562834893	0.000836302584	0.0081832541	0.0003521955	0.007994564596
0.0	0.0	0.0	0.0	0.0	1.8991064e-05	0.0	0.0	0.0	0.000294537419	0.0	0.000551188618	0.0	0.001664440712	5.7019248e-05	0.005199617647	0.0	0.013593723731	0.000522683616	0.016577950559	0.00191016384	0.010535613591	0.000883819872	0.008193998051	0.00035218825	0.007963995531
0.0	0.0	0.0	0.001912483627	0.0	9.495776e-06	0.0	0.000418452626	0.0	9.487845e-06	0.0	0.00059858664	0.0	0.001569687902	0.00022808448	0.005266040838	0.0	0.028378857618	0.000475167264	0.016635203634	0.001986212592	0.010507389273	0.000836306016	0.008220911964	0.000371228875	0.007984721811
0.0	0.0	0.0	0.0	0.0	1.8987736e-05	0.0	0.0	0.0	0.0	0.0	0.002318654441	0.0	0.001645224515	5.7019248e-05	0.005456554646	0.0	0.014630102752	0.000503677824	0.01701388658	0.0018816564	0.010515613185	0.000883820808	0.008210845172	0.000342678125	0.007947228094
0.000646226568	0.000789521293	0.0	0.0	0.0	0.010826351508	0.0	4.7568303e-05	0.0	0.023089279356	0.000560689272	0.001149941925	8.5532928e-05	0.028784680608	0.000199573296	0.005256470547	0.0	0.038340379651	0.000513183216	0.016855353547	0.001891189872	0.010486962306	0.000855306816	0.008175154689	0.0003426675	0.008002769721
0.000674739	0.006905096027	0.0	0.0	0.0	0.03416176888	0.000551199168	0.000256735983	1.9006416e-05	0.049479125124	0.002280823272	0.004079431811	0.000294601008	0.043559784286	0.001862656848	0.012699484345	0.001986215088	0.039729985375	0.001881680736	0.046658612576	0.002024264112	0.010609485384	0.00081729648	0.011929843419	0.000371227125	0.009857612023
0.00214782984	0.006283735094	0.000788801832	0.008975132776	0.0	0.010778093517	0.0	0.002605283087	0.0	0.023107619165	0.00057019716	0.00106453717	9.5032704e-05	0.028743344283	0.000237589872	0.005218525923	0.0	0.03834165279	0.000522687984	0.016625329879	0.001872191568	0.010552332432	0.00086481876	0.008183940066	0.000323639125	0.008326466415
0.0	0.0	0.0	0.001873903501	0.0	1.8990739e-05	0.0	0.000389758838	0.0	0.000295440491	0.0	0.000627152971	0.0	0.001607246478	0.000209076816	0.005256626187	0.0	0.028300618458	0.000513181344	0.016691538304	0.001929197088	0.010582369192	0.000845806728	0.00815496391	0.000352191625	0.00800509078
0.0	0.0	0.0	0.0	0.0	9.495288e-06	0.0	0.0	0.0	0.0	0.0	0.002328313391	0.0	0.001597759561	5.7020496e-05	0.005570732559	0.0	0.013509040406	0.000503678448	0.01692918798	0.001938676272	0.010526043871	0.00084580392	0.008193820123	0.000333150875	0.008012910972
0.000684246888	0.000808342249	0.0	0.0	0.0	0.021832489888	0.0	0.000256669328	1.9006416e-05	0.043870838198	0.00190069308	0.004031070021	0.000313608672	0.043634168389	0.001824646512	0.009589721441	0.00195768456	0.038382023597	0.000513188208	0.033167704569	0.00195774696	0.01044888553	0.000883815504	0.010579885727	0.0003712285	0.009409701473
0.0	0.000256933696	0.0	0.0	0.0	0.016461031768	0.0	0.0	0.0	0.026175305018	0.0	0.004258990947	0.0	0.003463468879	0.000228079488	0.009448303962	0.001701093264	0.013530296615	0.00054169128	0.033254422723	0.001891214208	0.010553592937	0.000864802848	0.010494470644	0.00031411475	0.009429162714
0.000617719752	0.000789820907	0.0	0.0	0.0	0.010797498368	0.0	7.611837e-05	0.0	0.023098331149	0.000589229784	0.001045345567	8.553168e-05	0.028722297272	0.000237584256	0.005265859296	0.0	0.038346474801	0.000513185088	0.01675989729	0.001919701056	0.010552999086	0.000855312432	0.008164435167	0.00035219075	0.007928251657
0.000665237664	0.000789701069	0.0	0.0	0.0	0.010723255336	0.0	7.6085256e-05	0.0	0.023137328239	0.000532212408	0.00112199774	8.5534176e-05	0.028806710703	0.000237586752	0.00535119949	0.0	0.038320276725	0.000465667488	0.016617442238	0.001995706128	0.010514763915	0.000855311496	0.008106361759	0.000352186875	0.008022428759
0.0	0.0	0.0	0.0	0.0	1.8990047e-05	0.0	0.0	0.0	0.000323402614	0.0	0.00055108375	0.0	0.001588981892	8.5529184e-05	0.005285505712	0.0	0.013555436343	0.000456160848	0.016606067656	0.00198619512	0.010495106811	0.000798286008	0.008175834208	0.00039027075	0.007928475017
0.000693748224	0.000799142702	0.0	0.0	0.0	0.010741919453	0.0	7.6046091e-05	0.0	0.023105584115	0.000532213344	0.001150434717	8.5533552e-05	0.02882087077	0.000190069152	0.005302839552	0.0	0.03827420773	0.000494178672	0.016606896315	0.001957687056	0.01053395058	0.000826801248	0.008185530967	0.00036171475	0.008021544507
0.000665235792	0.000808398058	0.0	0.0	0.0	0.010799142828	0.0	8.5591019e-05	0.0	0.02313388979	0.000589238208	0.001084056489	7.6030032e-05	0.028692793012	0.000228082608	0.005256336502	0.0	0.038340076019	0.000494178672	0.01664527828	0.001948191024	0.010599952967	0.00080779452	0.008221825764	0.000380744375	0.007918301891
