0.0	0.0	0.0	0.0	0.0	0.0	0.0	0.0	0.0	0.0	0.0	0.000223048442	0.0	0.001169715825	0.0	0.003010796466	0.0	0.009032140911	0.0	0.022925366016	0.002184826176	0.006508357529	0.000992086368	0.016321604142	0.000602904875	0.007046009266
0.0	0.0	0.0	0.0	0.0	0.002294968428	0.0	0.0	0.0	0.000200781937	0.0	0.0	0.0	0.001114936423	0.0	0.002954853554	0.0	0.00899797572	0.0	0.024540777328	0.002184773136	0.006443072744	0.000925201368	0.01635467951	0.000625230875	0.006992760712
0.0	0.0	0.0	0.0	0.0	0.0	0.0	0.0	0.0	0.000122841614	0.0	0.0	0.0	0.001125938022	0.0	0.001259947098	0.0	0.00895335408	0.0	0.023035121442	0.00214023576	0.006453931217	0.001003236312	0.016322005899	0.000636397875	0.006981987265
0.0	0.0	0.0	0.0	0.0	0.0	0.0	5.5844698e-05	0.0	6.692311e-05	0.0	0.000289906063	0.0	0.001059339467	0.0	0.002909549503	0.0	0.008963186583	0.0	0.023194207267	0.00210677688	0.006519623457	0.001036645272	0.016321406512	0.000614069625	0.0070362634
3.3440472e-05	0.0	0.0	0.0	0.0	0.000211210544	0.0	0.0	0.0	0.001037535247	0.0	0.0	0.0	0.002845655662	0.0	0.001248623533	0.0	0.008919011705	0.0	0.022925182999	0.002184825552	0.006465760016	0.000914040816	0.016297369827	0.000625229625	0.00708204684
0.0	0.0	0.0	0.0	0.0	0.0	0.0	0.0	0.0	0.000155983293	0.0	0.0	0.0	0.00110380327	0.0	0.001214836051	0.0	0.008920601844	0.0	0.023118420473	0.002151363552	0.006564690543	0.000969760272	0.016211470744	0.0006363995	0.007048312056
3.3440472e-05	0.000446759356	0.0	0.0	0.0	0.020738186342	0.0	0.0	0.0	0.017168807238	0.0	0.0	0.0	0.004094094063	0.0	0.002988092842	0.0	0.008884370478	0.0	0.027385318723	0.00216249072	0.006577493756	0.000914059224	0.016810432827	0.000636401625	0.0069465207
0.00261951768	0.00607818644	0.001371069648	0.000590280407	0.0	0.023526718041	0.0	0.003835471228	0.0	0.035331311988	0.0	0.001427959374	0.0	0.037296110136	0.000144909024	0.005206646213	0.00075799464	0.039138420311	0.0	0.024564861126	0.003043163136	0.006576851074	0.001259631672	0.016346577304	0.00060291125	0.007047662034
3.3440472e-05	1.1222588e-05	0.0	0.0	0.0	0.000256000469	0.0	0.0	0.0	0.001126244538	0.0	0.0	0.0	0.00280836756	0.0	0.001259703198	0.0	0.008885219312	0.0	0.023147968262	0.002140233888	0.006442850735	0.001014385632	0.016288135449	0.000614073125	0.007015544014
0.002541486168	0.006168558211	0.00135991908	0.000557735711	0.0	0.023512516763	0.0	0.003736150077	0.0	0.035350788098	0.0	0.001494907905	0.0	0.037358886724	0.000133763136	0.005240261684	0.000758005872	0.03921138653	0.0	0.024431690698	0.00307660392	0.006532170621	0.001181572392	0.016354963482	0.000625233125	0.007013933936
0.0	0.0	0.0	0.0	0.0	0.0	0.0	1.1186605e-05	0.0	0.000167333376	0.0	0.000256458134	0.0	0.001081465097	0.0	0.002954875932	0.0	0.008876157291	0.0	0.023172808074	0.002162530656	0.006554031097	0.001003210416	0.016187181322	0.000602904125	0.007071318583
3.3440472e-05	0.0	0.0	0.000536561511	0.0	0.000323246401	0.0	2.22775e-05	0.0	0.001137058313	0.0	0.0	0.0	0.002820907428	0.0	0.001181435259	0.0	0.019667264934	0.0	0.023130655376	0.002106765648	0.006499358002	0.001014348504	0.016443948135	0.000602903875	0.006992862593
0.00231854688	0.006090845085	0.001226177784	0.000557515039	0.0	0.023569543856	0.0	0.003803128022	0.0	0.03518083739	0.0	0.001606209009	0.0	0.03731199125	0.00010032048	0.005943131267	0.000702258336	0.039153983247	0.0	0.025244860666	0.00295398792	0.006667726697	0.001237331472	0.016223168876	0.000602909875	0.007070630659
6.6880944e-05	0.0	0.0	0.0	0.0	0.000267400689	0.0	1.1135855e-05	0.0	0.001026060982	0.0	0.0	0.0	0.00296010746	0.0	0.001237854173	0.0	0.008987331161	0.0	0.02297983027	0.002162532528	0.006621406761	0.00095862936	0.016323174859	0.00056940575	0.007049464954
0.0	0.0	0.0	0.0	0.0	0.001215745757	0.0	4.4639369e-05	0.0	0.000156438282	0.0	0.000234118935	0.0	0.001114982221	0.0	0.002921305806	0.0	0.008952468936	0.0	0.024408350847	0.002117895936	0.006587732183	0.00103667304	0.016211778059	0.000625231375	0.006991164822
0.0	0.0	0.0	0.0	0.0	0.0	0.0	0.0	0.0	0.0	0.0	0.0	0.0	0.001225769315	0.0	0.001215386727	0.0	0.009042949269	0.0	0.022880056345	0.002162532528	0.006554310802	0.000925186704	0.01627816154	0.0005917365	0.007025131916
0.002775627504	1.113651e-05	0.000356710536	0.003457977802	0.00039013884	0.00028941077	4.4587296e-05	0.014740476753	0.0	0.001159190523	0.0	8.921083e-05	0.0	0.002785343096	1.1146512e-05	0.001538303114	0.00064652328	0.035773797796	0.0	0.023139676246	0.002742120576	0.00666650647	0.0012595752	0.016232769323	0.000614070375	0.007336853433
6.6880008e-05	0.00025684171	0.0	0.0	0.0	0.006009254733	0.0	0.0	0.0	0.004255826281	0.0	0.0	0.0	0.002923143748	0.0	0.002999008541	0.0	0.008986404684	0.0	0.02440762259	0.002162485728	0.006553359246	0.000925200744	0.01625538234	0.000558241375	0.007058961975
0.002552644224	0.006179499731	0.001348774128	0.000568898497	0.0	0.023656562464	0.0	0.003791616904	0.0	0.035273955126	0.0	0.001584201369	0.0	0.037320024133	8.9176464e-05	0.005217948569	0.000813737808	0.039195083805	0.0	0.024531919604	0.00299857272	0.006620002741	0.001270753536	0.016288025514	0.000625236125	0.006956986191
0.003433333176	0.008832994803	0.00465945948	0.007391472999	0.001192715784	0.023659433992	0.0	0.006022207471	0.0	0.035260210875	0.0	0.001528383578	0.0	0.037315191384	0.000122616624	0.00523979172	0.000813732192	0.039183019714	0.0	0.024454296839	0.003020818944	0.006521748179	0.001248435552	0.016266067866	0.000636402125	0.006991680208
0.0	0.000245537249	0.0	0.0	0.0	0.016723671458	0.0	0.0	0.0	0.001883278938	0.0	0.0	0.0	0.00230727774	0.0	0.002943540356	0.0	0.008953486719	0.0	0.027563780158	0.00216249072	0.006601185178	0.000992089488	0.016781005168	0.0006140735	0.007047823479
0.00256377888	0.006157123909	0.001371064968	0.000557728725	0.0	0.023635090694	0.0	0.003735869509	0.0	0.035206191359	0.0	0.001617372688	0.0	0.037509024419	0.000122614128	0.005251971745	0.000813726576	0.039196835912	0.0	0.024376604974	0.002965136928	0.006599352237	0.001203874776	0.016365373065	0.0006140685	0.006991441918
0.0	0.0	0.0	0.0	0.0	0.016747771456	0.0	3.3467993e-05	0.0	0.011013037638	0.0	0.000379138651	0.0	0.002708121722	0.0	0.004749673189	0.0	0.009566929301	4.4588544e-05	0.032950332972	0.002073319872	0.006588026492	0.001003229136	0.017671807961	0.000602918375	0.007405444287
0.0	0.0	0.0	0.0	0.0	0.0	0.0	0.0	0.0	0.0	0.0	0.000256588148	0.0	0.001103045126	0.0	0.002865834106	0.0	0.008951806362	0.0	0.023137978772	0.0021067956	0.006488409952	0.001014379392	0.016399162254	0.000602906	0.006981443964
5.573412e-05	0.0	0.0	0.0	0.0	0.000289645396	0.0	0.0	0.0	0.001159038476	0.0	0.0	0.0	0.00270567401	0.0	0.001192834672	0.0	0.008973287591	0.0	0.022959312521	0.002117938992	0.006599863401	0.001036672416	0.016277601925	0.000625233	0.007001745876
0.002351991096	0.006122795226	0.00134879472	0.000601506119	0.0	0.023579600688	0.0	0.003891406061	0.0	0.03527929699	0.0	0.001584132075	0.0	0.037235115208	8.9173968e-05	0.005229147161	0.000724552608	0.039208479093	0.0	0.024977831032	0.00296512632	0.006522488433	0.001259621376	0.016354495326	0.00059174125	0.006990960447
0.00261951768	0.006088906452	0.001371083688	0.001159451279	0.0	0.023502289935	0.0	0.003758171042	0.0	0.035284251391	0.0	0.001550686432	0.0	0.037540461075	0.00011147136	0.005206407475	0.000780291408	0.039210739252	0.0	0.024552258659	0.00295393488	0.006575319124	0.001203848256	0.0163449016	0.000580586625	0.007047093411
0.002753334792	0.0	0.000401307192	0.014568993805	0.000445872024	0.001448899505	0.000356697432	0.019815514926	0.0	0.001159021695	0.0	0.006513620457	0.0	0.019680737877	5.5733808e-05	0.003902608483	0.000757992144	0.038009945928	0.0	0.023620336153	0.002764420464	0.006666031772	0.001237303392	0.016220763039	0.000602905375	0.008309479229
0.0	0.0	0.0	0.000670004185	0.0	0.0	0.0	0.0	0.0	3.3584288e-05	0.0	0.0	0.0	0.001214527989	0.0	0.001237286889	0.0	0.010882313422	0.0	0.023004740741	0.00216250632	0.00648615533	0.000925177656	0.016363806983	0.000591738	0.007037905016
0.0	0.0	0.0	0.0	0.0	0.0	0.0	0.0	0.0	3.3577723e-05	0.0	0.00024536549	0.0	0.001259211692	0.0	0.00296609437	0.0	0.008984870503	0.0	0.022880505216	0.002184825552	0.006455028014	0.000914059224	0.016287902832	0.000602906375	0.007003220243
0.0	0.0	0.0	0.003637107398	0.000111467304	0.0	0.0	0.014832343503	0.0	0.0	0.0	7.8046834e-05	0.0	0.001337703724	2.2293648e-05	0.001571994544	0.00066881568	0.035824858894	0.0	0.023027903816	0.002697526416	0.006644455645	0.001270722024	0.016288329038	0.0006363985	0.007394830384
6.6880944e-05	0.0	0.0	0.0	0.0	0.000334596647	0.0	0.0	0.0	0.001059235962	0.0	0.0	0.0	0.002837636947	0.0	0.001226483977	0.0	0.008965868906	0.0	0.02291384392	0.002151384768	0.006443321978	0.00098092332	0.016367013956	0.000602900375	0.007061006907
0.0	0.0	0.0	0.0	0.0	0.0	0.0	5.5804573e-05	0.0	4.4698086e-05	0.0	0.000267677265	0.0	0.001059395917	0.0	0.002932614106	0.0	0.008909662839	0.0	0.023148502887	0.00207335544	0.006476709983	0.001025511864	0.016355121197	0.000591737375	0.007003626243
0.0	0.000702670041	0.0	0.0	0.0	0.021328209882	0.0	0.0	0.0	0.012499489626	0.0	0.0	0.0	0.002586170946	0.0	0.00472700585	0.0	0.009577807049	5.5736928e-05	0.032959247144	0.002140196448	0.006553614035	0.001036673352	0.01767149435	0.00061408475	0.00732658481
0.0	0.0	0.0	0.0	0.0	0.0	0.0	0.0	0.0	0.0	0.0	0.000234255411	0.0	0.001125187316	0.0	0.003010156653	0.0	0.009076612199	0.0	0.022969299441	0.002151386016	0.006576076121	0.001003213848	0.016333013116	0.000614070625	0.007037787625
6.6880944e-05	0.0	0.0	0.0	0.0	0.003065073432	0.0	0.0	0.0	0.004222757838	0.0	0.0	0.0	0.002858968144	0.0	0.00193998987	0.0	0.008953684739	0.0	0.023839739929	0.002151384144	0.006455136146	0.000958646832	0.016377770393	0.00059174025	0.007048069548
0.0	0.0	0.0	0.000603766366	0.0	0.0	0.0	0.0	0.0	0.0	0.0	0.0	0.0	0.001270456958	0.0	0.001248643543	0.0	0.019823146495	0.0	0.022917633707	0.002162499456	0.006576264583	0.000992057352	0.016254780654	0.0005582435	0.007070903035
0.002608367112	0.006089185334	0.001371064032	0.000601557095	0.0	0.023559747749	0.0	0.0036911085	0.0	0.035327370401	0.0	0.001550501851	0.0	0.037568213705	0.00011146824	0.005207141742	0.00078028704	0.039120896764	1.1146512e-05	0.024487483432	0.002965136928	0.006643521043	0.001159300272	0.016345294808	0.000580574375	0.007035076589
0.002608367112	0.006122892601	0.001371064968	0.000601488577	0.0	0.023546532847	0.0	0.003791471559	0.0	0.035331374136	0.0	0.001427840261	0.0	0.037218643963	0.000156058032	0.005229373655	0.000769153632	0.039174898254	0.0	0.024575663533	0.003054307152	0.006667637714	0.001226161248	0.016211926898	0.000614070875	0.007058730897
0.002597220288	0.006169086566	0.001359917208	0.000557558462	0.0	0.023581187625	0.0	0.003769217643	0.0	0.035259362913	0.0	0.001483862945	0.0	0.037251633366	0.000133761264	0.005228898548	0.000757997136	0.039230962778	0.0	0.024421069101	0.00307660392	0.006554562834	0.001203886008	0.016411235328	0.00062523575	0.007080102876
0.002608368048	0.006111776714	0.001215006624	0.000612761669	0.0	0.023657344524	0.0	0.003802781098	0.0	0.035274979132	0.0	0.001572733304	0.0	0.037460235668	0.000111466992	0.005308001693	0.00073570224	0.039238453769	0.0	0.024577147073	0.002942842032	0.006587196549	0.001248462696	0.016354256559	0.000580573625	0.007025596715
0.0	0.0	0.0	0.0	0.0	0.0	0.0	0.0	0.0	0.00015617043	0.0	0.000245397306	0.0	0.001137066242	0.0	0.003044149413	0.0	0.008987868456	0.0	0.023005368949	0.00219597144	0.006411008942	0.000925182024	0.016278359162	0.000658726125	0.007014528105
0.002965150656	0.007471850236	0.003901464216	0.003879636369	0.0	0.023514763337	0.0	0.004695715068	0.0	0.035162639576	0.0	0.001584106069	0.0	0.037246879914	8.917584e-05	0.005240026031	0.000691116192	0.039243413286	0.0	0.024610352446	0.002976228528	0.006622657477	0.001259581752	0.016276338312	0.000602907375	0.007092583211
0.0	0.0	0.0	0.0	0.0	0.0	0.0	5.5797264e-05	0.0	0.0	0.0	0.000234179309	0.0	0.001136721059	0.0	0.002988433582	0.0	0.009033112302	0.0	0.022970131423	0.002095649088	0.00659816318	0.001014379704	0.016267442419	0.000602902875	0.007013708053
0.002307476808	0.006156624913	0.001337638536	0.002487040002	0.0	0.023636828831	0.0	0.004539055686	0.0	0.035273690767	0.0	0.001572875663	0.0	0.037306327243	7.8029328e-05	0.00525163163	0.000724556352	0.039110760434	0.0	0.024518486422	0.002920500336	0.006619723523	0.001248441792	0.016289885565	0.000602905375	0.007036448831
0.0	0.0	0.0	0.0	0.0	0.0	0.0	0.0	0.0	0.0	0.0	0.0	0.0	0.001080663591	0.0	0.001215387509	0.0	0.009030552727	0.0	0.023058954917	0.002084497584	0.006465943467	0.001036670232	0.01637728534	0.00060290225	0.007004600564
0.0	0.0	0.0	0.0	0.0	0.0	0.0	0.0	0.0	1.1086677e-05	0.0	0.0	0.0	0.00109230378	0.0	0.00125936547	0.0	0.00898719976	0.0	0.023138512642	0.0020845032	0.0065328312	0.000992067024	0.016324566864	0.0006140725	0.007037422584
0.0	0.0	0.0	0.0	0.0	0.0	0.0	0.0	0.0	0.0	0.0	0.0	0.0	0.001203743316	0.0	0.001226167514	0.0	0.008929772581	0.0	0.023080121482	0.002151391008	0.006442003038	0.000969790848	0.016344746932	0.0005805725	0.007047633055
0.0	0.0	0.0	0.0	0.0	0.0	0.0	0.0	0.0	0.0	0.0	0.0	0.0	0.001125088021	0.0	0.001259877157	0.0	0.009064344034	0.0	0.022946855803	0.00214023576	0.006599185849	0.000980919576	0.016331953033	0.000591736375	0.007025831757
4.4587296e-05	0.0	0.0	0.0	0.0	0.000333872585	0.0	0.0	0.0	0.00112599533	0.0	0.0	0.0	0.002844501751	0.0	0.00123757027	0.0	0.008964487906	0.0	0.023079974607	0.002140235136	0.006531965755	0.000992068584	0.016354676258	0.000602902625	0.007070203591
0.0	0.0	0.0	0.0	0.0	0.0	0.0	4.4659125e-05	0.0	0.000145248984	0.0	0.000256521109	0.0	0.001092646996	0.0	0.002954534055	0.0	0.009064454746	0.0	0.023016741591	0.0021513648	0.006477817189	0.0010254972	0.016243047993	0.00061407075	0.007013875526
0.0	0.0	0.0	0.000636612062	0.0	0.0	0.0	0.0	0.0	0.000133848866	0.0	0.000334517909	0.0	0.001248470973	0.0	0.003032663117	0.0	0.01965859035	0.0	0.02291714824	0.00220709424	0.006508197377	0.000902883072	0.01637744708	0.00066989275	0.007036169895
0.0	0.0	0.0	0.0	0.0	0.0	0.0	4.4672781e-05	0.0	0.0	0.0	0.000245414339	0.0	0.00112601096	0.0	0.002976292119	0.0	0.009042710492	0.0	0.023037525037	0.002095626	0.006566902591	0.001003205112	0.016310539156	0.000602918125	0.007036675345
0.0023408424	0.006077386264	0.001359918144	0.000590403353	0.0	0.023613376917	0.0	0.003891595547	0.0	0.035181821569	0.0	0.001572981325	0.0	0.037244699602	8.9176464e-05	0.005195737698	0.000702267072	0.03920919085	0.0	0.024676995449	0.002942839536	0.006575798507	0.0012484602	0.016310311551	0.00059174225	0.006991334437
0.0	0.0	0.0	0.0	0.0	0.0	0.0	0.0	0.0	0.000200872746	0.0	0.000245286614	0.0	0.001125877612	0.0	0.002966024998	0.0	0.008929902034	0.0	0.023449399653	0.002173670928	0.006499945136	0.000936348192	0.016266481196	0.0006475645	0.007047116847
0.00256377888	0.006145581824	0.001382212728	0.00052422665	0.0	0.023601899214	0.0	0.003680178358	0.0	0.035461897114	0.0	0.001550684436	0.0	0.037612248485	0.000133763136	0.005272861454	0.000791442912	0.039260607175	0.0	0.024310753479	0.002987385024	0.006589966837	0.001148119128	0.016288430043	0.000591744125	0.007081217481
0.0	0.0	0.0	0.0	0.0	0.0	0.0	0.0	0.0	0.0	0.0	0.00023427819	0.0	0.001214722349	0.0	0.002999714447	0.0	0.009075388015	0.0	0.022814034844	0.002195976432	0.006531806948	0.000880595976	0.016254148423	0.000591735625	0.00706924645
0.0	0.0	0.0	0.003581012813	2.2293648e-05	0.0	0.0	0.014909126078	0.0	0.0	0.0	0.001962490673	0.0	0.001382219651	2.2293648e-05	0.003210949272	0.0006688188	0.03588442103	0.0	0.023105430541	0.002675243376	0.006564636582	0.001248430248	0.016412963882	0.00056940875	0.007381328496
4.4587296e-05	0.000948641274	0.0	0.0	0.0	0.023258569352	0.0	0.0	0.0	0.037413405733	0.0	0.0	0.0	0.010828309987	0.0	0.00464942042	0.0	0.009476714716	5.5736928e-05	0.032993939745	0.002173634736	0.006509604071	0.000958642152	0.01764768729	0.000636412375	0.007338239042
0.003856927464	0.009479172741	0.00465946416	0.007779541285	0.004001729472	0.023592772171	0.000189496008	0.009568888292	0.0	0.035239467827	0.0	0.001427919822	0.0	0.037278862363	0.000156057408	0.005217455606	0.000769144272	0.03922004107	1.1147136e-05	0.024510568852	0.003043111968	0.006642884299	0.001237291848	0.016222214585	0.000614073	0.007002314955
3.3440472e-05	0.0	0.0	0.0	0.0	0.000255562985	0.0	0.0	0.0	0.001137316333	0.0	0.0	0.0	0.002732538881	0.0	0.001226023876	0.0	0.008920197702	0.0	0.023018564348	0.002173658448	0.006522154795	0.000936320424	0.0162778052	0.0006698985	0.007069707346
0.0	0.0	0.0	0.000703821818	0.0	0.0	0.0	0.00051284421	0.0	0.0	0.0	0.0	0.0	0.001247895166	0.0	0.001225999677	0.0	0.023606483473	0.0	0.02306221865	0.002140205808	0.006489382535	0.000992056728	0.016378567111	0.0005917385	0.0070038915
0.00229625604	0.006135532931	0.00121500756	0.000568870977	0.0	0.023580463659	0.0	0.003869771346	0.0	0.035278842532	0.0	0.001606378006	0.0	0.037374957188	7.8029328e-05	0.005229538984	0.000724558848	0.039143255348	0.0	0.024443847552	0.002920545264	0.006667723474	0.001259609832	0.016267818802	0.000602905625	0.007023348355
0.0	0.0	0.0	0.0	0.0	0.0	0.0	4.4623152e-05	0.0	0.000212115778	0.0	0.000278755336	0.0	0.001092687959	0.0	0.002898995367	0.0	0.008863658846	0.0	0.023939094094	0.002140235136	0.006497789892	0.001014384696	0.016232255904	0.000602909625	0.007048163805
0.0	0.0	0.0	0.001417982147	0.000100321416	0.0	0.0	0.006611836188	0.0	0.0	0.0	0.0	0.0	0.001191756677	0.0	0.001594278789	0.000390139152	0.032672332645	0.0	0.023050092625	0.002129059296	0.0064980175	0.000992055168	0.016332753395	0.0006029035	0.007080778477
4.4588232e-05	0.0	0.0	0.000747514633	2.2293648e-05	0.000311994606	0.0	0.000591007468	0.0	0.001137697355	0.0	0.0	0.0	0.002684480773	0.0	0.001270856722	0.0	0.023761382956	0.0	0.022938811806	0.002084473248	0.00659833808	0.001003201368	0.016267038553	0.00060290325	0.006992137368
0.0	0.0	0.0	0.0	0.0	0.0	0.0	0.0	0.0	7.8223333e-05	0.0	0.0002787633	0.0	0.001225816463	0.0	0.002954289251	0.0	0.008807945357	0.0	0.023094788427	0.002162532528	0.006598883542	0.00092518452	0.016342869421	0.000625231625	0.007104194613
0.0	0.0	0.0	0.0	0.0	0.0	0.0	3.3475109e-05	0.0	0.0	0.0	0.000256476792	0.0	0.001091921062	0.0	0.002865258107	0.0	0.008996833236	0.0	0.023114661852	0.002062183968	0.00645392531	0.001025500008	0.016399624136	0.0006140725	0.006958811742
0.002541588192	0.006167980132	0.001382217408	0.001126940787	0.0	0.023547789586	0.0	0.003758226911	0.0	0.03525043134	0.0	0.001572724321	0.0	0.037555644905	0.000122618496	0.00526236817	0.000780297024	0.039173235103	0.0	0.024443381371	0.00294279024	0.006656566592	0.001226142528	0.01629838458	0.000614071875	0.007047323275
4.4587296e-05	0.0	0.0	0.0	0.0	0.000233358529	0.0	0.0	0.0	0.001158871388	0.0	0.0	0.0	0.002719199416	0.0	0.001226138419	0.0	0.008975633496	0.0	0.023047216731	0.00214023264	0.006622310522	0.00099208512	0.016210235104	0.000625236375	0.00702523857
0.002619518616	0.019082156773	0.001371100536	0.000568611903	0.0	0.030870587657	1.1146824e-05	0.003757768073	0.0	0.051952479024	0.0	0.002766770838	0.0	0.045655757253	0.001894983168	0.018354363646	0.003176891952	0.043283611865	0.002307422832	0.049162983249	0.003132287184	0.006565406147	0.00118159548	0.018684318915	0.000636411375	0.007560794297
5.5735992e-05	0.0	0.0	0.0	0.0	0.000233951731	0.0	0.0	0.0	0.001025623512	0.0	0.0	0.0	0.002847213496	0.0	0.001248417282	0.0	0.008997071471	0.0	0.022840408121	0.002184799968	0.006432668268	0.00091402584	0.016253667596	0.000602903375	0.006991336677
0.004670671824	0.010763025275	0.004670629704	0.032594776877	0.004547922912	0.035681089879	0.001315326168	0.031704700775	0.0	0.035484772987	0.0	0.007202969089	0.0	0.037454233698	0.000144910272	0.005240181574	0.000824879952	0.039216461506	1.1147136e-05	0.024834254873	0.002976235392	0.006643636189	0.001159284984	0.016353952301	0.000602905875	0.008240137797
0.002608385832	0.006212430834	0.001359948096	0.000623721006	0.0	0.023569403397	0.0	0.003702131965	0.0	0.046262147223	0.0	0.00274446334	0.0	0.045860241364	0.001917278688	0.014650450514	0.003154583952	0.040581961824	0.00098094048	0.034332324022	0.002976245376	0.006666644949	0.001170443664	0.017704748239	0.000569419875	0.007360880739
0.00260836524	0.00610037795	0.001359916272	0.000612571338	0.0	0.023546429879	0.0	0.003669094188	0.0	0.035317081796	0.0	0.001450189196	0.0	0.037431317	0.000144910896	0.005240042975	0.00082488744	0.039216871238	1.1147136e-05	0.024520756129	0.00299857584	0.006621230498	0.001192720464	0.016320697617	0.00061407275	0.007070474191
4.4588232e-05	0.0	0.0	0.0	0.0	0.000311951961	0.0	0.0	0.0	0.001026392644	0.0	0.0	0.0	0.00290465103	0.0	0.001248315701	0.0	0.009098033511	0.0	0.022972108683	0.002162504448	0.006521764385	0.000980907096	0.016390227753	0.000558243875	0.007013371266
0.0	0.0	0.0	0.0	0.0	0.0	0.0	0.0	0.0	0.0	0.0	0.0	0.0	0.001125445645	0.0	0.001271157166	0.0	0.009020235715	0.0	0.023002489751	0.002106793728	0.006542252304	0.000980939856	0.016356461191	0.000614071625	0.007015190544
0.002574936	0.006147584295	0.0013822146	0.000535264505	0.0	0.023591360456	1.1146824e-05	0.003680262379	0.0	0.035483398229	0.0	0.001505965391	0.0	0.037586990614	0.000133762512	0.005284857305	0.000791434176	0.039212865886	0.0	0.024342374684	0.003009724224	0.006588658299	0.001148153136	0.016321455857	0.000614073375	0.006970011826
0.002340919152	0.006167541587	0.001203877584	0.001294027982	0.0	0.023658704051	0.0	0.003791815458	0.0	0.035203240792	0.0	0.001572794962	0.0	0.037342361056	0.000111471984	0.005284457779	0.000735703488	0.039249481303	0.0	0.024542178597	0.00294279336	0.006543483851	0.001259585184	0.016386971823	0.0006029065	0.006981348382
3.3440472e-05	0.0	0.0	0.0	0.0	0.000423346257	0.0	0.0	0.0	0.00108136069	0.0	0.0	0.0	0.002786607031	0.0	0.001226590986	0.0	0.00901930823	0.0	0.022980033164	0.00209565408	0.006498349057	0.001003231008	0.016335104966	0.000602903875	0.00696874115
0.0	0.0	0.0	0.0	0.0	0.0	0.0	0.0	0.0	0.0	0.0	0.000267679782	0.0	0.001203446823	0.0	0.002932529883	0.0	0.008918990239	0.0	0.022958153452	0.002151386016	0.00653322031	0.000969788976	0.016378868381	0.000569407625	0.006989910013
0.0	0.0	0.0	0.0	0.0	0.0	0.0	0.0	0.0	0.000156266196	0.0	0.0	0.0	0.001170547448	0.0	0.001226498125	0.0	0.008987581561	0.0	0.023126257401	0.002184824304	0.006566747059	0.000925184208	0.01636691829	0.00065872475	0.007058737352
0.002608368984	0.006134401599	0.001348796592	0.000612604985	0.0	0.023592697713	0.0	0.003724292572	0.0	0.035326032003	0.0	0.001573022139	0.0	0.03936372274	0.000111467616	0.006991278901	0.00076914552	0.039193265817	0.0	0.026059042723	0.002953945488	0.006587487298	0.001226178408	0.016298048914	0.00059173775	0.007082561965
0.0	0.0	0.0	0.0	0.0	0.010090708888	0.0	5.5805538e-05	0.0	0.001783390631	0.0	0.000245275235	0.0	0.002307729051	0.0	0.002898935166	0.0	0.00898685776	0.0	0.027539479435	0.002073319872	0.006467100643	0.001036678344	0.016934881051	0.000614072	0.006979031317
0.0	0.0	0.0	0.0	0.0	0.0	0.0	0.0	0.0	0.0	0.0	0.0	0.0	0.001192017038	0.0	0.001226104917	0.0	0.008942891705	0.0	0.023049048413	0.00214023576	0.006487742273	0.00099206796	0.016378608879	0.000580572125	0.007034987155
0.0	0.0	0.0	0.001473030957	0.0	0.0	0.0	0.006569421048	0.0	0.0	0.0	0.000334575895	0.0	0.001292700888	0.0	0.003299981389	0.000445874208	0.032726555958	0.0	0.022814940673	0.002173649088	0.006575786536	0.00093632604	0.016208451837	0.000591738375	0.006979245622
6.6880944e-05	0.011329680053	0.000958653072	0.0	0.0	0.03092452009	0.0	0.0	0.0	0.048404788134	0.0	0.0	0.0	0.011834929171	0.0	0.007928008512	0.0	0.0116070113	0.00033440472	0.048940607882	0.002184771888	0.006576057913	0.001014381888	0.018675695348	0.000602917625	0.007482884435
0.0	0.011266541976	0.0	0.0	0.0	0.030123778476	0.0	0.0	0.0	0.027190469345	0.0	0.0	0.0	0.003656656168	0.0	0.007761524162	0.0	0.011517438501	0.000345554976	0.049186244156	0.002140190832	0.006497610547	0.001003233192	0.018752181708	0.000591748375	0.007472965613
0.0008694738	0.0	0.0	0.014468667571	0.000568486152	1.1131305e-05	0.00032325696	0.019805224409	0.0	3.3452651e-05	0.0	0.00660165206	0.0	0.017016726661	1.1146512e-05	0.003969468965	0.0007134036	0.038057883081	0.0	0.023573584651	0.002730970944	0.00655577521	0.001259591736	0.016280700864	0.000636397625	0.008205133148
0.0	0.0	0.0	0.0	0.0	0.001079592853	0.0	0.0	0.0	0.000111622857	0.0	0.0	0.0	0.001159083622	0.0	0.001995545359	0.0	0.008874316164	0.0	0.023861047167	0.002151382896	0.006565289491	0.000947499696	0.016298521568	0.000636403125	0.007071342526
0.0	0.0	0.0	0.0	0.0	0.0	0.0	0.0	0.0	0.0	0.0	0.0	0.0	0.001103036305	0.0	0.00120396369	0.0	0.008998357649	0.0	0.023026571729	0.002062205184	0.006466460236	0.001036656192	0.016320741829	0.00060290225	0.006980896913
0.0	0.0	0.0	0.000614200461	0.0	0.0	0.0	0.0	0.0	0.000167313985	0.0	0.000245336506	0.0	0.00109255838	0.0	0.002954641986	0.0	0.010927106246	0.0	0.02311651367	0.002151364176	0.006611065902	0.000969765888	0.016231137333	0.00062523475	0.007001834279
0.002764481616	0.0	0.0	0.001541161381	0.000356698368	0.000278279503	1.1146824e-05	0.006690505685	0.0	0.001159911397	0.0	0.0	0.0	0.002695949584	0.0	0.001527263928	0.000423578688	0.032767773954	0.0	0.023184841363	0.00209562288	0.006476070042	0.001036639344	0.016344152324	0.0005917395	0.006992348699
0.0	0.0	0.0	0.0	0.0	0.0	0.0	0.0	0.0	0.00015616209	0.0	0.0	0.0	0.001104080747	0.0	0.001281767921	0.0	0.008941789371	0.0	0.023048687075	0.002162510064	0.006455289833	0.000992055792	0.016254366624	0.000614080875	0.007016260702
6.6880944e-05	0.0	0.0	0.0	0.0	0.000278390566	0.0	0.0	0.0	0.001159069783	0.0	0.0	0.0	0.002719691309	0.0	0.001226288122	0.0	0.00897431617	0.0	0.023014593653	0.002117941488	0.006575755835	0.001047801456	0.016243899175	0.0006252325	0.007002311996
0.0	0.0	0.0	0.0	0.0	0.0	0.0	0.0	0.0	0.0	0.0	0.0	0.0	0.00114741807	0.0	0.001237610403	0.0	0.009030720709	0.0	0.02302652357	0.002151382272	0.006579164039	0.00099208512	0.016354699642	0.0006140695	0.007059609637
6.6880944e-05	0.0	0.0	0.0	0.0	0.000244704762	0.0	0.0	0.0	0.001125807085	0.0	0.0	0.0	0.002890297438	0.0	0.001259531323	0.0	0.008852290805	0.0	0.023072210148	0.002162508816	0.006587199774	0.000914025528	0.016275009464	0.000625246625	0.007048102874
0.0	0.0	0.0	0.0	0.0	0.0	0.0	0.0	0.0	0.000156063063	0.0	0.0	0.0	0.001092540626	0.0	0.00121533676	0.0	0.008965590913	0.0	0.0231264565	0.002140234512	0.006575869857	0.000992063904	0.016189598317	0.000614068125	0.007002455682
0.0	0.0	0.0	0.0	0.0	0.0	0.0	0.0	0.0	0.00012257165	0.0	0.0	0.0	0.001181509677	0.0	0.001237139374	0.0	0.009087616024	0.0	0.023083425088	0.002162508816	0.006533561332	0.000902880264	0.016366251952	0.00064756325	0.007048576453
3.3440472e-05	0.0	0.0	0.0	0.0	0.000267393722	0.0	0.0	0.0	0.001170425835	0.0	0.0	0.0	0.002717963687	0.0	0.001215131381	0.0	0.008977482791	0.0	0.0231125433	0.00206220768	0.006443296256	0.001025509368	0.016366431043	0.00061406725	0.006991279842
4.4587296e-05	0.0	0.0	0.0	0.0	0.000244690759	0.0	0.0	0.0	0.001126453517	0.0	0.0	0.0	0.002809297831	0.0	0.001248250241	0.0	0.008918603383	0.0	0.023128078034	0.00215138352	0.006497616362	0.001003210104	0.016277364756	0.000591744	0.007036967809
0.0	0.0	0.0	0.000692176271	0.0	0.0	0.0	0.000490596389	0.0	4.4627187e-05	0.0	0.000368016252	0.0	0.001337374156	0.0	0.00297642228	0.0	0.023728296996	0.0	0.023062581895	0.002162501952	0.006566588607	0.000936323232	0.016388364835	0.000591738125	0.007068625743
0.0	0.0	0.0	0.0	0.0	0.0	0.0	0.0	0.0	7.8057973e-05	0.0	0.0	0.0	0.001092775372	0.0	0.001170317151	0.0	0.009030981902	0.0	0.023129267132	0.002129066784	0.006566161286	0.001025495952	0.016265233762	0.000636403375	0.007014733502
0.0	0.0	0.0	0.0	0.0	0.0	0.0	0.0	0.0	0.000122498178	0.0	0.000267588958	0.0	0.00118155532	0.0	0.002966126614	0.0	0.008828585165	0.0	0.023124100269	0.00216254064	0.006598943821	0.00090290928	0.016276559667	0.000625234375	0.007035845212
0.0	0.0	0.0	0.0	0.0	0.0	0.0	0.0	0.0	3.3343804e-05	0.0	0.0	0.0	0.00122573103	0.0	0.001215359219	0.0	0.009052783337	0.0	0.023282407231	0.00218481744	0.006545003086	0.000891759336	0.016344221879	0.000591737375	0.007048347324
3.3440472e-05	0.0	0.0	0.0	0.0	0.000300126366	0.0	0.0	0.0	0.001159041979	0.0	0.0	0.0	0.002717393067	0.0	0.001203977442	0.0	0.008998927243	0.0	0.023137816076	0.00209564784	0.006510907026	0.000992089488	0.016388439842	0.000602906625	0.007025417884
0.00257492664	0.006157949677	0.001337643216	0.000579794636	0.0	0.023692133749	0.0	0.003780531479	0.0	0.035326872778	0.0	0.001617665565	0.0	0.037234986681	7.8027456e-05	0.005262880049	0.00078028704	0.039205233806	0.0	0.024519458522	0.00296514192	0.00659962701	0.0012819222	0.016277586128	0.000636401125	0.006968190747
3.3440472e-05	0.0	0.0	0.0	0.0	0.000311533415	0.0	0.0	0.0	0.001104091302	0.0	0.0	0.0	0.002695902822	0.0	0.001248800599	0.0	0.009010008465	0.0	0.022992194102	0.002062206432	0.006609802778	0.001003216032	0.016356603257	0.000602903625	0.007049548623
0.0	0.0	0.0	0.0	0.0	0.0	0.0	4.4674175e-05	0.0	0.000111649162	0.0	0.000234228701	0.0	0.001092561205	0.0	0.002921541788	0.0	0.009053556639	0.0	0.023115621866	0.002140239504	0.006544189501	0.001025510616	0.016210660913	0.000625233125	0.00703707957
0.0	0.0	0.0	0.0	0.0	0.0	0.0	0.0	0.0	6.6903682e-05	0.0	0.0	0.0	0.001214661305	0.0	0.00124884724	0.0	0.008863679653	0.0	0.023048877183	0.00214023888	0.006531882636	0.000925187952	0.016320636797	0.000625230125	0.007002366178
6.6880944e-05	0.0	0.0	0.0	0.0	0.000256084221	0.0	0.0	0.0	0.001192167887	0.0	0.0	0.0	0.002856155933	0.0	0.001248576223	0.0	0.008842143065	0.0	0.023068511738	0.002184822432	0.006531237907	0.000914056416	0.016287944577	0.000647561	0.007059487823
0.002597224032	0.006055635808	0.001359918144	0.000612573842	0.0	0.023602463589	0.0	0.003646564825	0.0	0.035371125779	0.0	0.001427791065	0.0	0.037391615392	0.00015605616	0.005251431299	0.000802577568	0.03916002416	1.1147136e-05	0.024453572316	0.003009721728	0.006700303303	0.001170449904	0.016287269044	0.00064757075	0.00704709913
0.0042470766	0.010260824618	0.004670610984	0.00912085297	0.00446989608	0.023871887424	0.000256376952	0.020852121571	0.0	0.035385904018	0.0	0.001439190121	0.0	0.037417677274	0.000133763136	0.005250862361	0.00075799776	0.03922352743	0.0	0.024519520636	0.00305426784	0.006644673421	0.001159266576	0.016367296829	0.000658731125	0.007393005914
0.0	0.0	0.0	0.0	0.0	0.0	0.0	0.0	0.0	5.5766635e-05	0.0	0.0	0.0	0.001092768233	0.0	0.001181908374	0.0	0.009030434866	0.0	0.023158532435	0.002095647216	0.006555505298	0.001025527776	0.016344033748	0.00059174275	0.007059925521
0.0	0.003023648662	0.0	0.0	0.0	0.027793018209	0.0	0.0	0.0	0.027293123836	0.0	0.000669018993	0.0	0.003688157572	0.0	0.007761046186	0.0	0.011572331815	0.000401284416	0.049054573476	0.002218219536	0.006543062054	0.000992085744	0.018740862084	0.000602910875	0.007538251596
5.5733184e-05	0.0	0.0	0.0	0.0	0.00182769778	0.0	0.0	0.0	0.002709577778	0.0	0.0	0.0	0.002858231392	0.0	0.001248655046	0.0	0.008997195524	0.0	0.023404158697	0.00217366968	0.006600582357	0.000992081376	0.016299074083	0.00059173675	0.007014121966
0.000746860608	0.0	0.0	0.014538354222	0.000557340264	1.1165904e-05	0.00032325696	0.019802120014	0.0	0.0	0.0	0.009011252083	0.0	0.017025380952	2.2293648e-05	0.005709228813	0.000713405472	0.038089176486	0.0	0.023472283031	0.00268638552	0.006723276768	0.001237298712	0.016355198873	0.000614068375	0.008263628095
6.6882816e-05	0.0	0.0	0.000647751054	0.0	0.000334439675	0.0	0.0	0.0	0.001092509067	0.0	0.0	0.0	0.002803108152	0.0	0.001248584678	0.0	0.010939877541	0.0	0.022893278209	0.002195945856	0.006508781191	0.00099206016	0.016333786718	0.000602904125	0.006980348728
0.0	0.0	0.0	0.0	0.0	0.0	0.0	0.0	0.0	0.0	0.0	0.000267776548	0.0	0.001192124511	0.0	0.002943263621	0.0	0.008931185853	0.0	0.023114689724	0.002140239504	0.00646620691	0.001003212288	0.016356294008	0.000558240375	0.007014400912
0.002608363368	0.00619047263	0.00139338576	0.000535221435	0.0	0.023579942134	0.0	0.003724523811	0.0	0.036664855598	0.0	0.002320583001	0.0	0.045839885094	0.001906130304	0.008596178283	0.001203876336	0.039192796267	0.0	0.028710780947	0.002965105104	0.006566881982	0.001226185584	0.01695595886	0.000602907875	0.007049909368
