0.0	0.0	0.0	0.0	0.0	0.0	0.0	0.0	0.0	0.0	0.0	0.0	0.0	0.0	0.0	0.000694686476	0.0	0.002525045508	0.0	0.019778786203	0.001530610224	0.013286290315	0.0	0.023433698676	9.4829375e-05	0.007257223894
0.0037711908	0.011131796729	0.005364869328	0.003471269191	0.001940815656	0.036000633761	0.002761343208	0.005082056822	0.000725837112	0.050592058562	0.00190921068	0.001515349267	0.003266351712	0.049419733811	0.000773184672	0.005367255212	0.003171606672	0.043571442578	0.000189360288	0.024672254131	0.003455697648	0.017138008188	0.0011992266	0.025189246813	0.0008850285	0.00741575401
0.0	0.0	9.4673592e-05	0.0	0.0	0.000110359787	0.0	0.0	0.0	0.0	0.0	0.0	0.0	0.0	0.0	0.00037900265	0.0	0.002509799967	0.0	0.019666681596	0.001562174016	0.013112658388	1.5778464e-05	0.023422022912	0.00011063475	0.007244560936
0.006075142632	0.013266649981	0.00725850216	0.006341736161	0.006911252712	0.036124991889	0.003976392888	0.021221722221	0.000646938864	0.050560153235	0.002382696576	0.001373422124	0.003234774816	0.049389336387	0.000804745968	0.005461586859	0.002919148752	0.043741823771	0.00018934656	0.024848500543	0.003487207776	0.017166479773	0.001183450008	0.025109977704	0.000900831625	0.007354659966
0.0	0.0	6.3116352e-05	0.000173136509	0.0	4.7293916e-05	0.0	0.00143590573	0.0	0.0	0.0	0.0	0.0	0.0	0.0	0.000410584584	0.0	0.007781086077	0.0	0.019683304118	0.0014990196	0.013270009438	0.0	0.023484155379	0.000110623875	0.00715992359
0.000710051472	0.000220914385	6.3116352e-05	0.0	0.0	0.004701516443	0.0	0.0	0.0	0.003266512842	0.0	0.0	1.5778464e-05	0.002429848868	0.0	0.000442392846	0.0	0.007765667055	0.0	0.019714806693	0.001530607728	0.013282810272	0.0	0.023389897902	9.482025e-05	0.007130776498
0.0	0.0	0.0	0.0	0.0	0.0	0.0	0.0	0.0	0.0	0.0	0.0	0.0	0.0	0.0	0.000631461469	0.0	0.002445418499	0.0	0.019795020365	0.001514841744	0.013240227781	0.0	0.023338548485	0.000110633875	0.007256555298
0.000804727872	0.0	0.0	0.001024644934	0.0	0.0	0.0	0.006660899816	0.0	0.0	0.0	0.0	0.0	0.0	0.0	0.000631307017	0.0	0.026516641929	0.0	0.019604718704	0.001593688512	0.013680711791	3.1558488e-05	0.023342069123	9.482025e-05	0.007160100763
0.0046390968	0.000805058007	0.005601588408	0.001292997664	0.0	0.004481236545	0.0	0.005023627073	0.0	0.003109070665	0.0	0.0	1.5778464e-05	0.00233420399	0.0	0.000442485994	0.0	0.017726055532	0.0	0.019669217475	0.001467458928	0.013271194313	0.0	0.02337215716	0.0001264295	0.007226691842
0.0	0.0	0.00011045268	0.0	0.0	9.467809e-05	0.0	0.0	0.0	0.0	0.0	0.0	0.0	0.0	0.0	0.000426303231	0.0	0.002525005219	0.0	0.01971452247	0.001562173392	0.013128682993	1.5778776e-05	0.023436442671	0.00011063475	0.007181507522
0.003392490816	0.011354660894	0.004859931024	0.003471026335	0.001956588192	0.036030256806	0.00287175564	0.004892368699	0.000788955336	0.050529241692	0.002272167144	0.001372972496	0.003329383824	0.049327295362	0.000899399904	0.005255989152	0.00306115992	0.043740201927	0.000205139376	0.025022006066	0.003361018128	0.017341267214	0.00126233328	0.025059387793	0.000821852875	0.007370350857
0.0	0.0	9.4674528e-05	0.0	0.0	7.8731155e-05	0.0	0.0	0.0	0.0	0.0	0.0	0.0	0.0	0.0	0.000426214562	0.0	0.002399825527	0.0	0.019527811018	0.00160951752	0.013129087136	0.0	0.023260603371	0.00012643975	0.007165789363
0.00695864052	0.003615524271	0.005759383032	0.004624196253	0.00159366636	0.005759118984	0.004654895544	0.026315484449	0.000126230832	0.003328408211	0.000205131888	0.001167665209	0.000126232704	0.003710596674	0.000788958144	0.002604440393	0.001072972368	0.041913507735	0.0	0.019668603904	0.002540458752	0.016239299485	0.000962527488	0.024637706405	0.000695382	0.007590785696
0.0	0.0	0.0	0.0	0.0	0.0	0.0	0.0	0.0	0.0	0.0	0.0	0.0	0.0	0.0	0.000599975226	0.0	0.002462568744	0.0	0.019636343044	0.001562174016	0.013175588627	0.0	0.023469057282	0.000110625625	0.007339126933
0.0	0.0	9.4673592e-05	0.0	0.0	7.8735478e-05	0.0	0.0	0.0	0.0	0.0	0.0	0.0	0.0	0.0	0.000442048904	0.0	0.002431267856	0.0	0.019621731141	0.001625292864	0.013063496172	1.5778464e-05	0.023355762564	0.0001106345	0.007166297615
0.000631156032	0.000157634406	4.7337264e-05	0.0	0.0	0.004733365105	0.0	0.0	0.0	0.003155619445	0.0	0.0	1.5779712e-05	0.002463220928	3.15588e-05	0.000410554219	0.0	0.007794895745	0.0	0.019779476986	0.001530620208	0.013240801454	0.0	0.023263145974	0.000110634625	0.007195702441
0.0	0.0	0.0	0.0	0.0	0.0	0.0	0.0	0.0	0.0	0.0	0.0	0.0	0.0	0.0	0.000662988566	0.0	0.002493564878	0.0	0.019605709901	0.0014832324	0.013272641729	0.0	0.023453392671	0.00011063425	0.007176801527
0.003297816288	0.01119785852	0.005222907144	0.00351891615	0.0020828574	0.036012789914	0.002919099456	0.004926940218	0.000615393792	0.050483736722	0.002303724384	0.001357258318	0.003266266848	0.049409146969	0.0008205132	0.007402763456	0.002808696384	0.043813246204	0.000205128144	0.024988841094	0.003439846176	0.01729668011	0.001388566608	0.025157148909	0.00074282525	0.007400330077
0.003755396736	0.011288701792	0.00541224684	0.003502928208	0.002051308584	0.036027711103	0.002903320368	0.004863955538	0.000631170072	0.050486800004	0.00233525916	0.001358055003	0.003234693072	0.049533256245	0.000836299776	0.007939334198	0.002903458896	0.04375424626	0.000220907856	0.026111940155	0.003439834944	0.017231539862	0.001388561304	0.025172601413	0.00072702275	0.007384906219
0.000694271448	0.000237042337	6.3116352e-05	0.0	0.0	0.004686422	0.0	0.0	0.0	0.003234897061	0.0	0.0	1.5778464e-05	0.00241497156	0.0	0.000379101832	0.0	0.00781283528	0.0	0.019698761456	0.001530607104	0.013220122903	0.0	0.023403977458	0.000110624375	0.007131839172
0.000631156032	0.000205112157	6.3116352e-05	0.0	0.0	0.004828070086	0.0	0.0	0.0	0.003170711378	0.0	0.0	0.0	0.002430857984	3.15588e-05	0.000457982857	0.0	0.007560649778	0.0	0.019715844647	0.00153061584	0.013269310916	1.5778464e-05	0.023280460494	0.000126439625	0.007197058281
0.000773166888	0.00018940258	7.889544e-05	0.0	0.0	0.004986723848	0.0	0.0	0.0	0.003216836147	0.0	0.0	1.5779712e-05	0.002273104412	3.15588e-05	0.000426317585	0.0	0.007668490716	0.0	0.01965436479	0.001593684144	0.013142673343	3.155724e-05	0.023358794112	0.000126439625	0.007243379354
0.000820500408	0.000220873697	7.8894504e-05	0.0	0.0	0.012103844311	0.0	0.0	0.0	0.003219231863	0.0	0.0	1.5779712e-05	0.002242396232	1.5779712e-05	0.000646938462	0.0	0.007495436916	0.0	0.020586438239	0.001546340016	0.013178921908	1.5778776e-05	0.023308927413	0.0001264385	0.007194153857
0.0	0.0	7.889544e-05	0.0	0.0	3.157815e-05	0.0	0.0	0.0	0.0	0.0	0.0	0.0	0.0	0.0	0.00045796311	0.0	0.002494393704	0.0	0.019667500764	0.001546392432	0.013242342047	1.5778464e-05	0.02343783312	0.00011062375	0.00713225613
0.0	0.0	9.4674528e-05	0.0	0.0	7.8511712e-05	0.0	0.0	0.0	0.0	0.0	0.0	0.0	0.0	0.0	0.000473639221	0.0	0.002509004904	0.0	0.019525651788	0.001609485072	0.013194314518	0.0	0.023388653721	0.0001264385	0.007163676758
0.000678493296	0.000237132072	6.3116352e-05	0.0	0.0	0.004702115722	0.0	0.0	0.0	0.003219551381	0.0	0.0	1.5778464e-05	0.002445550853	1.577784e-05	0.0003790424	0.0	0.00776578663	0.0	0.019668072359	0.001514826768	0.013159252557	0.0	0.023452498954	0.000110625875	0.007147845714
0.001057219488	4.7353808e-05	0.001420105752	0.000930032513	0.0	4.7046191e-05	0.0	0.006662162345	0.0	0.0	0.0	0.0	0.0	0.0	0.0	0.000379063998	0.0	0.026835809509	0.0	0.019778287532	0.00153057528	0.013748164093	0.0	0.023420171984	9.4820375e-05	0.007271527937
0.000773181864	0.000189496686	7.889544e-05	0.000251907728	0.0	0.004559744215	0.0	0.0	0.0	0.003265456393	0.0	0.0	0.0	0.002381675913	0.0	0.00048966818	0.0	0.007526917568	0.0	0.019622230483	0.001514798688	0.013195156295	0.0	0.023467817362	0.0001264295	0.00716102531
0.0	0.0	9.4674528e-05	0.0	0.0	7.8872228e-05	0.0	0.0	0.0	0.0	0.0	0.0	0.0	0.0	0.0	0.000457936632	0.0	0.002477423384	0.0	0.019652337153	0.001593675408	0.013113919835	0.0	0.023341902114	0.000110633875	0.007178373558
0.00064693512	0.000173489623	7.889544e-05	0.0	0.0	0.004812622058	0.0	0.0	0.0	0.003187259369	0.0	0.0	0.0	0.002430827806	3.15588e-05	0.000394845208	0.0	0.007813052826	0.0	0.019748179209	0.001514836128	0.013271089017	1.5778464e-05	0.023262466682	0.00012643825	0.007180679127
0.000788947848	0.00020512475	7.889544e-05	0.0	0.0	0.005051152335	0.0	0.0	0.0	0.003186738584	0.0	0.0	1.5779712e-05	0.00227320588	1.5779712e-05	0.000536793944	0.0	0.007527832958	0.0	0.019590236599	0.001577904432	0.013098941287	3.1556928e-05	0.023311217463	0.000126439625	0.007242455483
0.0	0.0	7.8894504e-05	0.0	0.0	0.000126670213	0.0	0.0	0.0	0.0	0.0	0.0	0.0	0.0	0.0	0.000457916072	0.0	0.002478621937	0.0	0.019764216667	0.001546391808	0.013236336524	3.155724e-05	0.023279941492	0.000126439375	0.007259076
0.003802894992	0.011245737719	0.005364971352	0.004038846352	0.002051277696	0.036030002368	0.002540512728	0.007229156729	0.000678508272	0.050626184425	0.002224901952	0.001499599604	0.003282125808	0.049484603184	0.00075740496	0.005350497002	0.003076935888	0.04371425318	0.000173568096	0.024720728065	0.003518772816	0.017250611671	0.00110455332	0.025124048935	0.00093243975	0.007334861407
0.005696432352	0.012412534591	0.007226942112	0.006121298013	0.003613394304	0.036061679782	0.002603626272	0.010987879836	0.000662728248	0.050545922914	0.002398473792	0.001436583444	0.003282115824	0.049358325665	0.000836302896	0.005429658058	0.003029600496	0.043825208977	0.000189347184	0.024831913812	0.00347143368	0.017169075411	0.001151890272	0.025110246269	0.00090083175	0.007321266941
0.0	0.0	4.7337264e-05	0.0	0.0	3.157877e-05	0.0	0.0	0.0	0.0	0.0	0.0	0.0	0.0	0.0	0.000379049413	0.0	0.002573056211	0.0	0.019728952781	0.001514795568	0.013193536594	1.5778464e-05	0.023435412038	0.000110623625	0.007132503331
0.000662714208	0.000220841106	7.889544e-05	0.0	0.0	0.004859295504	0.0	0.0	0.0	0.003202134	0.0	0.0	1.5779712e-05	0.0023998665	1.5779088e-05	0.000442140496	0.0	0.007528157806	0.0	0.019730652173	0.001546396176	0.013222111264	1.5778776e-05	0.02341938768	0.00011063475	0.007183288398
0.0	0.0	9.4674528e-05	0.0	0.0	7.8780586e-05	0.0	0.0	0.0	0.0	0.0	0.0	0.0	0.0	0.0	0.000536825172	0.0	0.002430345115	0.0	0.019684481977	0.001483222416	0.013239771543	0.0	0.023354512531	0.000126437875	0.007242845944
0.000757389672	0.000220741302	7.8894504e-05	0.000125653203	0.0	0.004638223228	0.0	0.0	0.0	0.003281742448	0.0	0.0	0.0	0.002397659454	1.577784e-05	0.000426509902	0.0	0.007559373982	0.0	0.019714052039	0.0014990196	0.013193945315	0.0	0.023357552445	0.000110623875	0.007176923687
0.0	0.0	0.0	0.000125643276	0.0	0.0	0.0	0.0	0.0	0.0	0.0	0.0	0.0	0.0	0.0	0.00063139947	0.0	0.002431356877	0.0	0.019621025476	0.001562132208	0.013162674479	3.1558488e-05	0.023280568743	0.000110623375	0.007275175467
0.00067849236	0.000221459248	6.3116352e-05	0.0	0.0	0.004716396855	0.0	0.0	0.0	0.00318784022	0.0	0.0	1.5779712e-05	0.002430559311	1.5779088e-05	0.000410685095	0.0	0.007686586905	0.0	0.019699617699	0.001499062656	0.013208123134	0.0	0.023498382146	0.000110625875	0.007226371862
0.003708075384	0.011134835228	0.005128185816	0.003471083211	0.001893474648	0.036029900833	0.002855970936	0.004942879707	0.000694283616	0.050404884575	0.001956552624	0.001484306614	0.003361016256	0.049326555803	0.000899401776	0.00538294501	0.003140039136	0.043642419728	0.000189360288	0.024689474526	0.003155889984	0.017149977715	0.001199225664	0.025203187886	0.00090087075	0.007338021706
0.0	0.0	0.0	0.0	0.0	0.004830902946	0.0	0.0	0.0	9.4710873e-05	0.0	0.0	0.0	0.0	0.0	0.000836390231	0.000205129392	0.003014294768	0.000157791504	0.02958101368	0.00151477872	0.013302208652	0.0	0.025173549367	0.000110634375	0.007289759345
0.0	0.0	6.3115416e-05	0.0	0.0	0.000126670213	0.0	0.0	0.0	0.0	0.0	0.0	0.0	0.0	0.0	0.000426319029	0.0	0.002430426727	0.0	0.019668375817	0.001593730944	0.013299611595	3.155724e-05	0.023247977991	0.000126429375	0.007211934046
0.003471396552	0.011133033434	0.004875729768	0.003454964565	0.001846143	0.035982857045	0.002871751896	0.004908260562	0.000757400904	0.050514796733	0.002224817712	0.001405059207	0.003345147312	0.049155949297	0.000915182112	0.005240714249	0.003155846304	0.043583765424	0.000189360288	0.02495724921	0.003297895536	0.017263575802	0.001246556688	0.025170120823	0.0008060445	0.007371036837
0.0	0.0	0.0	0.0	0.0	0.0	0.0	0.0	0.0	0.0	0.0	0.0	0.0	0.0	0.0	0.000631809237	0.0	0.002573063306	0.0	0.019748859323	0.001514847984	0.013240491301	0.0	0.023371785486	9.48275e-05	0.007243646849
0.0	0.0	6.3116352e-05	0.0	0.0	0.000110796414	0.0	0.0	0.0	0.0	0.0	0.0	0.0	0.0	0.0	0.000457846453	0.0	0.002351553741	0.0	0.019731151872	0.00157794936	0.013255277068	1.5778776e-05	0.023279421975	0.000110625875	0.007242308345
0.003739706568	0.011183522821	0.0053491698	0.003754711473	0.002082835872	0.036013420313	0.002572070904	0.006124788415	0.000725845536	0.050511021976	0.001940878368	0.001546255797	0.003282123936	0.049422092379	0.000757405584	0.005287608674	0.00310849344	0.043761093351	0.00017356872	0.024753112459	0.003502991232	0.017218789265	0.001136109936	0.025046769708	0.00091663825	0.007399474387
0.006138122328	0.00195705753	0.00577516212	0.002161101162	0.001372762872	0.004590790781	0.0	0.013717502817	0.0	0.003123276738	0.0	0.0	1.5778464e-05	0.002336136475	0.0	0.000473676606	0.0	0.037395457684	0.0	0.019510595116	0.001641022032	0.015403994478	0.0	0.02343542174	0.000126439	0.007195605656
0.007321562352	0.008496067855	0.00717948972	0.025684162314	0.002713971312	0.010194438943	0.006564231648	0.035254985908	0.007337217888	0.003928439291	0.00107296956	0.010305821602	0.000757385616	0.021957816023	0.00075740184	0.004340849852	0.00315580824	0.04379024669	0.0	0.022258929759	0.003171606048	0.017264392877	0.001151870304	0.024461648117	0.000932459125	0.008066306232
0.001041438528	3.1529589e-05	0.001420104816	0.000393619671	0.0	4.7294102e-05	0.0	0.004940649075	0.0	0.0	0.0	0.0	0.0	0.0	0.0	0.000410554112	0.0	0.016654564596	0.0	0.019637168361	0.001483239264	0.013257414167	0.0	0.023421192446	0.000110623875	0.007192907534
0.0032820372	0.011134475606	0.00478112076	0.00345584591	0.00206707644	0.03599719504	0.00290331756	0.004973113189	0.000599619384	0.050545940137	0.00227215404	0.001404525175	0.003282029088	0.049204843762	0.000852072	0.005255671797	0.00284025456	0.043578270958	0.000173566848	0.024894110833	0.00343991856	0.017391843393	0.001262338896	0.025125783134	0.000806048375	0.007289473921
0.0	0.0	0.0	0.0	0.0	0.0	0.0	0.0	0.0	0.0	0.0	0.0	0.0	0.0	0.0	0.000647368138	0.0	0.002478504937	0.0	0.019606046325	0.001609513776	0.013064653578	0.0	0.023484439946	9.4822125e-05	0.007338701391
0.0	0.0	0.0	0.0	0.0	0.0	0.0	0.0	0.0	0.0	0.0	0.0	0.0	0.0	0.0	0.000599726279	0.0	0.002493738822	0.0	0.019733738912	0.001577956848	0.013078157136	0.0	0.023452298406	0.00011063325	0.007291930961
0.000631157904	0.000236590401	6.3116352e-05	0.0	0.0	0.004702013344	0.0	0.0	0.0	0.00318721621	0.0	0.0	1.5779712e-05	0.002463039894	1.5779088e-05	0.000426390322	0.0	0.00774891344	0.0	0.019652581225	0.001530620832	0.013210502101	0.0	0.023279821356	0.000110634375	0.007226389915
0.0	0.0	0.0	0.0	0.0	0.0	0.0	0.0	0.0	0.0	0.0	0.0	0.0	0.0	0.0	0.000615554368	0.0	0.002494592268	0.0	0.019480143866	0.001562181504	0.013031049015	0.0	0.023356177959	9.4829375e-05	0.007337878857
0.000804726936	0.000221179173	0.000110453616	0.0	0.0	0.004749617098	0.0	0.0	0.0	0.003170687077	0.0	0.0	1.5779712e-05	0.002335306972	3.1558176e-05	0.000426435009	0.0	0.007687944919	0.0	0.019573354844	0.001530617088	0.013270487749	3.155724e-05	0.023371388806	0.000126439625	0.007150227664
0.003802747104	0.011211814151	0.005333308344	0.00345559176	0.00190925748	0.036063200725	0.002808640224	0.005131572147	0.000694278	0.050527891979	0.0019407726	0.001484092412	0.003282123936	0.049497172767	0.000899414256	0.005336019964	0.00320316048	0.043747014254	0.000205140624	0.024863636355	0.00345569328	0.017215591127	0.001246566672	0.025091987219	0.000916657	0.007352938732
0.007369069032	0.01373742424	0.007274274696	0.032734445025	0.007289987328	0.050773983735	0.007368941736	0.040178379272	0.006974344728	0.052029827951	0.007069078224	0.015264931478	0.004418158992	0.050069602415	0.000820520064	0.00538208575	0.002903369664	0.043677957616	0.00018934656	0.024893576296	0.003487212768	0.01730996397	0.001246553256	0.025079678279	0.00080603	0.00800324584
0.0	0.0	6.3116352e-05	0.000125710305	0.0	4.7321467e-05	0.0	0.0	0.0	0.0	0.0	0.0	0.0	0.0	0.0	0.00041060891	0.0	0.002493465288	0.0	0.019573475587	0.00151479744	0.013253653238	0.0	0.023359783463	0.00011062375	0.00716006825
0.0	0.0	0.0	0.0	0.0	0.0	0.0	0.0	0.0	0.0	0.0	0.0	0.0	0.0	0.0	0.000615811843	0.0	0.002400068042	0.0	0.019700438975	0.001593737808	0.013081719612	0.0	0.023340195987	9.482925e-05	0.007337820571
0.0	0.0	0.0	0.0	0.0	0.0	0.0	0.0	0.0	0.0	0.0	0.0	0.0	0.0	0.0	0.000647321019	0.0	0.002446270417	0.0	0.019701070249	0.001546388688	0.013259426153	0.0	0.023450610771	0.00011063425	0.007256689671
0.003786965208	0.028627321781	0.005396478984	0.003487375381	0.002035540728	0.036296662732	0.002903386824	0.004973618029	0.00064695852	0.058863083643	0.002351048544	0.003015308248	0.00323478792	0.053290037999	0.001530554064	0.02413349847	0.004733852448	0.054483526103	0.002224908192	0.054708767457	0.004875769392	0.017234621688	0.001230767928	0.03003256081	0.0008218485	0.008501984398
0.00089940708	0.000362930885	0.000757388736	0.002224681419	0.000615376944	0.0	0.0	0.013826960499	0.0	0.0	0.0	0.0	1.5778464e-05	0.00110398166	3.15588e-05	0.000646917654	0.0	0.037489945105	0.0	0.01966979251	0.001562131584	0.015385102048	3.1558488e-05	0.023422790099	0.000110632625	0.007210146188
0.003644959032	0.011119489252	0.005049286632	0.003471303058	0.001861916472	0.036062010883	0.002855981232	0.004862786154	0.00071006364	0.050484784143	0.00197234388	0.0014841741	0.003361011264	0.049327581677	0.000899406768	0.005288049835	0.003234718032	0.043615973639	0.000189358416	0.024880126438	0.00315588	0.017118182698	0.001183442832	0.02514147979	0.000869259375	0.007401444765
0.0	0.0	0.0	0.0	0.0	0.0	0.0	0.0	0.0	0.0	0.0	0.0	0.0	0.0	0.0	0.000631738082	0.0	0.002541434289	0.0	0.019764359965	0.001546410528	0.013255036996	0.0	0.023419662582	9.482825e-05	0.007242288046
0.00082050228	0.000221212098	0.00011045268	0.0	0.0	0.004811716754	0.0	0.0	0.0	0.003202761101	0.0	0.0	1.5779712e-05	0.002462417472	3.15588e-05	0.00047365559	0.0	0.007652986297	0.0	0.019589245914	0.001530617712	0.013239774454	1.5778776e-05	0.023356503044	0.000126439625	0.007150238461
0.0	0.0	6.3116352e-05	0.0	0.0	3.157877e-05	0.0	0.0	0.0	0.0	0.0	0.0	0.0	0.0	0.0	0.000394752248	0.0	0.002541400217	0.0	0.019683533043	0.001514793696	0.013284139573	0.0	0.02340581654	0.00011062375	0.007146984623
0.003834302472	0.011069689651	0.005364862776	0.003518239798	0.00192503376	0.03604771815	0.002792906064	0.005099803746	0.000725837112	0.050590449312	0.001940771664	0.001500075506	0.0032821308	0.049358199049	0.000836299776	0.005351728347	0.003234721776	0.043653707579	0.000189360288	0.024768909889	0.003455695152	0.017122418394	0.00123078852	0.025140693607	0.000869224375	0.007400268682
0.00695879964	0.013629221548	0.007274276568	0.008094981587	0.0072899658	0.041445487587	0.006106606272	0.035139999321	0.005696254512	0.051319573883	0.003155871888	0.001499404866	0.003234709296	0.049298754392	0.000820521312	0.005413645149	0.002871811488	0.043551932514	0.000173567472	0.0249259199	0.00347143368	0.017231803324	0.00119923128	0.025110357852	0.00083762875	0.007576267621
0.001609496928	0.001231344566	0.005364929232	0.002018816211	0.000583822512	4.7275446e-05	0.0	0.013717903607	0.0	0.0	0.0	0.0	0.0	0.001230262366	1.5779088e-05	0.000441848645	0.0	0.037556618826	0.0	0.019747949509	0.001546355616	0.015513867729	0.0	0.023420350073	0.000110632875	0.007240536166
0.00375543324	0.011620862071	0.005380712064	0.003518552023	0.002051313264	0.036026999491	0.00290331288	0.004878986332	0.000646960392	0.053735638551	0.00233526384	0.001957642153	0.003234699936	0.053256309358	0.001514773104	0.018371779624	0.0047180796	0.048959599062	0.002098670496	0.036195465522	0.00348717096	0.017247051837	0.001293893016	0.026910734146	0.00080604475	0.007521897574
0.0	0.0	0.0	0.0	0.0	0.0	0.0	0.0	0.0	0.0	0.0	0.0	0.0	0.0	0.0	0.00061551813	0.0	0.002478624798	0.0	0.019635771473	0.001577954352	0.013238670112	1.5778464e-05	0.023279369975	0.000110623375	0.007290864753
0.000788944104	0.000221390582	0.00011045268	0.0	0.0	0.005034342341	0.0	0.0	0.0	0.003154321836	0.0	0.0	1.5779712e-05	0.00228738985	3.15588e-05	0.000442254323	0.0	0.007559932324	0.0	0.019558597307	0.001546373712	0.013174319394	3.155724e-05	0.023373205816	0.000110634625	0.007134250118
0.0	0.0	0.0	0.0	0.0	0.0	0.0	0.0	0.0	0.0	0.0	0.0	0.0	0.0	0.0	0.000662791112	0.0	0.002431678771	0.0	0.019511205282	0.0015779088	0.013067640464	3.155724e-05	0.02330973107	0.000126426875	0.007290776201
0.0	0.0	0.00011045268	0.0	0.0	7.8724306e-05	0.0	0.0	0.0	0.0	0.0	0.0	0.0	0.0	0.0	0.000394741119	0.0	0.002462428056	0.0	0.019715811272	0.00159373344	0.013110059344	1.5778776e-05	0.023419563943	0.00011063475	0.007229828005
0.003755422944	0.011007865802	0.00522287532	0.003455069849	0.00187770024	0.036045697106	0.002855972808	0.004975011229	0.000710061768	0.050466137139	0.001956555432	0.001452472212	0.003329453712	0.0493847716	0.00089940552	0.005319759268	0.003171606672	0.04371185149	0.0001735812	0.024752824126	0.00312433368	0.017137092311	0.001246566984	0.025187509656	0.000932478875	0.007354116244
0.0	0.0	7.889544e-05	0.0	0.0	6.3276221e-05	0.0	0.0	0.0	0.0	0.0	0.0	0.0	0.0	0.0	0.000442156897	0.0	0.002415334185	0.0	0.019668143678	0.001593729072	0.013161830039	1.5778464e-05	0.023388852891	0.000110624375	0.007116209643
0.0024300198	0.003110198397	0.005443820928	0.004673080654	0.001514790576	4.7402053e-05	0.001025658504	0.02562090325	0.000126230832	0.000205252614	0.000252471024	0.001215789244	0.0	0.00337755913	0.000804736608	0.002509505241	0.001120306512	0.041704142533	0.0	0.019826182598	0.00257202504	0.01641238165	0.0010729836	0.02450820642	0.000600554625	0.007603367743
0.0	0.0	9.4674528e-05	0.0	0.0	7.8728546e-05	0.0	0.0	0.0	0.0	0.0	0.0	0.0	0.0	0.0	0.000410606406	0.0	0.002509179524	0.0	0.019653661808	0.001593713472	0.013193463713	0.0	0.023484526889	0.00012643875	0.007227129985
0.005144032296	0.000836448469	0.005570030232	0.001592794623	0.001388540088	0.004528454082	0.0	0.00664692152	0.0	0.003092123305	0.0	0.0	1.5778464e-05	0.002303952446	0.0	0.000473723333	0.0	0.026805105032	0.0	0.019619353642	0.001609463232	0.013650860845	0.0	0.023342513639	0.000110625	0.007211422532
0.0	0.0	0.0	0.0	0.0	0.0	0.0	0.0	0.0	0.0	0.0	0.0	0.0	0.0	0.0	0.000679026425	0.0	0.002447175968	0.0	0.019637487027	0.001577910048	0.013144701297	1.5778464e-05	0.023324370383	0.0001106235	0.007305759464
0.0	0.0	0.0	0.0	0.0	0.0	0.0	0.0	0.0	0.0	0.0	0.0	0.0	0.0	0.0	0.000568220111	0.0	0.00244602995	0.0	0.019730492117	0.00151478496	0.013242374291	0.0	0.023483115568	9.4829375e-05	0.007255721202
0.00233532468	0.000804757008	0.005917215096	0.004655178205	0.001499011488	0.0	0.001057205448	0.025588104124	4.7336328e-05	0.00020527223	0.00026824356	0.00273044919	1.5778464e-05	0.003282954167	0.000725839296	0.003140990317	0.000930965568	0.041926725299	0.0	0.019542757963	0.002572015056	0.016315118668	0.001151881536	0.024494116092	0.00055314325	0.007668538349
0.0	0.0	7.889544e-05	0.0	0.0	0.000742236221	0.0	0.0	0.0	4.7333043e-05	0.0	0.0	0.0	0.0	0.0	0.000631074994	0.0	0.002477757398	0.0	0.02288933586	0.001514787456	0.013227448217	0.0	0.023845550153	0.000110632625	0.007209372447
0.0	0.0	0.0	0.0	0.0	0.0005844971	0.0	0.0	0.0	0.0	0.0	0.0	0.0	0.0	0.0	0.000615383515	0.0	0.002477402743	0.0	0.022680710831	0.001514795568	0.013270403453	0.0	0.023643398923	0.000110634375	0.00712927347
0.0034871616	0.0110845225	0.004891487328	0.00342392503	0.0018619146	0.036110256155	0.002871751896	0.004908841143	0.000725840856	0.050453509512	0.002161689192	0.001420746854	0.003345151056	0.049233964567	0.000915184608	0.005209099261	0.003187406352	0.043710200967	0.000205140624	0.024956849499	0.003218996352	0.017153439201	0.001278116112	0.025124315662	0.000821851	0.00737020204
0.0	0.0	0.0	0.0	0.0	0.0	0.0	0.0	0.0	0.0	0.0	0.0	0.0	0.0	0.0	0.000678918284	0.0	0.002492893631	0.0	0.019606255972	0.0014990664	0.01309764897	0.0	0.023371966541	0.000110634375	0.007244265385
0.0	0.0	0.0	0.0	0.0	0.0	0.0	0.0	0.0	0.0	0.0	0.0	0.0	0.0	0.0	0.000615924372	0.0	0.002478375438	0.0	0.019652233547	0.001467505104	0.013225771591	0.0	0.023277266544	9.4827375e-05	0.007275483362
7.889544e-05	0.0	0.0	0.000503694811	0.0	0.0	0.0	0.004976039723	0.0	0.0	0.0	0.0	0.0	0.0	0.0	0.000599841263	0.0	0.016651552256	0.0	0.019716484933	0.001546354368	0.013257408442	3.1558488e-05	0.023313159456	0.0001106235	0.007145554036
0.00361339524	0.011104393014	0.004970383704	0.003471217233	0.001861915536	0.0360769271	0.002855973744	0.004894645093	0.000725843664	0.050499442397	0.002003892696	0.001452574252	0.003360949488	0.049359604898	0.00089940552	0.005256806763	0.003234714912	0.043809575854	0.00018935904	0.024879782849	0.00317166096	0.017165851781	0.001230784464	0.024984898588	0.0008692615	0.007368806782
0.000757389672	0.00018902581	9.4674528e-05	0.0	0.0	0.005034302231	0.0	0.0	0.0	0.003217244727	0.0	0.0	1.5779712e-05	0.002273006949	3.15588e-05	0.000378844313	0.0	0.007620907357	0.0	0.019779090499	0.001593705984	0.013158237665	3.1556928e-05	0.023391523575	0.000126439625	0.007197244959
0.00558597312	0.01116640786	0.005396547312	0.004686072072	0.002051273952	0.035967443454	0.00252473364	0.00730785303	0.000646951032	0.050548112097	0.002414250072	0.001468216504	0.003266338608	0.049392340038	0.000788965008	0.005460727022	0.003045379584	0.043713504971	0.000189347184	0.024657509127	0.003502993104	0.017251148693	0.001136111808	0.025108484063	0.000916636	0.00727271683
0.003786969888	0.011385730923	0.005349087432	0.003455479297	0.0019092528	0.035951581914	0.002808634608	0.005100810765	0.000678500784	0.050607511289	0.00192499164	0.001468084433	0.003313667136	0.049465697275	0.000930963696	0.005319881937	0.0031716048	0.043707721269	0.000189361536	0.02486287493	0.003108551472	0.017152771431	0.001246564176	0.025201291466	0.0009166585	0.007369221895
0.0	0.0	0.000110453616	0.0	0.0	0.000110360184	0.0	0.0	0.0	0.0	0.0	0.0	0.0	0.0	0.0	0.000442058367	0.0	0.002493840533	0.0	0.019619895982	0.001530612096	0.0131921371	3.155724e-05	0.023419701407	0.000110633625	0.007261293323
0.003739635432	0.011116794304	0.00533338884	0.003738685474	0.002003930136	0.036080064028	0.002666667744	0.005949878875	0.000710060832	0.050527905612	0.001909319256	0.00154649128	0.00325056576	0.049372701994	0.000725848032	0.00530352523	0.003140050368	0.043810159575	0.000205126272	0.024734200817	0.00345565896	0.017153599637	0.001167671232	0.025174600069	0.000900833875	0.007400312132
0.0	0.0	0.0	0.000204564829	0.0	0.0	0.0	0.001485290812	0.0	0.0	0.0	0.0	0.0	0.0	0.0	0.00058414355	0.0	0.007745597635	0.0	0.019670253561	0.001577910672	0.013273041373	4.7337576e-05	0.023311852693	0.0001106235	0.007193758309
0.003345150744	0.011117981289	0.004828395312	0.003407686099	0.002051305776	0.036141003226	0.0028875366	0.004941311877	0.00064694916	0.050622564262	0.002272165272	0.001389135286	0.003234693696	0.049222289885	0.000899420496	0.005208251627	0.002840260176	0.043774735281	0.000189348432	0.025007849673	0.003439928544	0.01734140286	0.001262331408	0.025091175675	0.000821850125	0.007352241151
0.0	0.0	0.0	0.0	0.0	0.0	0.0	0.0	0.0	0.0	0.0	0.0	0.0	0.0	0.0	0.000599442436	0.0	0.002509051575	0.0	0.020756248137	0.001499009616	0.013300076415	0.0	0.023450950139	0.00011063425	0.007159737119
0.000836284176	0.000189607829	0.00011045268	0.0	0.0	0.004812231426	0.0	0.0	0.0	0.003186660733	0.0	0.0	1.5779712e-05	0.002367302316	3.15588e-05	0.000410469001	0.0	0.007732321762	0.0	0.019637849703	0.001499056416	0.013144274851	3.155724e-05	0.023372689282	0.000126439375	0.00708615531
0.003392482392	0.011163267755	0.004828368168	0.003471177884	0.002098636488	0.036140241148	0.002887534728	0.004908599519	0.000773179056	0.050532275153	0.00228792564	0.001389662643	0.003218912736	0.049329645745	0.000915198336	0.005256380328	0.002887619904	0.043777972949	0.00018934656	0.024992198972	0.003392576928	0.017293103483	0.001262331408	0.025074763	0.000837658375	0.007400399347
0.004260406176	0.005477856783	0.00680081688	0.025746042757	0.002524648464	0.001373598941	0.005570078904	0.035296759531	0.007368752664	0.001846592378	0.000994071312	0.010196974018	0.000710050224	0.020614571327	0.00086785296	0.004340384035	0.003140022912	0.043661464712	0.0	0.022336145948	0.002903379648	0.017435653088	0.00126232392	0.024570755901	0.000837637	0.008062062569
0.0	0.0	9.4674528e-05	0.0	0.0	0.000126255762	0.0	0.0	0.0	0.0	0.0	0.0	0.0	0.0	0.0	0.000473748502	0.0	0.00247856792	0.0	0.019636320719	0.001546391808	0.013129528929	3.155724e-05	0.023312118519	0.00011063475	0.007244041493
0.003566055168	0.011037099437	0.00492304644	0.003455084919	0.001861920216	0.036028143045	0.002855977488	0.004941567906	0.00072583992	0.050500160273	0.002082790944	0.00145239933	0.00334516104	0.049201416781	0.000899403024	0.005193528406	0.00321895704	0.043792136615	0.000189360288	0.025038175069	0.003187437552	0.017247446837	0.001246559496	0.025108820645	0.000853459875	0.007353466586
0.000804726936	0.001924516346	7.889544e-05	0.0	0.0	0.025662010303	0.0	0.0	0.0	0.052549961555	0.000142012728	0.00020524529	1.5779712e-05	0.010005000128	0.0	0.002004863938	0.000583843728	0.008487430452	0.000347155536	0.047051542445	0.00225640896	0.013178211246	1.5778776e-05	0.028329356558	0.00011063475	0.008015693356
0.0	0.0	9.4673592e-05	0.0	0.0	6.3082287e-05	0.0	0.0	0.0	0.0	0.0	0.0	0.0	0.0	0.0	0.000663057723	0.0	0.002540843831	0.0	0.020838051522	0.001514776224	0.0132574567	0.0	0.023448561132	0.000110632625	0.007258131857
0.0	0.0	7.8894504e-05	0.0	0.0	0.012514513803	0.0	0.0	0.0	0.002035335349	0.0	0.0	0.0	0.001326286889	0.0	0.00097884792	0.000220909104	0.002855806238	0.00017357184	0.029456761001	0.00151476936	0.0131790992	0.0	0.025203755806	0.00012643875	0.007271733158
0.000788948784	0.000252904673	7.8894504e-05	0.0	0.0	0.014234359806	0.0	0.0	0.0	0.021496578763	0.0	0.0	1.5779712e-05	0.009988654235	1.5779712e-05	0.000978613338	0.000552269328	0.008188607967	0.000378714336	0.029391690215	0.001546328784	0.013194153174	1.5778464e-05	0.025140204509	0.00011063475	0.007416424705
0.003739634496	0.011477569154	0.005380687728	0.003518930837	0.002051301096	0.036043609735	0.002919099456	0.004894895037	0.000631171008	0.050468780609	0.00233526384	0.001357512501	0.003266259984	0.05319562382	0.0015147756	0.010921497105	0.003155890608	0.043711334098	0.000189348432	0.028098919926	0.003471413088	0.017138094758	0.00137278908	0.025361754967	0.000790241125	0.007383213166
0.0	0.0	0.0	0.0	0.0	0.0	0.0	0.0	0.0	0.0	0.0	0.0	0.0	0.0	0.0	0.00064722856	0.0	0.002477965261	0.0	0.019668248999	0.001562175264	0.013222928353	0.0	0.023295330834	0.00011062425	0.007275429492
0.000788945976	0.000204860436	9.4674528e-05	0.0	0.0	0.005033673684	0.0	0.0	0.0	0.003233172981	0.0	0.0	1.5779712e-05	0.002271832347	3.1558176e-05	0.000426251989	0.0	0.00757395471	0.0	0.019636699979	0.0015463812	0.013160412088	3.155724e-05	0.023341029093	0.000110634	0.007165579453
0.006516973944	0.013374898085	0.007274284056	0.006627202153	0.00727418016	0.037040865291	0.005112518112	0.029051327281	0.004859972208	0.050531101206	0.00238270032	0.001389292229	0.00323477232	0.049422541888	0.00080474472	0.005444938381	0.002903368416	0.043760214752	0.000189347184	0.025053467075	0.003455652096	0.017231004086	0.001167671232	0.025190961612	0.000869235375	0.007323506552
0.000788960016	0.000204893516	7.889544e-05	0.000299236781	0.0	0.004480840132	0.0	0.000994103021	0.0	0.003235043016	0.0	0.0	0.0	0.002396062316	0.0	0.000426683802	0.0	0.007543943227	0.0	0.019859821108	0.001514801184	0.013257488887	0.0	0.023515206894	0.000110626	0.007240958674
0.0	0.00132631687	6.3118224e-05	0.0	0.0	0.024634730058	0.0	0.0	0.0	0.025786152048	0.0	0.0	0.0	0.001294579693	0.0	0.001958928307	0.000189360288	0.003045817361	0.000189349056	0.047368024301	0.002145955968	0.013241518315	0.0	0.028233486675	0.000110634625	0.007935113516
0.004702275864	0.005099091621	0.007226882208	0.02563519909	0.002682428112	0.00126285049	0.00550691856	0.03550561054	0.006784949808	0.001704494834	0.00104141232	0.015879980204	0.000710050848	0.020725476267	0.000788956896	0.006866405509	0.00284023584	0.043821701235	1.5779088e-05	0.022383909187	0.003092716848	0.017327912481	0.001372770672	0.024588710784	0.000774415875	0.008048284158
0.0	0.0	0.0	0.0	0.0	0.0	0.0	0.0	0.0	0.0	0.0	0.0	0.0	0.0	0.0	0.000647423606	0.0	0.002462131028	0.0	0.019636680887	0.001467506976	0.013116678026	0.0	0.023308858673	7.90235e-05	0.007291590399
0.0	0.0	9.4673592e-05	0.0	0.0	7.88608e-05	0.0	0.0	0.0	0.0	0.0	0.0	0.0	0.0	0.0	0.000410738274	0.0	0.00249458344	0.0	0.019591274189	0.00157792128	0.013130049505	0.0	0.023309676734	0.0001264385	0.007276368951
0.0	0.001552014511	0.0	0.0	0.0	0.018749223244	0.0	0.0	0.0	0.002144387469	0.0	0.0	0.0	0.0	0.0	0.00184803705	0.00022091784	0.003329737816	0.000157791504	0.047268464531	0.00209863056	0.013241581275	1.5778776e-05	0.028327233879	0.000110634375	0.007921575737
0.002824479216	0.000220676095	9.4673592e-05	0.000473195114	0.0	0.00438733894	0.0	0.001532207809	0.0	0.003124914675	0.0	0.0	1.5778464e-05	0.00238024958	0.0	0.000474040296	0.0	0.008189694974	0.0	0.019731203378	0.0014990196	0.013209444495	0.0	0.023403142266	0.000110626	0.007258510311
0.003250474344	0.011167546629	0.00497047356	0.003534987722	0.002067086736	0.036076792891	0.002919106944	0.00497397472	0.000615392856	0.05053030124	0.002303716896	0.001389631324	0.00325049088	0.049264048934	0.000836302272	0.005224165804	0.002824504176	0.043646596962	0.000189348432	0.024864142576	0.003439839312	0.017408753801	0.001309682088	0.02517211901	0.000774439125	0.007353248622
0.000788947848	0.000268781779	7.889544e-05	0.0	0.0	0.012088230348	0.0	0.0	0.0	0.003929759532	0.0	0.0	1.5779712e-05	0.002526480511	1.5779088e-05	0.000631178374	0.0	0.007479048567	0.0	0.022698188085	0.00159368352	0.013229038333	1.5778776e-05	0.023641377196	0.00012643875	0.007258033086
