0.004890463344	0.0	0.003129814584	0.001247642467	0.000391231152	0.0	0.0	0.007725516409	0.0	0.000121759433	4.8903192e-05	0.00056273395	0.0	0.0	0.0	0.0	0.0	0.003886200494	0.0	0.004353090961	0.0	0.021475213933	0.000635748048	0.028101022744	0.0	0.010933097941
0.001760525208	0.0	0.0	0.0	0.0	0.0	0.0	0.0	0.0	0.0	0.0	0.0	0.0	0.0	0.0	0.0	0.0	0.002541340486	0.0	0.004232194551	0.0	0.021574028041	0.000611283192	0.028025132625	0.0	0.010932660298
0.012910853592	0.020328756918	0.012592984248	0.032950132341	0.012715038648	0.06471275007	0.01269044244	0.056185505749	0.012519245232	0.084909587924	0.011663573688	0.069423301204	0.008484888048	0.090968081571	0.001149227664	0.01017145013	0.006235264464	0.061342740208	0.0	0.027665837307	0.00364333944	0.053092668755	0.001418221896	0.038860104208	0.000734730125	0.019049698788
0.011076626808	0.017786030851	0.008215775568	0.007533492062	0.008313583824	0.053142361357	0.005379512112	0.016466983353	0.005208316776	0.07519922009	0.005868380232	0.008511043393	0.006112907424	0.071472960709	0.0	0.009363861233	0.004792448544	0.061327425774	0.0	0.027544193603	0.003472171248	0.052751767411	0.001418162304	0.03925764799	0.000808193625	0.017654554488
0.003080896416	0.000464532021	0.00139374144	7.3185429e-05	0.0	0.002053785697	0.0	0.002298853774	0.0	0.001101229349	0.0	0.0	0.0	0.0	0.0	0.0	0.0	0.002541435008	0.0	0.004279876627	0.0	0.021669656888	0.000562374384	0.028075079496	0.0	0.011008019273
0.003031990416	0.000684738759	0.001149221736	4.9255284e-05	4.8903192e-05	0.002126607036	0.0	0.0	0.0	0.000905557158	0.0	0.0	0.0	0.0	0.0	0.0	0.0	0.00254125063	0.0	0.004256010475	0.0	0.021574470647	0.000611283816	0.028050735988	0.0	0.010932463369
0.008533831176	0.002714551086	0.003839001192	0.001149940806	0.001809427464	0.010198095578	0.001956171672	0.00936587244	4.8903192e-05	0.006430657575	0.000391225536	0.003767487538	0.000391223664	0.006410510987	0.0	9.7795008e-05	4.8902256e-05	0.006552207208	0.0	0.004475874907	0.0	0.022696956734	0.000855784488	0.028269812538	0.0	0.011128634984
0.012617075016	0.018006663006	0.00941390424	0.006747291372	0.008582536872	0.053165667455	0.005135024232	0.012085720116	0.005354972064	0.075207017091	0.0058194864	0.008488388287	0.005917373904	0.071847305623	0.0	0.008923783626	0.004792505952	0.061448254645	0.0	0.027714662649	0.003423194112	0.052452241327	0.001491569352	0.038590499848	0.00080819075	0.018148880596
0.010905473592	0.017810798964	0.008117976672	0.006575956171	0.008240229504	0.052921161632	0.005428418112	0.012231027137	0.005183838504	0.075668187198	0.005868398016	0.007973644403	0.006699851184	0.071425133666	0.0	0.009535451185	0.00484134456	0.0614004674	0.0	0.02722656642	0.003545484384	0.05270574101	0.00146712696	0.039447544453	0.000734705	0.017508624242
0.00171160236	0.0	0.0	0.0	0.0	0.0	0.0	0.0	0.0	0.0	0.0	0.0	0.0	0.0	0.0	0.0	0.0	0.002639714566	0.0	0.004232828279	0.0	0.021547860564	0.00068465748	0.028020790573	0.0	0.010905754491
0.007604423424	0.002544776989	0.003887794872	2.4424931e-05	0.001858314744	0.010123414167	0.001931700888	0.002959953536	4.8905064e-05	0.006479458608	0.000220065768	0.003767806898	0.000537932304	0.006532061739	0.0	7.3361642e-05	0.0	0.006675866475	0.0	0.00450022171	0.0	0.022772353775	0.000855814128	0.028345917346	0.0	0.01086195677
0.006137352	0.000684573777	0.001222576992	0.000146966278	2.4453936e-05	0.002224642846	0.0	0.002448267447	0.0	0.000881014298	0.0	0.0	0.0	0.0	0.0	0.0	0.0	0.002640449995	0.0	0.004206485842	0.0	0.021673187595	0.000611277576	0.028077272191	0.0	0.010930334352
0.003423219696	0.000830921869	0.001638253656	0.0	0.0	0.003642938955	0.0	2.4652994e-05	0.0	0.001003530279	4.8903192e-05	0.0	0.0	0.0	0.0	0.0	0.0	0.002639808134	0.0	0.004353230755	0.0	0.021500133699	0.000684654048	0.028103061643	0.0	0.010907519569
0.00141818508	0.0	0.0	0.0	0.0	0.0	0.0	0.0	0.0	0.0	0.0	0.0	0.0	0.0	0.0	0.0	0.0	0.002541616607	0.0	0.004158550404	0.0	0.021594924416	0.000586844544	0.028120120929	0.0	0.010955769132
0.00322760412	0.000341936002	0.0015648984	0.0	0.0	0.002176015081	0.0	2.4374574e-05	0.0	0.001125111589	7.335432e-05	0.0	0.0	0.0	0.0	0.0	0.0	0.002590344755	0.0	0.004279804995	0.0	0.021523256092	0.000537931992	0.028199522056	0.0	0.010786753979
0.003056453712	0.000806753045	0.001295939736	0.0	2.4451128e-05	0.002762285453	0.0	0.0	0.0	0.000904693987	0.0	0.0	0.0	0.0	0.0	0.0	0.0	0.002542073949	0.0	0.004329254493	0.0	0.021716479296	0.000635748672	0.028124229054	0.0	0.010982400862
0.001540449144	0.0	0.0	0.0	0.0	0.0	0.0	0.0	0.0	0.00012173093	0.0	0.0	0.0	0.0	0.0	0.0	0.0	0.002590376035	0.0	0.004304664554	0.0	0.021474633606	0.000537932928	0.028197488238	0.0	0.010737821914
0.006969017016	0.001786015835	0.005037173856	0.002468349103	0.000464594832	0.002126896259	0.001051416288	0.012476946349	0.0	0.000904377367	0.0	0.000538056003	0.0	0.0	0.0	0.0	0.0	0.006235300595	0.0	0.004182153656	0.0	0.02183861056	0.000635756472	0.028270422855	0.0	0.011031257953
0.007702285968	0.008515457347	0.003838916952	7.3422157e-05	0.002102865336	0.021767635748	0.00215174232	0.002691279876	4.8903192e-05	0.011713880255	0.00036677628	0.00379166995	0.00029341728	0.006532770985	0.0	0.000831710155	0.001051456224	0.007114795163	0.000733565664	0.012114365087	0.0	0.022626848691	0.00085581444	0.031528874697	0.0	0.012132797578
0.008582491944	0.002494240661	0.00447463224	7.3422032e-05	0.002029476384	0.010049505677	0.00195617448	0.002471304247	2.4451128e-05	0.006163081412	0.00029341728	0.003768369009	0.000244515024	0.006680988925	0.0	4.8842592e-05	2.4453312e-05	0.006724421154	0.0	0.004451642465	0.0	0.022497590832	0.00100251528	0.02822029216	0.0	0.011081039118
0.00176051304	0.0	0.0	0.0	0.0	0.0	0.0	0.0	0.0	0.0	0.0	0.0	0.0	0.0	0.0	0.0	0.0	0.002566795031	0.0	0.00425510157	0.0	0.021524683935	0.000660192936	0.02795128925	0.0	0.010981400438
0.001393739568	0.0	0.0	0.0	0.0	0.0	0.0	0.0	0.0	0.0	0.0	0.0	0.0	0.0	0.0	0.0	0.0	0.002566837526	0.0	0.004329991082	0.0	0.021791969858	0.0004890288	0.028248939898	0.0	0.010957439905
0.007677795528	0.002642418806	0.003961155744	0.001099865506	0.001907236656	0.010050332685	0.001907258184	0.005433767101	4.8905064e-05	0.006627539314	0.000220064832	0.003841120132	0.000268966464	0.006678563676	0.0	2.4480631e-05	0.0	0.006750749451	0.0	0.004426646591	0.0	0.022625446311	0.00088024092	0.028320847891	0.0	0.010955332543
0.011076653016	0.017959062737	0.008215798032	0.006795256584	0.008166989376	0.052898586687	0.00567280584	0.011940302225	0.005599605024	0.075272557331	0.005966243712	0.00838972212	0.006039594288	0.071651830892	0.0	0.009461700172	0.005110452672	0.061275144305	0.0	0.027764867326	0.003349882224	0.052434836868	0.001662751584	0.038640116961	0.000759240125	0.017775248426
0.00762891948	0.00278721615	0.003838909464	4.8777357e-05	0.001760520528	0.010247752173	0.00193172616	0.002789289181	0.0	0.006234043987	0.000366774408	0.003743529432	0.00031786872	0.006461234822	0.0	7.3303524e-05	4.8902256e-05	0.006676027971	0.0	0.004450453648	0.0	0.022648549923	0.000880263072	0.028346712128	0.0	0.01098043844
0.012519324792	0.018081971432	0.009413943552	0.006626239178	0.008851544208	0.05296845318	0.00513501768	0.012183840544	0.005330570544	0.075417986741	0.005941741104	0.008562600975	0.005868432336	0.071743163786	0.0	0.008949096654	0.004890249312	0.061355483654	0.0	0.02783601299	0.0033987564	0.052723508582	0.001418170104	0.038420356139	0.000832677625	0.018147756306
0.010880997192	0.017956815871	0.008264667528	0.00662552271	0.008704793448	0.052815701924	0.005159458512	0.012280762967	0.005330549952	0.075810909968	0.005843938464	0.008512076081	0.00596625744	0.071695141938	0.0	0.009046242378	0.004939144704	0.061329515656	0.0	0.027811037306	0.003496625184	0.052579887891	0.001369270032	0.038567186407	0.000783706625	0.018000174034
0.0075068838	0.00941998651	0.008240373648	0.029181270106	0.007677922824	0.015286305996	0.009095978736	0.056025870695	0.012568062312	0.016243441799	0.004792567104	0.065262471368	0.001687196784	0.047577614098	0.000464579856	0.010758730883	0.006259675968	0.061278232682	0.0	0.025810798809	0.003276531648	0.053215223984	0.001418205048	0.039103638928	0.000783714625	0.017757689214
0.00765337248	0.002641863588	0.003887813592	2.427932e-05	0.001784971656	0.010073888948	0.001882822968	0.002764186702	7.3357128e-05	0.006504197464	0.000366774408	0.003743113827	0.00036676224	0.006386352935	0.0	7.3340728e-05	4.8902256e-05	0.006726586918	0.0	0.004451436095	0.0	0.02259800566	0.00088024716	0.028371467482	0.0	0.011054428082
0.003080892672	0.000855466041	0.001467092952	0.0	0.0	0.003349486152	0.0	4.9211317e-05	0.0	0.001172972295	7.3353384e-05	0.0	0.0	0.0	0.0	0.0	0.0	0.002663858461	0.0	0.004230981137	0.0	0.021573925942	0.00051349272	0.028124231552	0.0	0.010861600391
0.007775589744	0.002859987386	0.003961149192	9.8121149e-05	0.001907219808	0.010442044322	0.00198061344	0.002887081945	4.8905064e-05	0.006602649183	0.000244517832	0.003816933606	0.000440130288	0.006702537094	0.0	4.8983837e-05	0.0	0.006700402203	0.0	0.004475990709	0.0	0.022648356825	0.00088025028	0.028470801003	0.0	0.010957404857
0.011076587496	0.01962233692	0.008240200488	0.006772155428	0.008118095544	0.052854274976	0.005966254008	0.012091411583	0.005550642864	0.075383932096	0.005746190112	0.008414904322	0.006015142224	0.071593958601	0.0	0.00992669403	0.005110482	0.061398688084	0.0	0.027690403774	0.003374390448	0.052434701258	0.00166276188	0.038717255213	0.000783739375	0.017901737826
0.00168715872	0.0	0.00014670864	0.000122321102	0.0	0.0	0.0	0.002375354698	0.0	0.000121759501	0.0	0.0	0.0	0.0	0.0	0.0	0.0	0.00259110685	0.0	0.004353538056	0.0	0.021474933183	0.000586829256	0.02817189912	0.0	0.010981759495
0.003447664272	0.000537958486	0.001662703848	0.0	0.0	0.0021515166	0.0	2.4302187e-05	0.0	0.000954726101	2.4451128e-05	0.0	0.0	0.0	0.0	0.0	0.0	0.002615271697	0.0	0.004207326184	0.0	0.021547661625	0.000684647808	0.028047701751	0.0	0.010906470325
0.002983095648	0.000954164356	0.001247030928	0.0	7.3355256e-05	0.004549121536	0.0	0.0	0.0	0.000979212528	0.0	0.0	0.0	0.0	0.0	0.0	0.0	0.002541814187	0.0	0.004891804332	0.0	0.021672285741	0.000660203232	0.028489005128	0.0	0.010954536133
0.007800068952	0.017148261748	0.003863354976	2.44128e-05	0.002151754488	0.024040331514	0.002029497912	0.002691095347	4.8903192e-05	0.0214012458	0.001026972648	0.003696112632	0.000513479616	0.007048209674	0.0	0.001415951478	0.001026989808	0.008925879111	0.000733562544	0.024515233755	0.000611300976	0.022721153368	0.000806916552	0.037612838725	0.0	0.014257592993
0.005379545808	0.003986835204	0.0082648332	0.008776952052	0.004474741752	0.001859696419	0.004303476216	0.044152082833	0.00674861616	0.000929078978	0.001320384312	0.020354629202	0.000537932928	0.004478304444	0.0	0.000586506891	2.4453312e-05	0.057777696934	0.0	0.004623091229	0.002689692096	0.039422079824	0.000611295984	0.035730834696	0.0	0.012351539978
0.010905913512	0.018150574384	0.008167218696	0.008145098488	0.008558266392	0.052776304134	0.005134993344	0.0194185891	0.005428354464	0.075789244371	0.005770590696	0.008561361778	0.005966209392	0.07169780759	0.0	0.009168498781	0.004865798496	0.061473804397	0.0	0.027788945159	0.003496642656	0.052558946558	0.001442622792	0.038568431548	0.0008081785	0.017928279027
0.011247857712	0.020332997504	0.008289181368	0.006990321071	0.008411502528	0.052999442237	0.005281614936	0.012189115749	0.00518383008	0.075268235425	0.005966276472	0.008609700326	0.005844017088	0.071545253529	0.0	0.020586113691	0.006479856864	0.07281445243	0.001247080224	0.043816458018	0.003985754448	0.052680387669	0.00144267708	0.045461143127	0.00078373375	0.018828228785
0.007800037128	0.005042162415	0.004083408576	4.87436e-05	0.002225099448	0.017389363695	0.001882795824	0.002789970978	4.8903192e-05	0.006627013114	0.000268966152	0.003865445531	0.0002445144	0.006752131011	0.0	4.8983837e-05	4.8904752e-05	0.006576116002	0.0	0.005087835397	0.0	0.022724297783	0.000929177808	0.028904711363	0.0	0.01090631236
0.011174433192	0.018007556926	0.00819132444	0.007040580953	0.00821576808	0.052854805683	0.005403946392	0.012476787545	0.00537951492	0.075201114041	0.006161820912	0.007704479078	0.006528644928	0.071280244874	0.0	0.009559748161	0.004939335024	0.061326343057	0.0	0.027394854713	0.003325429536	0.052651689749	0.001442668032	0.039252402773	0.000759211	0.017342025237
0.001393745184	0.0	0.0	0.0	0.0	4.8999454e-05	0.0	0.0	0.0	0.0	0.0	0.0	0.0	0.0	0.0	0.0	0.0	0.002517770643	0.0	0.004378188273	0.0	0.021716729	0.000635748984	0.028121105495	0.0	0.010982091164
0.01088100468	0.033560467627	0.008264671272	0.006748418148	0.008215979616	0.053113406775	0.005746199472	0.012302712872	0.005428351656	0.075967182825	0.005770626264	0.008588839933	0.006112936752	0.071741407831	0.0	0.027415911391	0.006773258544	0.088213516967	0.001051453728	0.073486770072	0.00696884448	0.052507495339	0.001564956744	0.055779120237	0.00080823125	0.024160841681
0.011125837944	0.017763543715	0.00831381876	0.009412099795	0.008313685848	0.053074176184	0.005330607048	0.020791447136	0.005257219968	0.075350502423	0.005941739232	0.008708308847	0.0058194864	0.071450604644	0.0	0.009217385958	0.004817003568	0.061430182271	0.0	0.027421228346	0.00347216376	0.052679737806	0.00141819132	0.039082243597	0.000783701625	0.017678646046
0.003276522288	0.000611033982	0.001589355144	0.0	0.0	0.002175868307	0.0	4.9330346e-05	0.0	0.001052226054	7.335432e-05	0.0	0.0	0.0	0.0	0.0	0.0	0.002590233184	0.0	0.004304222533	0.0	0.021646706889	0.000537931992	0.028248168571	0.0	0.010859015428
0.012348617112	0.020186081953	0.012519794664	0.01329970251	0.012543979968	0.060972384658	0.012348111672	0.051496831557	0.012788208576	0.081777442871	0.01004978052	0.049240852772	0.006015205872	0.071600038742	0.0	0.009389254568	0.0050860992	0.061394834334	0.0	0.027689012633	0.003374394192	0.052623777504	0.001638273936	0.038639800121	0.000783706625	0.017950400155
0.001711617336	0.0	0.0	0.0	0.0	0.0	0.0	0.0	0.0	0.0	0.0	0.0	0.0	0.0	0.0	0.0	0.0	0.002614668932	0.0	0.004206630784	0.0	0.021397077282	0.000733550376	0.028024072966	0.0	0.01100763182
0.005452985304	0.000611928057	0.004719303576	0.003251145334	0.001687227984	0.0	0.001369287504	0.024899874333	0.0	0.000170993761	0.0	0.003132811781	4.890288e-05	0.000978155286	0.0	0.0	4.8902256e-05	0.015578804235	0.0	0.004598572296	0.0	0.023773137813	0.0005868486	0.028194893902	0.0	0.011031076686
0.007506994248	0.006212345416	0.008093771712	0.009857418819	0.006944388048	0.008731612824	0.004425732792	0.051586010919	0.0119078856	0.004844795879	0.00283639356	0.047557157383	0.001002528384	0.006436115955	0.0	0.004474267508	0.000464609808	0.061348967167	0.0	0.014016522037	0.003423285216	0.039425747245	0.001002525264	0.037686671406	0.0	0.01621576275
0.011614882032	0.019622784895	0.012617440056	0.011563013803	0.012641682456	0.05397612016	0.009071589384	0.045554666606	0.012299184144	0.075641118506	0.005819635224	0.010423268512	0.005795148528	0.071307636795	0.0	0.00902179227	0.004743715392	0.061273311581	0.0	0.027566550356	0.003594425952	0.05282534334	0.001442672088	0.039006066891	0.000759224	0.017876238234
0.003056444352	0.00044033957	0.001173676608	0.0	4.8903192e-05	0.002077865941	0.0	0.0	0.0	0.000978840778	0.0	0.0	0.0	0.0	0.0	0.0	0.0	0.002591118269	0.0	0.004255257591	0.0	0.021549834292	0.000635735568	0.028000204978	0.0	0.010957493982
0.010881002808	0.018080800575	0.008240223888	0.006624029981	0.00816687144	0.052899414999	0.005648508216	0.01237853184	0.00533065104	0.075689224945	0.005892902496	0.008561543641	0.006064049472	0.071521318431	0.0	0.009363533438	0.005086034928	0.061400718991	0.0	0.0277142625	0.00339876264	0.052552003542	0.001638297024	0.03868844481	0.0008082095	0.017753619331
0.010978831656	0.017909392265	0.0082157868	0.008116707263	0.008191480752	0.052967874627	0.0055506438	0.018178427839	0.005306059512	0.075522509659	0.0058439394	0.008048679855	0.00628407312	0.071448135478	0.0	0.009511229624	0.004988055072	0.061301455181	0.0	0.027543692643	0.003374372976	0.052848944419	0.001515967752	0.039033169879	0.000759214625	0.017509714564
0.007482408336	0.008410418438	0.008362633032	0.009809165481	0.00696878676	0.010661610293	0.004499086176	0.051693625993	0.011810070792	0.005650893792	0.00276301584	0.043560759933	0.000904733856	0.00655702922	0.0	0.004302832579	0.000293436	0.061475795388	0.0	0.013967698474	0.00369223296	0.039518464637	0.00107587896	0.037686600395	0.0	0.016240399729
0.011076636168	0.018051766874	0.008191330992	0.006650783057	0.008191328184	0.052850331953	0.005575191336	0.01242534943	0.005110472952	0.075370631381	0.005746129272	0.007999348305	0.006186327888	0.071495558617	0.0	0.00951149595	0.005012502768	0.061400918863	0.0	0.027446072228	0.0033743268	0.052626041414	0.001589342352	0.038909236017	0.00075921475	0.017627829816
0.008582721264	0.006654907011	0.011174655024	0.004327802335	0.00344771856	0.009927454179	0.002616315624	0.015212675695	4.8905064e-05	0.006528163136	0.000244516896	0.004036183974	0.000244515024	0.006678631844	0.0	2.4491768e-05	4.8904128e-05	0.007286679884	0.0	0.004500426447	0.0	0.02282016175	0.000880266816	0.028367154335	0.0	0.011054471446
0.00760443372	0.004622663418	0.003912247872	2.44098e-05	0.001858330656	0.014306388058	0.0019561464	0.002862634829	4.8902256e-05	0.006700252766	0.000464582664	0.003620906648	0.00051348336	0.006533420199	0.0	9.7801064e-05	2.445144e-05	0.006406966856	0.0	0.004500492078	0.0	0.022698292755	0.00080691624	0.0283933135	0.0	0.010982144491
0.006626569248	0.000538376648	0.0016138044	0.000244983297	0.0	0.002077682166	0.0	0.005992861863	0.0	0.001100483671	4.8903192e-05	0.00036706514	0.0	0.0	0.0	0.0	0.0	0.003911764888	0.0	0.004329175173	0.0	0.02147517193	0.000586830504	0.028148816739	0.0	0.01098123584
0.005403981024	0.003253178353	0.008020296648	0.006944989027	0.001956166056	0.000244821618	0.00425457396	0.034908863741	0.005452687656	0.000195489406	2.4451128e-05	0.00565182841	0.0	0.003646100287	0.0	0.00048961821	0.0	0.038382975299	0.0	0.004648344103	0.002518538256	0.030008222263	0.000782455752	0.02831842246	0.0	0.011887031725
0.009340759584	0.008829145642	0.01251955224	0.011176047615	0.008118075888	0.019979959026	0.00706650048	0.051423157349	0.012641415696	0.011151655776	0.003276530712	0.043197854419	0.001198143024	0.008762540897	0.0	0.004326837954	0.000391244256	0.061541206325	0.0	0.013820236822	0.003349890336	0.039520163895	0.001051431264	0.037957914246	0.0	0.015850754489
0.008509146984	0.002447499691	0.004474638792	7.3303247e-05	0.001980578808	0.010147778007	0.00198063216	0.002642751969	2.4451128e-05	0.006137879808	0.00031787028	0.003840021685	0.000244511904	0.00665360601	0.0	4.8869053e-05	0.0	0.006677024589	0.0	0.004598392986	0.0	0.02269383541	0.000953606472	0.028174342656	0.0	0.011078852174
0.003545486568	9.7703861e-05	7.335432e-05	0.000147442981	0.0	0.0	0.0	0.002520981643	0.0	0.000121938719	0.0	0.0	0.0	0.0	0.0	0.0	0.0	0.002591035319	0.0	0.004231956464	0.0	0.021599385757	0.000513472128	0.028148300809	0.0	0.011006080055
0.007506623592	0.002543890139	0.003887794872	7.3352544e-05	0.001882767744	0.010292708441	0.001931719608	0.002593270585	0.0	0.00628392492	0.000268968024	0.003767053197	0.00024451128	0.00670318793	0.0	4.8850282e-05	0.0	0.006602145	0.0	0.004426724114	0.0	0.022649232868	0.000831344592	0.028220232008	0.0	0.011030032617
0.001736077824	9.7661086e-05	0.0	0.0	0.0	2.4637837e-05	0.0	0.0	0.0	0.000463267744	0.0	0.0	0.0	0.0	0.0	0.0	0.0	0.002908784456	0.000171173184	0.011210386821	0.0	0.021526296444	0.000684648432	0.031233516072	0.0	0.01183724746
0.010856550744	0.020134390713	0.008191320696	0.006601976403	0.008166947256	0.052806905354	0.00550170972	0.012307767732	0.005134937184	0.075642962381	0.006112947672	0.008023857701	0.006406374624	0.071300878212	0.0	0.009974752776	0.00489047832	0.061205852609	0.0	0.029479063397	0.003325530624	0.052749533894	0.001467141624	0.03986107753	0.0007102575	0.017437336994
0.009585408456	0.010129061528	0.012568635144	0.028886520276	0.008240373648	0.024875303091	0.009585006912	0.055802102731	0.0128614824	0.022379158082	0.004254617952	0.06537371721	0.001662756576	0.047699150395	0.000342322032	0.010831720196	0.0063575616	0.061419371922	0.0	0.025932340687	0.00342328272	0.053387385817	0.00161381064	0.038371013078	0.000808194375	0.018193040875
0.01102803156	0.018715000341	0.012495177864	0.01056294817	0.008142570072	0.052726499253	0.005550533352	0.024678883539	0.005208243768	0.075763802054	0.00577058508	0.008049671356	0.006332976	0.071278589043	0.0	0.009535948078	0.0049881312	0.061252283783	0.0	0.027447866251	0.003325472592	0.052680870379	0.001540470048	0.038981609899	0.000759204875	0.017633627764
0.003080905776	0.0003668996	0.001467102312	0.0	0.0	0.002077464466	0.0	4.9076322e-05	0.0	0.001124884516	4.8903192e-05	2.4305043e-05	0.0	0.0	0.0	0.0	0.0	0.002639926682	0.0	0.004328686377	0.0	0.021670585036	0.000489031296	0.028150782526	0.0	0.010764800537
0.007506650736	0.002618415492	0.003863354976	7.3339255e-05	0.001736070336	0.010320617894	0.001907270352	0.002666067393	4.8903192e-05	0.005866487354	0.000342321408	0.00381684498	0.000317869344	0.006484134526	0.0	7.3266036e-05	4.8902256e-05	0.00662850054	0.0	0.004549906514	0.0	0.022720848034	0.000904717632	0.028369058465	0.0	0.011104588121
0.003129802416	0.000489107718	0.001320388056	0.0	0.0	0.00207796229	0.0	0.0	0.0	0.001101194209	0.0	0.0	0.0	0.0	0.0	0.0	0.0	0.0025423428	0.0	0.004255123962	0.0	0.02156990385	0.000537936984	0.028149372303	0.0	0.01098059635
0.00141818508	0.0	0.0	0.0	0.0	4.899956e-05	0.0	0.0	0.0	0.0	0.0	0.0	0.0	0.0	0.0	0.0	0.0	0.002542471637	0.0	0.004206305288	0.0	0.021694735052	0.000611292552	0.028101432798	0.0	0.01083389095
0.004327941384	0.003744332895	0.003692199888	0.0	0.0	0.005967080423	0.0	4.9290522e-05	0.0	0.007067051056	0.000440133408	0.0	0.0	0.0	0.0	0.000441377018	0.0	0.004864351637	0.000195620256	0.022139652345	0.0	0.021648116936	0.000611300664	0.03704706315	0.0	0.014158604809
0.007922306808	0.00266499592	0.004205666088	4.887586e-05	0.001956124872	0.01024573702	0.001931719608	0.0024709711	4.8903192e-05	0.006185004126	0.000268968024	0.003766697713	0.000220064832	0.006876414855	0.0	4.8842592e-05	0.0	0.006724987828	0.0	0.004428074427	0.0	0.022623648287	0.001002509664	0.028317737143	0.0	0.011028187223
0.011174458464	0.018004185316	0.0083135988	0.006554184319	0.008533678608	0.052950722414	0.00525727332	0.012353232624	0.00533059488	0.075766000985	0.005795101728	0.008658716317	0.005941789776	0.071867064836	0.0	0.008948694647	0.004670407872	0.061383421007	0.0	0.027833935059	0.003667751568	0.052555627946	0.001467121032	0.038714837556	0.00075921825	0.018145582333
0.0031297968	0.000586701534	0.001369286568	0.0	0.0	0.002101908835	0.0	0.0	0.0	0.001198988016	0.0	0.0	0.0	0.0	0.0	0.0	0.0	0.002565693882	0.0	0.004158149589	0.0	0.021594685971	0.000586841424	0.028097506573	0.0	0.010955989592
0.00760468644	0.008659571734	0.008338194072	0.029204400065	0.00777570768	0.013329376321	0.009144889416	0.055897059497	0.012592526544	0.014335605522	0.004230143424	0.073364639437	0.001760587296	0.047772518804	0.00061128912	0.010441989123	0.006186328512	0.06141836145	0.0	0.025757746575	0.003667799616	0.053045653633	0.001467118224	0.038516133188	0.000783713125	0.018339466133
0.001467088272	0.0	0.0	0.0	0.0	2.4532306e-05	0.0	0.0	0.0	0.000121747145	0.0	0.0	0.0	0.0	0.0	0.0	0.0	0.002663872694	0.0	0.004819250641	0.0	0.021550068789	0.000513493032	0.028758484665	0.0	0.010861959639
0.003105360648	0.000366701355	0.001515999888	0.0	0.0	0.002151457066	0.0	2.4691906e-05	0.0	0.001101543688	4.8903192e-05	0.0	0.0	0.0	0.0	0.0	0.0	0.002566804598	0.0	0.004231224998	0.0	0.02159870003	0.000562383432	0.028344611512	0.0	0.010784436267
0.003129800544	0.000537932813	0.001295930376	0.0	0.0	0.002175729722	0.0	0.0	0.0	0.001148428864	0.0	0.0	0.0	0.0	0.0	0.0	0.0	0.002542272139	0.0	0.004205912124	0.0	0.021693766024	0.000611290056	0.028103177568	0.0	0.010833699254
0.007042376952	0.005871243343	0.00811822284	0.008701480628	0.004597015176	0.004206164463	0.004572438624	0.044545369769	0.00687086712	0.001613898407	0.001124771544	0.015954911538	0.000293417904	0.004528015408	0.0	0.000415404221	4.8906624e-05	0.057830108028	0.0	0.004891939219	0.00276309072	0.039520167614	0.000733557864	0.03546093284	0.0	0.012252248525
0.007164521208	0.002592420211	0.00552615336	0.003278258947	0.001540490328	0.002126715908	0.002102833512	0.025192370002	0.0	0.001099833131	4.8903192e-05	0.002887243908	0.0	0.000929111212	0.0	0.0	2.4453312e-05	0.015724153893	0.0	0.004525187047	0.0	0.02340609447	0.000660201048	0.028391901441	0.0	0.011006527203
0.010881006552	0.017562210881	0.008093513376	0.006578436966	0.0082646694	0.053070610541	0.005403941712	0.011889842358	0.00513499896	0.075884828286	0.005843922552	0.008243456764	0.006381962496	0.071444866041	0.0	0.009461493237	0.004767995232	0.061179422135	0.0	0.027469579223	0.00354549	0.052775639817	0.00139372272	0.039325678287	0.000710231	0.017632520746
0.01085658912	0.018100218414	0.008191345032	0.00679949509	0.008191433952	0.052826548749	0.00542836944	0.012429117525	0.005306166216	0.075765483418	0.006333037776	0.00780418819	0.0064552956	0.07147147195	0.0	0.009486670423	0.004890438384	0.061518561047	0.0	0.027400526343	0.003423337632	0.05279839794	0.001393785432	0.03920253659	0.000734755625	0.017461399502
0.007751139552	0.002811189902	0.003912246936	4.8995115e-05	0.001809413424	0.010050825293	0.001907278776	0.00273987317	4.8907872e-05	0.006723353484	0.000342324216	0.003767185978	0.000342320784	0.006337333733	0.0	7.3303524e-05	2.4450816e-05	0.006601858449	0.0	0.004378596755	0.0	0.022621363852	0.000880268688	0.028292907462	0.0	0.011076860408
0.003007539288	0.000415567406	0.001369286568	0.0	0.0	0.002078301376	0.0	0.0	0.0	0.001101113122	0.0	0.0	0.0	0.0	0.0	0.0	0.0	0.002566788885	0.0	0.00432973717	0.0	0.021791112005	0.000489029424	0.028199421726	0.0	0.01093353517
0.00144264276	0.0	0.0	0.0	0.0	0.0	0.0	0.0	0.0	0.0	0.0	0.0	0.0	0.0	0.0	0.0	0.0	0.002541465724	0.0	0.004279742273	0.0	0.021670011259	0.000562386552	0.028075288523	0.0	0.011008089681
0.008509496112	0.005551410312	0.005819682024	0.002861976108	0.003423289896	0.010270549455	0.001980633096	0.012254700055	4.8905064e-05	0.006285021342	0.000317871216	0.003842109564	0.00026896584	0.006557031729	0.0	7.3266036e-05	0.0	0.007238388291	0.0	0.004451293201	0.0	0.022748734386	0.000880268688	0.028320959726	0.0	0.011003606531
0.00146710044	0.0	0.0	0.0	0.0	0.0	0.0	0.0	0.0	0.000121981401	0.0	0.0	0.0	0.0	0.0	0.0	0.0	0.002542403876	0.0	0.004255761659	0.0	0.021622193719	0.000562380936	0.028344455506	0.0	0.010808951165
0.003129819264	0.001002284229	0.001442640888	0.0	2.4452064e-05	0.005575809976	0.0	0.0	0.0	0.002198875411	7.3353384e-05	0.0	0.0	0.0	0.0	0.0	0.0	0.002811437114	0.000195626496	0.011157054683	0.0	0.021622717051	0.000513486792	0.031454001563	0.0	0.011887873843
0.007555526784	0.002643275456	0.003838892616	0.000439893238	0.001784963232	0.010196640814	0.001980625608	0.003058982447	9.7808256e-05	0.006554622898	0.00036677628	0.003791162107	0.000366762864	0.006410747525	0.0	7.330324e-05	2.4450816e-05	0.006650976985	0.0	0.00455034098	0.0	0.022842917212	0.000831346776	0.028418341244	0.0	0.011031188529
0.008729441136	0.007582179924	0.012592904688	0.009828885449	0.006699857112	0.012373647051	0.006993144288	0.048657327085	0.00965833596	0.007456025257	0.001002513096	0.0157798677	0.000244515648	0.006629725253	0.0	0.000342434523	2.4453312e-05	0.057850590915	0.0	0.004818977297	0.003472155648	0.039350607089	0.00107588052	0.035634066776	0.0	0.012570268857
0.007922325528	0.003718699708	0.00405896868	0.0	0.001980603144	0.011075929733	0.001931699952	0.002715621188	2.4453936e-05	0.00628669372	0.000268966152	0.003792551204	0.0002445144	0.006825174662	0.0	4.8913064e-05	0.0	0.006775480671	0.0	0.004524441312	0.0	0.022575186158	0.000953627064	0.028322131926	0.0	0.010981084797
0.001393739568	7.3275744e-05	0.0	0.0	0.0	7.3517714e-05	0.0	0.0	0.0	0.00051231403	0.0	0.0	0.0	0.0	0.0	0.000513751353	0.0	0.004840201031	0.00014671488	0.022340302267	0.0	0.02167202256	0.000635748984	0.036727126976	0.0	0.014305105788
0.011101073256	0.017861835551	0.008215771824	0.006916581639	0.008191314144	0.052877170573	0.005428403136	0.012503581748	0.005232795048	0.075131150994	0.00599066676	0.007756156087	0.006675425328	0.071249161996	0.0	0.009631293493	0.004865971968	0.06137906009	0.0	0.02739510828	0.003374332416	0.052727917467	0.001467127584	0.03930138073	0.000783705625	0.01729336837
0.011149976448	0.017861084974	0.008191321632	0.006843716075	0.008215767144	0.053019874337	0.005550640992	0.012307179481	0.005306096016	0.07520248848	0.005917299336	0.008025395159	0.006210773088	0.071546117716	0.0	0.009510635049	0.005036977296	0.061424912494	0.0	0.02739700788	0.00332541144	0.052626019343	0.001589340792	0.038985198787	0.0007837035	0.017458996836
0.00753109344	0.004232626187	0.003838902912	9.7714887e-05	0.00176050836	0.012151758401	0.001907234784	0.002519823609	2.4452064e-05	0.005794942867	0.000342324216	0.003742096113	0.00029341728	0.006485608699	0.0	4.8894008e-05	2.4450816e-05	0.006699862354	0.0	0.004500488508	0.0	0.022748836453	0.000904721376	0.028171940496	0.0	0.011101408948
0.003496570272	0.000415913107	0.001736059104	0.0	0.0	0.002126928418	0.0	0.0	0.0	0.000880500593	2.4452064e-05	0.0	0.0	0.0	0.0	0.0	0.0	0.002590691961	0.0	0.004378111045	0.0	0.021619757676	0.000709092384	0.027930692455	0.0	0.011005593078
0.004132530792	0.0	0.000146709576	0.000220298079	2.4453936e-05	0.0	0.0	0.006092776007	0.0	0.0	0.0	0.0005137795	0.0	0.0	0.0	0.0	0.0	0.003912257784	0.0	0.004182242615	0.0	0.02169246157	0.00063572964	0.02805028191	0.0	0.010956330216
0.001589352336	0.0	0.0	2.452251e-05	0.0	0.0	0.0	0.0	0.0	0.00012168827	0.0	0.0	0.0	0.0	0.0	0.0	0.0	0.002615531448	0.0	0.004255390553	0.0	0.021552007766	0.000562381872	0.028053950376	0.0	0.010858894713
0.00317869812	0.000611531143	0.001540447272	7.3259088e-05	0.0	0.002126717803	0.0	9.8324395e-05	0.0	0.001101386656	4.8903192e-05	0.0	0.0	0.0	0.0	0.0	0.0	0.002615537838	0.0	0.004255098576	0.0	0.021552160354	0.000562382496	0.02807750331	0.0	0.010857947883
0.011149966152	0.018275915894	0.008362479528	0.006699716229	0.008460364536	0.052806408989	0.005257204992	0.012160392022	0.005257206864	0.075519603313	0.005844038616	0.008732792002	0.00586848288	0.071668919766	0.0	0.008996908809	0.00471927144	0.061345837605	0.0	0.027741074252	0.00364337688	0.052580958433	0.001467133824	0.038735930685	0.00083271475	0.018020711007
0.011101122864	0.018052297524	0.008484777288	0.006724184199	0.00850921812	0.05299959356	0.00515945664	0.012063394323	0.005428400328	0.075479411043	0.005819549112	0.008489238857	0.00594180912	0.071916745777	0.0	0.008899369137	0.004694805648	0.061424884981	0.0	0.027812083906	0.003643266432	0.052676222782	0.001442668968	0.038637011492	0.000808206	0.018169002649
0.007579981656	0.002909406936	0.003814441488	0.000441141801	0.001736062848	0.010319510015	0.001931725224	0.004916354249	2.4451128e-05	0.006260531547	0.000293420088	0.003816413217	0.000220063584	0.00663075224	0.0	4.8869016e-05	0.0	0.006651910663	0.0	0.004452833263	0.0	0.022674647947	0.000831334608	0.028295513615	0.0	0.011003423855
0.011981683584	0.020228658298	0.01247073516	0.012300096325	0.012543938784	0.056860736792	0.009976303584	0.048806404945	0.012641488704	0.078676244117	0.00938961972	0.019449791407	0.00643085976	0.07159833187	0.0	0.009560089532	0.004914879216	0.061449579184	0.0	0.027542758071	0.00339882192	0.052657058636	0.001442663352	0.039156848109	0.000759217125	0.01748732368
0.006920015544	0.001858208962	0.003227615352	0.001223848828	0.000366789384	0.002053116675	0.0	0.007876471792	0.0	0.001271694993	7.335432e-05	0.000440944959	0.0	0.0	0.0	0.0	0.0	0.003741264599	0.0	0.004207051194	0.0	0.021599117937	0.000513490536	0.028199633211	0.0	0.010957393078
0.007091180928	0.004647962268	0.007751319264	0.00709040693	0.002151788184	0.002591244867	0.004010054256	0.035305080035	0.005379328656	0.001199354768	7.335432e-05	0.005310297504	0.00017116008	0.003621327093	0.0	0.00034201546	2.4453312e-05	0.038233083149	0.0	0.004574016443	0.002274013248	0.030081854309	0.000684650616	0.028393102465	0.0	0.011838189913
0.001784964168	0.0	0.0	9.7906601e-05	0.0	0.0	0.0	7.3097817e-05	0.0	0.0	0.0	0.0	0.0	0.0	0.0	0.0	0.0	0.002567040464	0.0	0.004206810915	0.0	0.02162465248	0.000611286312	0.028078485647	0.0	0.010929535326
0.007653327552	0.002934345986	0.003863342808	2.4424729e-05	0.001907231976	0.010488963401	0.001858338144	0.002911938306	7.3359936e-05	0.006502025615	0.000268967088	0.003668752403	0.000537932304	0.00651048869	0.0	7.3365197e-05	2.4450816e-05	0.006627093684	0.0	0.004451351026	0.0	0.02262667387	0.000855813192	0.028369664512	0.0	0.010934535626
0.001687169952	0.0	0.0	0.0	0.0	0.0	0.0	0.0	0.0	0.0	0.0	0.0	0.0	0.0	0.0	0.0	0.0	0.002591166311	0.0	0.004427792959	0.0	0.021620621156	0.000709094568	0.027929492206	0.0	0.011005721935
0.011272705704	0.019400204269	0.012544246728	0.010832002137	0.0117859716	0.052824039396	0.007531128072	0.042002485847	0.005575056552	0.075201294279	0.00577071612	0.009099766359	0.005990760672	0.071627566321	0.0	0.009388551077	0.004841458128	0.061447947282	0.0	0.027615600981	0.00334993152	0.052536901676	0.001589381976	0.038692074821	0.000783708625	0.017998790524
0.007628881104	0.002470956347	0.003838890744	0.0	0.001833865488	0.010293701849	0.001931703696	0.002765096514	7.3357128e-05	0.006504381119	0.000220065768	0.00364542354	0.000537944784	0.006703056791	0.0	7.3369029e-05	2.4450816e-05	0.006627160091	0.0	0.004427089952	0.0	0.022625606275	0.0008558082	0.028564308854	0.0	0.010906553025
0.00144264276	0.0	0.0	0.0	0.0	0.0	0.0	0.0	0.0	0.0	0.0	0.0	0.0	0.0	0.0	0.0	0.0	0.002517875256	0.0	0.00425561668	0.0	0.021545030548	0.000537936984	0.028147960701	0.0	0.010980607146
0.003398762952	0.000513324084	0.001736059104	0.0	0.0	0.002200299003	0.0	0.0	0.0	0.000905000275	2.4452064e-05	0.0	0.0	0.0	0.0	0.0	0.0	0.002639025935	0.0	0.004206297179	0.0	0.021372607918	0.000709098936	0.028001343199	0.0	0.011032575435
0.008509493304	0.007412987534	0.011370450312	0.007994849615	0.006846637824	0.011151861132	0.006870887712	0.04136827017	0.007946737344	0.0060879853	0.000342322344	0.005896152279	0.000268966464	0.006533147453	0.0	0.000439847587	0.0	0.038135687655	0.0	0.004500285829	0.002665245024	0.029982804026	0.0011003382	0.028319098681	0.0	0.011933988091
0.001442648376	0.0	0.0	0.0	0.0	0.0	0.0	0.0	0.0	0.000121931488	0.0	0.0	0.0	0.0	0.0	0.0	0.0	0.002639848816	0.0	0.004328999299	0.0	0.021644650138	0.000489037224	0.028172822006	0.0	0.010789011017
0.01092991068	0.018125530175	0.008191320696	0.006577559114	0.008191316952	0.052899360873	0.005648519448	0.012456934611	0.004939301952	0.075800800416	0.005770588824	0.008293566728	0.006161915136	0.071401973268	0.0	0.009461584513	0.005037017856	0.06140585424	0.0	0.027567195164	0.003423212208	0.05262755071	0.001564942392	0.038738328734	0.00078372125	0.017555539836
0.007702244784	0.002542699914	0.00386334936	0.0	0.001907223552	0.010416731929	0.001907255376	0.002666421652	2.4453936e-05	0.006674091492	0.00024451596	0.003742244317	0.00039122928	0.006727038606	0.0	7.3374248e-05	2.4450816e-05	0.006749233167	0.0	0.004476183592	0.0	0.022598646078	0.000831344592	0.028467974999	0.0	0.010883984229
0.001540448208	0.0	0.0	0.0	0.0	0.0	0.0	0.0	0.0	9.7303747e-05	0.0	0.0	0.0	0.0	0.0	0.0	0.0	0.002590141549	0.0	0.004304744544	0.0	0.021669688001	0.000537928248	0.02824585336	0.0	0.010859364541
0.008558284176	0.007360581508	0.011345842872	0.005381558502	0.005183860968	0.010392225946	0.005183730864	0.032606920106	0.000586845792	0.006503162859	0.00048903192	0.00452636271	0.0003667716	0.006484682495	0.0	9.7795008e-05	2.4453312e-05	0.015408734582	0.0	0.004427515029	0.0	0.024631387531	0.00083136612	0.028394629715	0.0	0.011055368052
0.005037189768	0.00017100087	0.004865956056	0.002494699933	0.00044014464	0.0	0.000513483048	0.0132341094	0.0	0.000121971395	7.335432e-05	0.000709211292	0.0	0.0	0.0	0.0	2.4453312e-05	0.006112377571	0.0	0.004206816484	0.0	0.021744842879	0.000513490536	0.028417099827	0.0	0.011007805543
