0.031165394832	0.044109914779	0.040565419128	0.027952519582	0.031922309952	0.109597116472	0.024730675632	0.067705549432	0.028074628296	0.180698971183	0.016024548384	0.059375540923	0.0290842656	0.185687376313	0.002144986896	0.032742189714	0.010914177456	0.190036943164	0.003217506864	0.047397675322	6.3093264e-05	0.237103833221	0.003154351512	0.093627108093	0.000947837	0.078238079191
0.028074699432	0.008965692334	0.026118646632	0.022966342639	0.011986623792	0.005931576723	0.012554701848	0.069739276087	0.02309034312	0.001072073293	0.001135572048	0.033820056677	0.001387935744	0.001703974406	0.000252362448	0.0	0.0	0.002021940907	0.0	0.00429242192	0.0	0.038423522059	0.0	0.058747741145	0.0	0.037416992216
0.003091276656	0.002461490235	0.00422684964	0.000440494255	0.000315444168	0.002271981946	0.002460381768	6.2260812e-05	0.0	0.0	0.0	0.0	0.0	0.0	0.0	0.0	0.0	0.0	0.0	0.0	0.0	0.005861924999	0.0	0.044227668196	0.0	0.017922765936
0.031166437536	0.043856494728	0.042963225552	0.03230387719	0.03185968968	0.109903603923	0.024352538184	0.089042987964	0.02807451972	0.181340104078	0.016592262336	0.06506564583	0.029084269968	0.185611089698	0.002334267312	0.032433531151	0.010914166224	0.190535101457	0.003470018448	0.047771994703	6.3093264e-05	0.236547496338	0.003154345896	0.093067705253	0.001011031	0.078362702067
0.036086234184	0.044171858051	0.043025857992	0.025743109106	0.028074036744	0.109791191848	0.023783927544	0.058500709449	0.028452688056	0.180515045335	0.015330548376	0.059250063691	0.029020409808	0.185744524482	0.00182952744	0.032541716582	0.010725108576	0.189791114263	0.002965150656	0.047389788513	0.000315438864	0.236641319361	0.003343648776	0.093946963534	0.000695110875	0.077290696007
0.028200871296	0.029984056572	0.031544163144	0.027069104935	0.018358485912	0.04322746488	0.011986822224	0.051686106028	0.021765314376	0.052366065531	0.002018775096	0.011167750413	0.002018897088	0.017987264626	0.00018927168	0.0	0.0	0.002025050116	0.0	0.002965977867	0.0	0.026377069767	0.0	0.066258994304	0.0	0.039711529818
0.002902036176	0.002775581037	0.004163761368	0.000441151255	0.000189267624	0.003093199184	0.002901998736	0.0	0.0	0.0	0.0	0.0	0.0	0.0	0.0	0.0	0.0	0.0	0.0	0.0	0.0	0.005925458088	0.0	0.04397812356	0.0	0.017798914375
0.030850645176	0.010666664321	0.02782197288	0.02700548372	0.012806772264	0.008079672464	0.01469962728	0.081160762552	0.028894449168	0.004039123816	0.001135561752	0.043536345863	0.001640321904	0.015144081584	0.000252350592	0.0	0.0	0.03889799035	0.0	0.005048791774	0.0	0.048204042016	0.0	0.059878713898	0.0	0.043181309249
0.01211282748	0.012683215408	0.017664523344	0.007005439919	0.002712788208	0.012937202216	0.007570439136	0.002466716344	0.005362430112	0.004666982213	0.0	0.0	0.0	0.0	0.0	0.0	0.0	0.0	0.0	0.0	0.0	0.010662718756	0.0	0.045987803125	0.0	0.019821133579
0.021386766024	0.033379662067	0.0281374704	0.015901355986	0.016655348736	0.070675399165	0.011986530192	0.014574244869	0.014194946376	0.060506909399	0.000693962568	0.002340818739	0.001387905168	0.01805040264	0.000189251088	0.0	0.0	0.001644704014	0.0	0.009283440381	0.0	0.026377497939	0.0	0.088536770264	0.0	0.040313047159
0.036149336496	0.044238632832	0.04302583272	0.026806653006	0.028579085496	0.109097070697	0.023216119992	0.058624917334	0.028578888	0.180098228183	0.015582917376	0.0597671526	0.029020354896	0.185621526235	0.001955707104	0.033050995162	0.010788155664	0.189654830825	0.00290205552	0.047202320942	0.00031543824	0.236759220972	0.003406746096	0.093693732207	0.00075829225	0.076651859936
0.013437615672	0.012680509152	0.0186738552	0.00983734694	0.002902015584	0.012620893815	0.007948943496	0.006437352946	0.005047029936	0.004670568735	0.0	0.0	0.0	0.0	0.0	0.0	0.0	0.0	0.0	0.0	0.0	0.010601646856	0.0	0.045548429749	0.0	0.0210730143
0.036086339016	0.052634095949	0.042963477336	0.026500917388	0.030661471152	0.111869253661	0.022648492152	0.059252676154	0.028263833208	0.180708242642	0.015330429504	0.060716424789	0.028264073136	0.185917389334	0.001703462592	0.067895301482	0.010283483184	0.263483760935	0.00271281816	0.218771722917	0.005488549248	0.236619481231	0.004226960712	0.183406760001	0.000695118125	0.116473624626
0.011797344	0.01262109724	0.01747519488	0.007130555831	0.002334227688	0.011800011598	0.007318085112	0.002526018998	0.005110075152	0.004921357906	6.3085464e-05	0.0	0.0	0.0	0.0	0.0	0.0	0.0	0.0	0.0	0.0	0.010475791868	0.0	0.045798856896	0.0	0.020129997851
0.036275482152	0.044179690018	0.042962777208	0.025991336488	0.031606933176	0.108715067647	0.022332925368	0.057814500957	0.02807415	0.180078382803	0.016529295744	0.062098950967	0.026749398624	0.186307283567	0.001703365872	0.033808354288	0.00977878824	0.190514790082	0.003028237056	0.047271553144	6.3085776e-05	0.236055409469	0.003659045208	0.095024563132	0.000758295125	0.076239919025
0.039052483704	0.043417098062	0.043278849432	0.036529070537	0.04327865568	0.11199872943	0.03690694332	0.127543610423	0.039934410984	0.193987263466	0.02391050376	0.107083485511	0.026686689744	0.185611067584	0.001955710848	0.032363807314	0.010788028992	0.190636818993	0.003091360272	0.047141291098	0.0	0.235658850431	0.003469776024	0.094830552504	0.00107422025	0.075353430357
0.039052216944	0.030546273606	0.031481181576	0.036211449513	0.02794782276	0.044542996913	0.02050385688	0.117627336075	0.037599987672	0.065241211308	0.003595945392	0.073559939442	0.002081914848	0.030479712914	0.000441609168	0.001260864547	0.0	0.117273081003	0.0	0.005553706408	0.0	0.062347461862	0.0	0.066200084304	0.000126373125	0.044048449074
0.012554387352	0.014134160978	0.01766474424	0.007065501559	0.003217466304	0.0155188473	0.008075122848	0.002269356603	0.005173299144	0.004417034236	0.0	0.0	0.0	0.0	0.0	0.0	0.0	0.0	0.0	0.0	0.0	0.010346075351	0.0	0.045994088435	0.0	0.019690463036
0.012491305632	0.012619225378	0.023720843952	0.012868371431	0.003595970664	0.012684878539	0.006939643464	0.013817210651	0.008643128832	0.004985233938	0.0	0.000503975925	0.0	0.0	0.0	0.0	0.0	0.0	0.0	0.0	0.0	0.010341200433	0.0	0.046109839209	0.0	0.019946411651
0.003091278528	0.002398578502	0.00416375856	0.000757300575	0.000252374616	0.00233533731	0.002208027744	6.356674e-05	0.0	0.0	0.0	0.0	0.0	0.0	0.0	0.0	0.0	0.0	0.0	0.0	0.0	0.005989580369	0.0	0.044287703648	0.0	0.017922434931
0.019116047808	0.004796060434	0.023910310008	0.015388571365	0.008706111336	0.005302472508	0.007759995984	0.040062515538	0.014194827504	0.0	0.0	0.003857290246	0.000883269504	0.0	0.0	0.0	0.0	0.000189319934	0.0	0.0	0.0	0.02372642158	0.0	0.045234132318	0.0	0.021266799766
0.021575889504	0.029282955612	0.026812123416	0.015272354277	0.01204965684	0.04216075622	0.010220077296	0.016469404558	0.012932862696	0.051046749348	0.001072498752	0.002146448436	0.00189254832	0.018107929243	0.00018925296	0.0	0.0	0.001390495089	0.0	0.003030643332	0.0	0.026310803073	0.0	0.066247578379	0.0	0.039510962557
0.031228533648	0.043864556603	0.03703277448	0.026618290269	0.030787111368	0.109671490226	0.024477833952	0.059572362062	0.028515433752	0.180637894387	0.015898197744	0.059571001337	0.02908339512	0.185488716602	0.001955711472	0.032554010915	0.010914403344	0.190202699273	0.0033436884	0.047266581875	6.3087648e-05	0.237136863907	0.003280566432	0.093379231071	0.00120062	0.07798320929
0.03116546316	0.046062786774	0.03696995016	0.026365135566	0.029903876496	0.109148191532	0.024351744456	0.059206308618	0.02845309896	0.1805312552	0.01633985496	0.059575290407	0.028957236048	0.185811888105	0.001766447904	0.033433003584	0.010977434208	0.190220380646	0.003154398	0.047083518249	6.3085776e-05	0.23668037504	0.00334370244	0.093516239726	0.001200628125	0.077853694127
0.01823230656	0.040581039362	0.025046205912	0.016279662168	0.017033787576	0.077675804045	0.013059186192	0.015711792024	0.014510334384	0.068893295061	0.002018785392	0.002083835325	0.001577132544	0.018870646816	0.000189272928	0.0	0.0	0.002024873547	0.0	0.024747978341	0.0	0.026678672205	0.0	0.094598917058	0.0	0.040570295478
0.018106083216	0.029341943151	0.025361134344	0.015394998424	0.012617483112	0.042905086049	0.009967746672	0.016405443545	0.013942287216	0.050414826288	0.00100941048	0.00201998376	0.001703284128	0.018614100261	0.00018925296	0.0	0.0	0.001516189342	0.0	0.003155700734	0.0	0.026635068481	0.0	0.065241949494	0.0	0.040187456521
0.011986613496	0.014636785158	0.017790886152	0.006813304498	0.002586606984	0.017987023932	0.007065766656	0.002023913864	0.004920917976	0.004606609779	0.0	0.0	0.0	0.0	0.0	0.0	0.0	0.0	0.0	0.0	0.0	0.010468265448	0.0	0.04611229433	0.0	0.019626705932
0.0218913084	0.029468432029	0.027128044008	0.015709765489	0.011860530552	0.051613698844	0.009336870504	0.016096102117	0.014257758528	0.051481478937	0.001072485648	0.001958494172	0.001324800672	0.017670365646	0.000126167184	0.0	0.0	0.001959040348	0.0	0.002965636603	0.0	0.026372919652	0.0	0.06594274312	0.0	0.040458166281
0.037474560864	0.037601012243	0.031922478432	0.046763990305	0.027569618856	0.064870578315	0.029714785776	0.145268356047	0.039240450288	0.135310871337	0.018989256312	0.221180906825	0.011545105104	0.271552865733	0.006687194592	0.061966421847	0.027821485536	0.189717495888	0.003343683408	0.045252364235	6.3093264e-05	0.241029992574	0.003343582632	0.093447294015	0.0011373965	0.084408117925
0.036212433192	0.044177300289	0.042205805928	0.02920989195	0.027253903248	0.109606258885	0.024351956928	0.068211010039	0.028453181328	0.180828990207	0.016339907376	0.05951126163	0.029021044416	0.185931352672	0.001892640048	0.032986919359	0.010913999616	0.189533841928	0.00290208048	0.047207453036	0.00031544136	0.236665312694	0.00334363224	0.093250114184	0.0007582605	0.076837957847
0.036086271624	0.029727495277	0.027569375496	0.032115440515	0.024225944184	0.043603027879	0.020188370592	0.081288314275	0.0323013366	0.055085428095	0.00201880224	0.039124551203	0.00220813944	0.021836107754	0.000441609168	0.0	0.0	0.038456316768	0.0	0.004862146804	0.0	0.048274008408	0.0	0.065880734765	0.0	0.04359130009
0.002712756384	0.003977794315	0.00555168276	0.000440555175	0.001577227392	0.011298512277	0.002965076712	0.0	0.0	0.000442286776	0.0	0.0	0.0	0.0	0.0	0.0	0.0	0.0	0.0	0.0	0.0	0.005674647907	0.0	0.054140287735	0.0	0.01792131064
0.03116539296	0.043412127808	0.03696945876	0.026057913095	0.03173305824	0.109093598344	0.024162401016	0.059393604073	0.02807402832	0.180522450857	0.015772188744	0.058869599349	0.028957266	0.185678288487	0.002018791008	0.032488874695	0.010914386496	0.190597901961	0.003406772304	0.047701549448	0.0	0.236638800386	0.003406761072	0.093315915676	0.000947860875	0.07823682054
0.002838936672	0.002527149604	0.004100674968	0.001135566817	0.000252348408	0.00265045109	0.002334212712	0.000252831126	0.0	0.0	0.0	0.0	0.0	0.0	0.0	0.0	0.0	0.0	0.0	0.0	0.0	0.005860989818	0.0	0.043778957053	0.0	0.017607497049
0.028137776472	0.014702055814	0.027380263248	0.025107766742	0.016591993704	0.015650623619	0.012554582976	0.067469176752	0.022270038336	0.005427540007	0.001072472544	0.021765772031	0.00145107456	0.001640005698	0.00018927168	0.0	0.0	0.001957493506	0.0	0.004166705457	0.0	0.03830095896	0.0	0.059435631197	0.0	0.037368734429
0.002460409848	0.002779021601	0.00511007328	0.002207741235	0.000315435744	0.002398101271	0.00208186524	0.001327168875	0.0	0.0	0.0	0.0	0.0	0.0	0.0	0.0	0.0	0.0	0.0	0.0	0.0	0.006114580365	0.0	0.044789372278	0.0	0.017793466798
0.02220678252	0.031483092241	0.026623349064	0.015890664665	0.012302129736	0.059314227501	0.01040938236	0.0164714115	0.013627084536	0.050982029897	0.00094632408	0.002207934541	0.001829438832	0.018178510342	0.000189251088	0.0	0.0	0.001199523802	0.0	0.003093142756	0.0	0.026321938775	0.0	0.065437339308	0.0	0.040200921727
0.025234979328	0.029031234956	0.028704898872	0.021635359319	0.01394227692	0.042214263319	0.011671188048	0.036978770132	0.014131827216	0.051543609087	0.000757042416	0.002272915912	0.001451064576	0.018366129327	0.00018927168	0.0	0.0	0.001836042702	0.0	0.0027766673	0.0	0.026502128467	0.0	0.065693288042	0.0	0.040376004416
0.012049756056	0.012369303105	0.017853780672	0.008074195014	0.003154367736	0.013755134327	0.007885867392	0.004476628477	0.004542235776	0.004543270241	0.0	0.0	0.0	0.0	0.0	0.0	0.0	0.0	0.0	0.0	0.0	0.01046991084	0.0	0.046548625287	0.0	0.01962708609
0.018610856784	0.029583595849	0.02580283368	0.016901246838	0.012491276616	0.042025600923	0.010156988088	0.020507989723	0.01375299432	0.050853077586	0.001198672488	0.002019944941	0.00170344824	0.018493427471	0.000126169056	0.0	0.0	0.001519363595	0.0	0.00309312831	0.0	0.026568406878	0.0	0.064991435856	0.0	0.040438229212
0.036275498064	0.044232490553	0.04283659224	0.026180561967	0.031480720128	0.108836239201	0.022143638088	0.059764503107	0.028516225608	0.180323654804	0.016213875912	0.062661201757	0.027001922064	0.185507946054	0.001577188704	0.034373582048	0.009841667472	0.190351938911	0.002775874608	0.047202571895	6.3093264e-05	0.235820951099	0.003722160936	0.095015447095	0.000821451625	0.076419360362
0.03633857604	0.045175486809	0.043089493824	0.026298739908	0.029714795136	0.109595389501	0.0229637304	0.059384034142	0.028389986352	0.180836529969	0.015456674376	0.060514580191	0.02870498904	0.185930856494	0.001766455392	0.033491388021	0.010662049008	0.190096124242	0.002712820656	0.047272281692	0.000126176544	0.23677006576	0.003469873056	0.0940827855	0.00075830975	0.076848398434
0.01343762784	0.01286960999	0.025676597232	0.015395403486	0.005362417008	0.014255190628	0.008706162816	0.016410933403	0.007885960056	0.004794484209	0.0	0.000503316336	0.0	0.0	0.0	0.0	0.0	0.0	0.0	0.0	0.0	0.01438605511	0.0	0.046551283226	0.0	0.01969288693
0.011544978744	0.01520779758	0.017601670944	0.007131827962	0.004668579864	0.023220731716	0.006876465336	0.001959054385	0.005236285392	0.005868360405	0.0	0.0	0.0	0.0	0.0	0.0	0.0	0.0	0.0	6.3519544e-05	0.0	0.010475306051	0.0	0.049290938303	0.0	0.020314213302
0.024857149824	0.013001182642	0.025424632584	0.024916458805	0.011734265088	0.012807209785	0.0083908656	0.053319486569	0.02315339676	0.006187046786	0.001135571112	0.011482963938	0.000693979728	0.001261612179	0.00018927168	0.0	0.0	0.001958494488	0.0	0.0	0.0	0.026562463506	0.0	0.052562544964	0.0	0.037101268854
0.032680155456	0.030556485891	0.031607056728	0.028771880309	0.023720997456	0.043356002663	0.016970902416	0.067917964008	0.022837923576	0.051801531097	0.002649678408	0.021196189422	0.002523608256	0.018300981105	0.00018927168	0.0	0.0	0.001769755216	0.0	0.005237745141	0.0	0.038742939625	0.0	0.064746006724	0.0	0.040437771072
0.002838949776	0.002589655059	0.0068134716	0.003025729567	0.000252352152	0.002587251701	0.00201877884	0.002524985986	0.002144935728	0.0	0.0	0.0	0.0	0.0	0.0	0.0	0.0	0.0	0.0	0.0	0.0	0.005990946282	0.0	0.043900058866	0.0	0.01785610649
0.03387910032	0.021710180908	0.028641910752	0.036400947654	0.017853950088	0.02164941173	0.02592940428	0.120160336746	0.0344457594	0.029156800342	0.014951722968	0.134217238723	0.004479403968	0.05483500614	0.00050470056	0.039703020522	0.009147629712	0.136889016756	0.00157721304	0.036034767535	6.3093264e-05	0.236863265582	0.003406661232	0.080456042602	0.00113739525	0.073577249635
0.012365142192	0.012934934743	0.017853721704	0.00700543142	0.003028205232	0.013817537	0.007570425096	0.002144837068	0.005173083864	0.004607606516	0.0	0.0	0.0	0.0	0.0	0.0	0.0	0.0	0.0	0.0	0.0	0.010531563376	0.0	0.046878864408	0.0	0.019502449203
0.021386628432	0.029462483779	0.02592891288	0.017283696124	0.010598647176	0.041833829806	0.009589213296	0.021328059473	0.014321103264	0.051861817514	0.00069396444	0.002274781839	0.001387980672	0.018491941897	0.000126169056	0.0	0.0	0.001772169903	0.0	0.00284053417	0.0	0.026567852767	0.0	0.065611231377	0.0	0.040246804884
0.01066177944	0.012746614096	0.017727542352	0.007635519975	0.003154373352	0.013631299112	0.007507341504	0.002338244224	0.00536238612	0.004670882271	6.3087336e-05	0.0	0.0	0.0	0.0	0.0	0.0	0.0	0.0	0.0	0.0	0.010528823758	0.0	0.04567433853	0.0	0.020953971868
0.03602314404	0.043860734011	0.04277350584	0.0258671664	0.031354528608	0.109603704323	0.02252214432	0.059072231416	0.028452720816	0.180639366661	0.016718618592	0.062659058181	0.02674944168	0.186443755744	0.001640280096	0.033997514851	0.009715684992	0.190271168508	0.003154408608	0.047138437249	6.3087024e-05	0.23586797266	0.003532903296	0.094874870005	0.0007582995	0.076738288252
0.030345580512	0.017859339381	0.027127794096	0.032423793284	0.01640294136	0.018170136271	0.019431292608	0.116737574236	0.034319531376	0.013760242591	0.002523511224	0.073946065582	0.002334326592	0.03085703634	0.000504699936	0.001444249709	0.0	0.117462548145	0.0	0.00536491565	0.0	0.062093926694	0.0	0.066261699671	6.3189875e-05	0.0448633786
0.003154373352	0.002589247142	0.007255040832	0.004224429405	0.000441610416	0.003535009776	0.002334213648	0.00283700119	0.002271170304	0.0	0.0	0.0	0.0	0.0	0.0	0.0	0.0	0.0	0.0	0.0	0.0	0.010534664333	0.0	0.044596046551	0.0	0.017728313622
0.01053559728	0.012685160089	0.017349023016	0.007760847938	0.003091271976	0.013251948973	0.00769659696	0.002273482838	0.005236192728	0.004670157894	0.000189261072	0.0	0.0	0.0	0.0	0.0	0.0	0.0	0.0	0.0	0.0	0.01028131092	0.0	0.04535183955	0.0	0.02069255907
0.030786913872	0.043532637623	0.038672872056	0.025670315473	0.032048498664	0.10889970128	0.024540912864	0.058752452705	0.027947865816	0.181278700471	0.015898355928	0.058810370224	0.028957775808	0.185993931006	0.001766458512	0.032809723204	0.010977252	0.190162181077	0.003217524336	0.047141582193	6.3087024e-05	0.237001288986	0.003343667808	0.093059866217	0.000947861125	0.078054680145
0.00321744852	0.002458854764	0.004037626008	0.00056687595	0.000504724896	0.002649565362	0.002271114144	0.0	0.0	0.0	0.0	0.0	0.0	0.0	0.0	0.0	0.0	0.0	0.0	0.0	0.0	0.006117666505	0.0	0.044097861923	0.0	0.017796133801
0.003406723632	0.002587625377	0.009904712688	0.004918360923	0.000567785088	0.002713482172	0.002271132864	0.005868715467	0.002775892392	0.0	0.0	0.0	0.0	0.0	0.0	0.0	0.0	0.0	0.0	0.0	0.0	0.01053882505	0.0	0.044407690706	0.0	0.017598539249
0.012302052984	0.012495909598	0.020818833984	0.0110369625	0.00290201184	0.012112923745	0.00857983932	0.00953165448	0.005236350912	0.005428344803	0.0	0.0	0.0	0.0	0.0	0.0	0.0	0.0	0.0	0.0	0.0	0.01078783375	0.0	0.04536092473	0.0	0.020375642188
0.025992731232	0.029786572581	0.031165714944	0.024098199381	0.017853765696	0.042336997898	0.0100311588	0.044310504917	0.023342654088	0.051162979591	0.000883216152	0.008200836381	0.00119868528	0.017797607134	0.00018927168	0.0	0.0	0.001833114056	0.0	0.003029680954	0.0	0.026501863515	0.0	0.065617007424	0.0	0.040315392356
0.012239002152	0.020765453501	0.019809829728	0.007447704759	0.005488695576	0.033823582114	0.008264403576	0.002396235	0.00593036028	0.014509899018	0.001198651896	0.0	0.0	0.0	0.0	0.0	0.0	0.0	0.0	0.00435681063	0.0	0.01047306901	0.0	0.061708664574	0.0	0.019882815914
0.002902057704	0.003093901354	0.004605444792	0.000504799282	0.001514140992	0.009909679327	0.00239731128	0.0	0.0	0.0003784062	0.0	0.0	0.0	0.0	0.0	0.0	0.0	0.0	0.0	0.0	0.0	0.005865614574	0.0	0.051553490425	0.0	0.017736908275
0.010724880816	0.013567071043	0.015835249872	0.007193067215	0.003154398624	0.01407371064	0.007696611	0.002526225963	0.005299448544	0.004859057298	0.0	0.0	0.0	0.0	0.0	0.0	0.0	0.0	0.0	0.0	0.0	0.010531828391	0.0	0.045489563428	0.0	0.020886548171
0.011734272576	0.012559244988	0.017601397632	0.008012281293	0.002397316896	0.012369810648	0.00618250932	0.003600101075	0.004983910776	0.004606259842	0.0	0.0	0.0	0.0	0.0	0.0	0.0	0.0	0.0	0.0	0.0	0.010659896911	0.0	0.045611427149	0.0	0.02000730894
0.021449690496	0.029475219665	0.027190693296	0.015897317677	0.01040941044	0.042656255391	0.009778475304	0.015205238071	0.014194700208	0.051042265879	0.000883227384	0.002150100476	0.001450992816	0.018173154017	0.000252340608	0.0	0.0	0.001836853596	0.0	0.002903531768	0.0	0.026369761024	0.0	0.065366382019	0.0	0.040243328497
0.040313987064	0.027645989471	0.035140217112	0.039364358308	0.018484643736	0.034897856456	0.025109216496	0.132709707619	0.03741064704	0.08483594271	0.015961058568	0.162037819811	0.0080752308	0.145636141644	0.005488522416	0.034632449011	0.019115617872	0.190389469411	0.003154434192	0.04468273449	6.3093264e-05	0.236317361085	0.003280483128	0.087642972144	0.001074207375	0.076554678343
0.021891407616	0.029587865704	0.027380380248	0.015957778163	0.01040949	0.055093872938	0.009084538008	0.015018748137	0.01419491736	0.051480045334	0.00075705084	0.002276253399	0.001324828128	0.018112497204	0.000126170304	0.0	0.0	0.001709353398	0.0	0.002966762726	0.0	0.026565227259	0.0	0.065379368055	0.0	0.040180356105
0.022269852072	0.029278119115	0.02681212248	0.018354901101	0.012238902	0.043223502659	0.010283439816	0.027707116303	0.012365240472	0.050908000451	0.000946320336	0.002145345423	0.002081978496	0.017987538743	6.3090768e-05	0.0	0.0	0.001578855647	0.0	0.002902675443	0.0	0.02631493374	0.0	0.066436464599	0.0	0.039576788179
0.008832249504	0.002902811268	0.024414872976	0.008138240674	0.00372214908	0.00290433261	0.00580407516	0.019062357518	0.00870624612	0.0	0.0	0.001009841963	0.0	0.0	0.0	0.0	0.0	0.0	0.0	0.0	0.0	0.014124694084	0.0	0.045485193424	0.0	0.019434428362
0.01148196816	0.012433491317	0.017349083856	0.007066593263	0.00195570648	0.01312113946	0.008264392344	0.002337498146	0.00511007328	0.0052363966	0.0	0.0	0.0	0.0	0.0	0.0	0.0	0.0	0.0	0.0	0.0	0.010466437364	0.0	0.045756897215	0.0	0.020502155765
0.031607694144	0.015597372433	0.029398968144	0.028137274605	0.01791689328	0.017866562802	0.015456681864	0.082364554107	0.02775882564	0.007825035207	0.001577214288	0.03987807899	0.001703425776	0.014955131037	0.00037853088	0.0	0.0	0.038381878608	0.0	0.005178068577	0.0	0.048469520451	0.0	0.058116526797	0.0	0.04366934664
0.012302042688	0.012753755743	0.017664455952	0.00694223631	0.00283893012	0.013061517888	0.007696623168	0.002145640361	0.00460532592	0.004608307457	0.0	0.0	0.0	0.0	0.0	0.0	0.0	0.0	0.0	0.0	0.0	0.010281278281	0.0	0.046432389356	0.0	0.019311608143
0.022017587904	0.029724292508	0.026812252584	0.015708278836	0.012112896744	0.046508249509	0.009967717656	0.015902264764	0.013248205776	0.050727634106	0.0009463194	0.00220986859	0.001955651568	0.018114453914	6.3085152e-05	0.0	0.0	0.001265133909	0.0	0.002966511201	0.0	0.026376078706	0.0	0.065696525635	0.0	0.0395691529
0.021008481624	0.007574541089	0.021071347128	0.020057079842	0.008264555208	0.005364994629	0.00788617908	0.053956779975	0.022964162832	0.000126231549	0.0	0.021897172787	0.000820171872	0.001262060187	0.00018927168	0.0	0.0	0.001834841124	0.0	0.0	0.0	0.026571210868	0.0	0.052240160158	0.0	0.037345024339
0.036275675904	0.044421407923	0.043152217992	0.025862288755	0.027821666808	0.10980148871	0.024162407568	0.059002488617	0.028389588552	0.180438279687	0.01621377576	0.059438318195	0.02895761232	0.185809567037	0.001703364	0.03292597314	0.01104028224	0.18936298163	0.002838985344	0.04720328822	0.000378525264	0.236943413879	0.003280589208	0.09344061486	0.00069508275	0.077149479151
0.002271153456	0.002336159827	0.004037617584	0.001071974863	0.00037852308	0.002587070718	0.002208038976	0.00018948235	0.0	0.0	0.0	0.0	0.0	0.0	0.0	0.0	0.0	0.0	0.0	0.0	0.0	0.006116844896	0.0	0.044418387678	0.0	0.017920010102
0.042774483024	0.032808207975	0.037221984072	0.04618255188	0.029777541768	0.046762061017	0.029777863752	0.145212248351	0.03526572816	0.105335988888	0.019304716392	0.22061178761	0.011103480336	0.272240272411	0.007444235136	0.060957992322	0.028389455328	0.189589173198	0.003785308176	0.044995367924	6.3093264e-05	0.240449658364	0.003343532712	0.093580732883	0.001326977125	0.08392032051
0.001829558016	0.003094779473	0.003848341536	0.000567008387	0.00170339364	0.005615510045	0.00214494228	0.000188511288	0.0	6.300231e-05	0.0	0.0	0.0	0.0	0.0	0.0	0.0	0.0	0.0	0.0	0.0	0.005800449603	0.0	0.048079319755	0.0	0.017861412739
0.002712762	0.002462884076	0.004226848704	0.000945458605	0.000126174672	0.002399196855	0.00208187928	0.00037879312	0.0	0.0	0.0	0.0	0.0	0.0	0.0	0.0	0.0	0.0	0.0	0.0	0.0	0.005674313005	0.0	0.043786602171	0.0	0.017798205763
0.021386784744	0.012302634292	0.021954528648	0.021006556925	0.010220339376	0.013185469167	0.009337170024	0.035525256966	0.014194920168	0.005364240994	0.0	0.002400595259	0.000693996576	0.0	0.0	0.0	0.0	0.00031605159	0.0	0.0	0.0	0.023924636839	0.0	0.045613677584	0.0	0.021074915072
0.0427745214	0.032246712855	0.037537625736	0.045995354492	0.029083481856	0.041082948669	0.028389920832	0.144962685093	0.038230825464	0.09593674643	0.018484548264	0.225417093044	0.011545061424	0.27244497941	0.006624107568	0.08752113615	0.027001550784	0.190210800761	0.00309134904	0.044803453728	6.3093264e-05	0.240595601152	0.00334357296	0.094773352997	0.001011022875	0.082987496688
0.018673854264	0.029540556344	0.023468512392	0.015454243642	0.012806736696	0.046069671392	0.00990464904	0.016211225194	0.014131552032	0.050984884021	0.001009414224	0.002080472202	0.001640182752	0.018616654714	0.000189251088	0.0	0.0	0.001644731023	0.0	0.003154564821	0.0	0.026632479871	0.0	0.065571101289	0.0	0.040313349023
0.024793373592	0.029343007699	0.030723594408	0.020691671549	0.0129328758	0.042476136768	0.01009413756	0.031871710117	0.014068754856	0.050851622143	0.000946288512	0.002145168607	0.00164035248	0.018553375704	0.000126180912	0.0	0.0	0.001454565068	0.0	0.003281182191	0.0	0.026746678813	0.0	0.06542566742	0.0	0.040130768661
0.01211276664	0.012366715804	0.017538621048	0.007069783724	0.00201882564	0.013378582196	0.00769662504	0.002275369447	0.005110008696	0.005616942159	0.0	0.0	0.0	0.0	0.0	0.0	0.0	0.0	0.0	0.0	0.0	0.01059870723	0.0	0.045491926634	0.0	0.020186035713
0.036655043256	0.043732103971	0.040565740176	0.03249189524	0.034888152312	0.109598027441	0.029778083712	0.108734990234	0.029020830696	0.180408602848	0.015772136328	0.075154416643	0.02895794928	0.186122745459	0.001955728944	0.03248511565	0.010661768208	0.189279242719	0.003280741152	0.047331114469	0.000126174048	0.236798705751	0.003343632552	0.093764171245	0.000758261125	0.077588093467
0.036275554224	0.044557479322	0.042900437736	0.030408481132	0.031543815888	0.108452374224	0.02195450712	0.072070173738	0.02845317852	0.181389654315	0.015835166568	0.061906028727	0.027380494752	0.185374813901	0.00176645976	0.034692389505	0.010030844304	0.190220945472	0.002775903312	0.047202062823	0.0	0.236242875705	0.003659064552	0.095009471424	0.00069506175	0.076672227637
0.042458521248	0.043093981611	0.038420784792	0.041082463966	0.038862825768	0.115605883572	0.040881688848	0.138257526201	0.043215298776	0.212170287104	0.028957587048	0.197027517424	0.028957541808	0.23419588087	0.006371818752	0.034821773194	0.019178585712	0.189020866419	0.003343705248	0.047338773391	6.3093264e-05	0.236673822191	0.00334359948	0.093758477637	0.001011022375	0.078531253719
0.001955732688	0.002395972933	0.003848343408	0.000505159106	0.000378550224	0.002650660547	0.002208050208	0.000188893117	0.0	0.0	0.0	0.0	0.0	0.0	0.0	0.0	0.0	0.0	0.0	0.0	0.0	0.005987223441	0.0	0.044803152775	0.0	0.017799700597
0.036275496192	0.044301720162	0.04271041944	0.026939284511	0.031670045784	0.109730515583	0.02517186204	0.061346153434	0.025487714304	0.180311145238	0.017034027192	0.060260167776	0.027380725632	0.185623182237	0.0020818824	0.032296232275	0.011229620064	0.189708662407	0.003532940112	0.047018761888	6.3087024e-05	0.235861190945	0.003722143776	0.095206647579	0.001011030125	0.076108145172
0.03621240324	0.0465613196	0.042584993568	0.02643001917	0.031796627616	0.109466761539	0.024856365456	0.059457615459	0.02725428888	0.180455199304	0.016844561136	0.059190334117	0.028641999984	0.186124855576	0.001640259504	0.033503438302	0.011103665664	0.189826030642	0.003469851216	0.068291554525	6.3087648e-05	0.235804627602	0.003406807248	0.099947090957	0.00139016275	0.076974512752
0.01223898624	0.004353344948	0.024225876792	0.010789296829	0.006561077328	0.005427778145	0.007381327824	0.023975163763	0.008012140344	0.0	0.0	0.001387472927	0.000883269504	0.0	0.0	0.0	0.0	0.0	0.0	0.0	0.0	0.023855611607	0.0	0.046181112853	0.0	0.019696884209
0.0423328464	0.035212375842	0.03495076884	0.040759297569	0.029966833728	0.057302402826	0.027443589264	0.13290811444	0.035328837024	0.127542915254	0.016718142168	0.161349733368	0.008264544288	0.145129255454	0.005993203008	0.033761405086	0.020061868944	0.189265492288	0.003722218032	0.045060443343	6.3093264e-05	0.236296951913	0.003217362096	0.086390982729	0.001263778875	0.077541249833
0.021765184272	0.029587689773	0.02681215524	0.015771862784	0.012049649352	0.043100291783	0.010409328072	0.016726292829	0.012112731072	0.051098662953	0.001009403928	0.002018484576	0.001892724912	0.018296750704	0.000126169056	0.0	0.0	0.001581653201	0.0	0.002840666513	0.0	0.026626376281	0.0	0.065751075465	0.0	0.039325578918
0.016276572936	0.012432305272	0.025613634384	0.018293265953	0.009778523976	0.013378953401	0.009210898008	0.022336308421	0.0090216828	0.004925105291	0.0	0.000819551113	0.000883268256	0.0	0.0	0.0	0.0	0.0	0.0	0.0	0.0	0.0237829582	0.0	0.045361668871	0.0	0.020640793768
0.041323607208	0.044113440513	0.04321559736	0.038992724589	0.043341878736	0.113439767148	0.038358112104	0.131826019346	0.040817865816	0.204397629407	0.02820052404	0.160041384954	0.02889499704	0.185785205853	0.001955753904	0.032498928923	0.0110403384	0.18996796492	0.003343708368	0.047647656593	6.3093264e-05	0.23604118971	0.003091213632	0.093203527923	0.0012005925	0.07797847678
0.011292661224	0.012247099014	0.016465830264	0.007570715468	0.002208053016	0.012237065914	0.007381172448	0.002463490766	0.00529935588	0.005428906912	0.0	0.0	0.0	0.0	0.0	0.0	0.0	0.0	0.0	0.0	0.0	0.010592615142	0.0	0.045742211625	0.0	0.020177404497
0.036338698656	0.044430414988	0.042900496704	0.026236218556	0.031670586792	0.108845357632	0.022648409784	0.05768284308	0.02744361828	0.181346902535	0.01678157208	0.061215118249	0.02674941048	0.186168411132	0.001577217408	0.033557526893	0.010157261712	0.190208560147	0.00290204304	0.047078673961	0.0	0.236308664019	0.003469862448	0.094763711031	0.000947867125	0.076166364804
0.002523499056	0.002526130045	0.00365906736	0.001007688344	0.000252348408	0.002460967978	0.002208038976	0.000442097439	0.0	0.0	0.0	0.0	0.0	0.0	0.0	0.0	0.0	0.0	0.0	0.0	0.0	0.005732422824	0.0	0.044243204644	0.0	0.017917039693
0.036338835312	0.048332144619	0.04277428272	0.026499390305	0.031670629848	0.109407633158	0.023783877	0.058254835747	0.027002216592	0.180475027928	0.0168447708	0.061024074005	0.0267495072	0.185874388771	0.001387940736	0.034756381632	0.010346576448	0.190194117155	0.003091312224	0.103769901357	0.0	0.235983955661	0.00359601684	0.132822165412	0.000947861125	0.078706512938
0.021260484648	0.029281288211	0.027190683936	0.015771000583	0.01167112908	0.042410397878	0.009084524904	0.016152873142	0.014194759176	0.051290495938	0.000820139112	0.002401003614	0.001198721472	0.017800224994	0.00018925296	0.0	0.0	0.002020815037	0.0	0.003030053327	0.0	0.026311632474	0.0	0.065560298248	0.0	0.040068996754
0.002712754512	0.002650351067	0.004289936976	0.000441174557	0.000315457272	0.00347049	0.00201880224	6.2714116e-05	0.0	0.0	0.0	0.0	0.0	0.0	0.0	0.0	0.0	0.0	0.0	0.0	0.0	0.005929934159	0.0	0.044043660057	0.0	0.017854588163
0.036338572296	0.044303611171	0.042648149232	0.026681784002	0.03179656584	0.109782476468	0.024793265016	0.058885767033	0.026749025784	0.1807137336	0.017033871816	0.059002065621	0.028389485904	0.185737440852	0.002081853072	0.032429366957	0.01110366192	0.189566806132	0.003785287584	0.04732914565	6.3087648e-05	0.236129894233	0.003406743288	0.093701123002	0.001263793	0.076605528634
0.020881928808	0.029725043791	0.027379911312	0.015521572307	0.01053555048	0.042405121708	0.010030829328	0.014768155046	0.014194703952	0.052423352653	0.000757048968	0.002147171445	0.001450981584	0.018235230033	0.00018925296	0.0	0.0	0.00177166391	0.0	0.002776258121	0.0	0.026435369188	0.0	0.06544068145	0.0	0.040116389935
0.021702047328	0.032299630338	0.027001822536	0.015643972969	0.01747544292	0.066256312662	0.009210678984	0.015213166463	0.013879378656	0.051102960472	0.001009404864	0.002150336986	0.001703334048	0.018114488873	0.000126170304	0.0	0.0	0.001641979047	0.0	0.004359332464	0.0	0.026496820806	0.0	0.071369294214	0.0	0.040020919003
0.035393086872	0.015530347974	0.031607135352	0.032613902308	0.018421629408	0.013446267894	0.018800408016	0.117066750968	0.032237572536	0.009027810143	0.00227115252	0.086619163106	0.002523610752	0.029404747124	0.00094631472	0.012385023894	0.0	0.117763680246	0.0	0.005490382883	0.0	0.062351480281	0.0	0.066709378102	0.0	0.044622116845
0.001955712096	0.003091889574	0.008201355552	0.005862472449	0.000883220832	0.002903256858	0.002145056472	0.013955859057	0.004163934528	0.0	0.0	0.000631740049	0.0	0.0	0.0	0.0	0.0	0.0	0.0	0.0	0.0	0.010782530397	0.0	0.045058772805	0.0	0.017913189752
0.036275547672	0.044172258904	0.042647385456	0.025865324781	0.031796157744	0.108974891858	0.025234928784	0.059205747561	0.025613667144	0.181531696516	0.01709712108	0.059565723378	0.02763293832	0.185947008591	0.002018813472	0.0325577066	0.010914366528	0.189580670271	0.003785291328	0.04708047203	6.3087024e-05	0.235802980804	0.00372214284	0.094515839495	0.001011048375	0.076228936347
0.021828241656	0.029784261618	0.027127560096	0.017407510526	0.011292635952	0.042975392322	0.008075149056	0.024170110226	0.014321068632	0.05110261538	0.000820142856	0.002210768942	0.001135599504	0.017735031501	0.000126180288	0.0	0.0	0.001641922112	0.0	0.003030692801	0.0	0.026496580353	0.0	0.066059243729	0.0	0.039940939243
0.002712761064	0.002401185864	0.00391141296	0.001575904211	0.00037852308	0.002461074475	0.002208038976	0.001072304668	0.0	0.0	0.0	0.0	0.0	0.0	0.0	0.0	0.0	0.0	0.0	0.0	0.0	0.005867212899	0.0	0.044284981213	0.0	0.017602652174
0.021260563272	0.029408874345	0.02700148464	0.015396571822	0.011292614424	0.043102271517	0.00921069396	0.016416408021	0.014320853352	0.051352826797	0.000946313784	0.002274032116	0.00113554896	0.017917992766	0.000126169056	0.0	0.0	0.001768259266	0.0	0.003092523473	0.0	0.026633450122	0.0	0.066066653996	0.0	0.040320098111
0.037601402904	0.044426923638	0.043342098696	0.034195087217	0.04321537272	0.110099082552	0.029841099912	0.119903477801	0.04315274028	0.182995445784	0.016276826592	0.086821115546	0.027632884032	0.185927492172	0.00176646288	0.034064131964	0.010093922592	0.190850760138	0.00283900032	0.047270042109	0.0	0.23649930944	0.00359595444	0.094394716594	0.0006950615	0.07648019382
0.039493852632	0.022655846942	0.033500032488	0.035953977493	0.017538331824	0.024802592673	0.024541495056	0.120785692752	0.034887235968	0.036792487403	0.013753051416	0.121409077332	0.004226967888	0.054013839752	0.000441609168	0.02396642037	0.008201248848	0.136579793129	0.001451034	0.035972169234	0.0	0.23686964815	0.00334358076	0.08132844057	0.000695064625	0.07230046859
0.036401852448	0.044052397437	0.042773678064	0.026057387181	0.031733138736	0.109353298804	0.02473018704	0.059135896886	0.026181353016	0.180711551943	0.016655476968	0.058559417286	0.028011015552	0.185795228567	0.002208075792	0.032048140361	0.010914397104	0.190029185171	0.003659117904	0.047650772545	0.0	0.236126516749	0.003659068296	0.094524084253	0.001137416125	0.076288911212
0.003154384584	0.002398553841	0.003974491872	0.000441020909	0.000315437616	0.002649904513	0.002271114144	0.0	0.0	0.0	0.0	0.0	0.0	0.0	0.0	0.0	0.0	0.0	0.0	0.0	0.0	0.005673267489	0.0	0.044287529672	0.0	0.017801609073
0.040440195432	0.027389510349	0.035266548096	0.039054573265	0.017601436944	0.029852963047	0.025046262072	0.132198409479	0.038861827056	0.075164217522	0.014762452536	0.170370482624	0.008012155632	0.144571316278	0.005046923856	0.053372101698	0.019052385456	0.190028190927	0.002902076112	0.044931285896	0.000315438864	0.237125347203	0.0032804928	0.08606194486	0.000631878	0.077219172244
0.036402702336	0.043863168678	0.04283720064	0.031856853062	0.031544115408	0.109285656842	0.024857143272	0.073639056673	0.025613815968	0.180763415087	0.016655259816	0.066452126871	0.027002166672	0.184988469787	0.002208063936	0.032302830752	0.011040259776	0.190069818769	0.003343717104	0.047137761975	0.0	0.236044739198	0.003532906728	0.095386765897	0.001011027125	0.075607217321
0.04359493008	0.044038536871	0.043405214112	0.046893904187	0.042773770728	0.120327717416	0.039052160784	0.148170725234	0.04321512	0.216199735748	0.038042319744	0.237867357929	0.0280111572	0.272122126513	0.006687240144	0.064411410836	0.02592905328	0.190285385304	0.002586644736	0.047524604517	6.3093264e-05	0.240647909067	0.003469779144	0.094514896006	0.0006950615	0.083853414675
0.018736975296	0.030920192772	0.023027237064	0.01582899151	0.01223898624	0.05881214332	0.009967732632	0.016403508008	0.014068664064	0.050730672019	0.001072498752	0.002274167812	0.001640217696	0.018616538017	0.000189251088	0.0	0.0	0.001581070626	0.0	0.003029192521	0.0	0.026752873304	0.0	0.065058667613	0.0	0.0403154311
0.010157132232	0.016910537193	0.015709043376	0.007322288035	0.005867219592	0.028204846185	0.008453648736	0.002401031543	0.00504711324	0.005112262916	0.0	0.0	0.0	0.0	0.0	0.0	0.0	0.0	0.0	0.002019543916	0.0	0.010658513405	0.0	0.057746033148	0.0	0.020644683688
0.040818727872	0.032063913764	0.033184468512	0.038794916738	0.029209661208	0.054834720317	0.025929302256	0.120092798325	0.035959642992	0.111443482152	0.014510067624	0.12133271822	0.004794845328	0.05527134021	0.000252349968	0.022776962562	0.009273873024	0.136865025872	0.001514122896	0.035467155814	0.0	0.235977525422	0.003532836216	0.0822804448	0.00101102175	0.071700912919
