0.0	0.0	0.0	0.000192758258	0.0	0.0	0.0	0.002599685697	0.0	0.000431729962	0.0	0.004457983878	0.0	0.010368109357	0.0011294712	0.002701773823	0.000550966416	0.009077555158	0.0	0.006557143877	0.000101014368	0.006597628074	0.00078972192	0.006706896203	0.000789718176	0.002699692595	0.000137741448	0.003711802963	6.438075e-05	0.007594534281
0.0	0.0	0.0	0.000220484397	0.0	0.007901701589	0.0	0.002618367724	0.0	0.000422583781	0.0	0.004621303864	0.0	0.010295038897	0.001065184848	0.006920034391	0.000954997056	0.009092699267	0.000202019376	0.01173121969	0.000137740512	0.006711863139	0.00078971256	0.0139964898	0.000789714432	0.002837327439	0.000119376816	0.003967596554	3.6791375e-05	0.007842667826
0.0	0.000174377734	0.0	0.000247895582	0.0	0.011451100133	0.0	0.002930652387	0.0	0.020041281785	0.0	0.003941850483	0.0	0.020368538044	0.001111126536	0.002738368045	0.00056934072	0.00900623507	0.0	0.006554372714	0.000110190912	0.008384609753	0.00078972816	0.006686826552	0.000789716304	0.00267201925	0.000128558352	0.003628270957	6.4380375e-05	0.007559115896
0.0	0.0	0.0	0.000192611703	0.0	0.0	0.0	0.002636434976	0.0	0.000431707754	0.0	0.004494456804	0.0	0.010369063097	0.001120285296	0.002756852072	0.000560149824	0.00896224486	0.0	0.006526074085	0.000101014368	0.006675441461	0.000789723792	0.00664857726	0.000789718176	0.002744858238	0.000110193408	0.003636759966	7.3577625e-05	0.007576269431
0.00068869944	0.000210711927	0.0	0.000504980507	0.0	0.011450532495	0.0	0.009518211914	0.0	0.020142754629	0.0	0.003933213494	0.0	0.020322741619	0.001092759408	0.00274812567	0.000550975152	0.008993387026	0.0	0.00659997534	9.182472e-05	0.009951559383	0.000780542256	0.006787568078	0.000780526032	0.003371212522	0.000119375256	0.003729379697	5.51825e-05	0.008037714918
0.0	0.0	0.0	0.000211275255	0.0	0.0	0.0	0.002599856012	0.0	0.000394917659	0.0	0.003996463168	0.0	0.010395066835	0.001111108752	0.002738462419	0.000550966416	0.008973174711	0.0	0.006610268307	0.000101012496	0.006718057598	0.000780549744	0.006759826734	0.000771355104	0.002689804862	0.000156106392	0.003683452464	4.5985875e-05	0.007632159385
0.0	0.0	0.0	0.00024831761	0.0	0.0	0.0	0.00264577611	0.0	0.000440913248	0.0	0.004006194044	0.0	0.010507526027	0.00109276128	0.002729327452	0.000550975776	0.009008840588	0.0	0.006470913485	0.000146921424	0.008422019636	0.000780547872	0.00658458411	0.000780534144	0.002718034219	0.000128558976	0.003664455511	4.5986e-05	0.007652154431
0.0	0.0	0.0	0.000202035358	0.0	0.002813089966	0.0	0.002609251633	0.0	0.000422549953	0.0	0.003932681861	0.0	0.01039733727	0.001120272192	0.003308319402	0.000550967664	0.009051082319	0.0	0.010942229583	0.00011019216	0.006635408877	0.000780527904	0.009387328897	0.000780531024	0.002707250312	0.000137742384	0.00383099394	5.5186625e-05	0.00760503579
9.18216e-06	0.00046837541	0.000330575544	0.01882854302	0.000569329488	0.002904133988	0.000404041248	0.032271537837	0.0	0.001213145165	0.0	0.012780134592	0.0	0.020119184392	0.0010835838	0.004427901323	0.000560157936	0.009038400173	0.0	0.0066204388	0.000146920176	0.011230041186	0.00076218168	0.007578201419	0.0007988916	0.008734241028	0.000137740512	0.004833020765	4.5986e-05	0.009828496697
0.0	0.0	0.0	0.000202258531	0.0	0.0	0.0	0.002590747097	0.0	0.000413326953	0.0	0.004448829618	0.0	0.010414310148	0.001111109688	0.002746867638	0.00056014296	0.008990210651	0.0	0.006628100847	0.000110194656	0.00662885103	0.000762179808	0.00662453915	0.000780525408	0.002746194579	0.00015610608	0.003664514696	5.5183125e-05	0.007605615908
0.0	0.0	0.0	0.00049571677	0.0	0.0	0.0	0.009445134753	0.0	0.000817533277	0.0	0.005139932381	0.0	0.012923821131	0.00109276596	0.002738163693	0.000550973904	0.008999595958	0.0	0.006565812198	9.1825344e-05	0.009907711627	0.000789727536	0.006787471473	0.000762162336	0.003260018669	0.000137741136	0.003664837858	6.438025e-05	0.008045181258
0.0	0.0	0.0	0.00019282896	0.0	0.0	0.0	0.002608991709	0.0	0.000431597509	0.0	0.004465911733	0.0	0.010332064054	0.001111107816	0.002738693142	0.0005601492	0.009003931649	0.0	0.006563456741	9.1831584e-05	0.006681413788	0.000789728784	0.006788175362	0.000780536016	0.002700302537	0.000128558664	0.003693050594	5.518325e-05	0.00761454407
0.0	0.0	0.0	0.000211265234	0.0	0.0	0.0	0.002600009544	0.0	0.000394981008	0.0	0.003978255178	0.0	0.010404873949	0.001111103136	0.002747916234	0.000569333232	0.008973900254	0.0	0.006591314342	0.000101014368	0.006719180255	0.00078053664	0.006740694837	0.000780551616	0.002680900392	0.000156111696	0.003665092238	5.5185625e-05	0.007640776786
0.0	0.0	0.0	0.000211042547	0.0	0.0	0.0	0.002590748115	0.0	0.000404189188	0.0	0.004015661421	0.0	0.01028574928	0.00107440164	0.002720658329	0.000560156688	0.008992794724	0.0	0.00649308112	0.00011018904	0.007021710943	0.000780546624	0.006678069329	0.00078052728	0.002689775154	0.000146922984	0.003675087687	3.6788625e-05	0.007650526028
0.0	0.0	0.0	0.000202132241	0.0	0.0	0.0	0.002655051471	0.0	0.000450145589	0.0	0.004550818013	0.0	0.010277284303	0.001101917232	0.002757069177	0.000541787376	0.009009533465	0.0	0.006490880794	0.000146925792	0.006599810665	0.000798899712	0.006759484152	0.00079890096	0.002689818358	0.000137742696	0.00365692688	6.4385e-05	0.007595993241
0.0	0.000155795415	0.0	0.000238819774	0.0	0.011403220844	0.0	0.002958412325	0.0	0.020091135109	0.0	0.003979395922	0.0	0.02041815106	0.001120272192	0.002702309244	0.000514231536	0.009049949639	0.0	0.006574558181	0.000101010624	0.006691516761	0.000771344496	0.006752535546	0.000789724416	0.002672453224	0.000119376504	0.003693032166	6.4382875e-05	0.00757597363
0.0	0.000155932672	0.0	0.000312015991	0.0	0.011422363066	0.0	0.002949005634	0.0	0.020080110733	0.0	0.003969425903	0.0	0.020343836485	0.001092735072	0.002757057413	0.000569330736	0.009001354426	0.0	0.006574570732	9.1829088e-05	0.006728852082	0.00078970944	0.006659836321	0.00077136072	0.002653174051	0.000128559288	0.0036849803	5.51855e-05	0.007584815543
0.0	0.0	0.0	0.000192969133	0.0	0.0	0.0	0.002581391103	0.0	0.000431757545	0.0	0.004439576225	0.0	0.010459045876	0.00109274256	0.002729564843	0.00056932512	0.008999116715	0.0	0.006584163763	0.000101014368	0.006647544259	0.000780548496	0.00658609749	0.000789711936	0.002736054615	0.000146924232	0.003683372167	5.5183375e-05	0.007587089917
0.0	0.0	0.0	0.000192993069	0.0	0.0	0.0	0.002572252845	0.0	0.000422483993	0.0	0.003914002778	0.0	0.010433811413	0.001111104072	0.00275720106	0.000569333856	0.0089744395	0.0	0.0065657576	0.000110197776	0.006666240571	0.000771355104	0.006622742176	0.000789733776	0.002699661746	0.000119382432	0.003664882914	5.5183875e-05	0.007640553997
0.0	0.0	0.0	0.000192743469	0.0	0.007874991829	0.0	0.002627594343	0.0	0.000441033516	0.0	0.004061170274	0.0	0.010331338855	0.001092732264	0.006932078613	0.000927451824	0.009063416912	0.000192838464	0.011681308185	0.000137740512	0.006748154769	0.000780527904	0.013989085288	0.000771349488	0.002845498277	0.000119376504	0.003902573431	4.5989375e-05	0.007889876766
0.0	0.0	0.0	0.000210998514	0.0	0.0	0.0	0.002590537108	0.0	0.000395078135	0.0	0.003988357875	0.0	0.010367867545	0.001083557592	0.0027748593	0.000560149824	0.008991963206	0.0	0.00659326741	0.00010101312	0.006691143993	0.000780535392	0.006649255186	0.00078053664	0.002653316065	0.00013774176	0.00363878792	5.5182875e-05	0.007593967295
0.0	0.0	0.0	0.000192911391	0.0	0.0	0.0	0.002581693841	0.0	0.000422550325	0.0	0.003932645508	0.0	0.010350979353	0.00110192004	0.002720853848	0.000560151072	0.009010845408	0.0	0.006590688773	9.183096e-05	0.006700647662	0.000780537888	0.006751118593	0.000771371328	0.002709893875	0.000128561784	0.003665204748	5.51865e-05	0.007596105579
0.0	0.000183421767	0.0	0.000266048486	0.0	0.011486553844	0.0	0.003013198093	0.0	0.020025916747	0.0	0.004042764337	0.0	0.020208691062	0.001083548232	0.002729306812	0.000550968912	0.008987925561	0.0	0.006462993728	0.0001561092	0.006645487606	0.000762181056	0.006669600388	0.000780532272	0.002680934625	0.000128558664	0.003666638951	5.5182875e-05	0.007577239154
0.0	0.0	0.0	0.000192702383	0.0	0.0	0.0	0.002636813464	0.0	0.000450077519	0.0	0.004567501232	0.0	0.010285946277	0.00108355104	0.002720523261	0.000532603968	0.009031058036	0.0	0.006426220238	0.000146923296	0.006674939758	0.000771345744	0.006640365241	0.000789725664	0.00272721296	0.000128559912	0.003683749649	4.598875e-05	0.007567958184
0.001248847704	0.001891638185	0.000247935168	0.010939926878	0.000330582096	0.011625367452	0.0	0.018519889409	0.0	0.020041458704	0.0	0.004135280111	0.0	0.02036970297	0.00111112092	0.003215626487	0.000569340096	0.008983460137	0.0	0.006556806942	0.00011019216	0.010248221817	0.000771366336	0.006614684359	0.000789714432	0.004830832744	0.000119375568	0.004427127585	6.4380125e-05	0.008101438037
0.0	0.0	0.0	0.000192952191	0.0	0.0	0.0	0.002590702388	0.0	0.000404163689	0.0	0.003942701299	0.0	0.010413742755	0.001101918168	0.002711333069	0.000560150448	0.009002145184	0.0	0.006603005127	0.000110192784	0.006665152941	0.00077135448	0.006578509487	0.000798914688	0.002717081681	0.000137742384	0.003656874357	6.4382875e-05	0.007595879939
0.0	0.000155768488	0.0	0.000275095347	0.0	0.011376416508	0.0	0.002967669835	0.0	0.020071726172	0.0	0.004052652284	0.0	0.020344044498	0.001111101264	0.002720109202	0.00053260272	0.009035385879	0.0	0.006535312273	0.00010101312	0.006720225095	0.000798897216	0.006789970511	0.000789717552	0.002710162414	0.000119376504	0.0036837077	4.59885e-05	0.007586333793
0.0	0.000155988941	0.0	0.000303094993	0.0	0.011441127761	0.0	0.002949289075	0.0	0.020081219157	0.0	0.003969097782	0.0	0.020365885016	0.001101905064	0.002756927259	0.000560145456	0.009009647805	0.0	0.006657292552	0.000101011248	0.006691725039	0.000780526656	0.008312919478	0.00076216296	0.002681735054	0.000156107952	0.003638614705	5.518575e-05	0.007641437407
0.0	0.000146761482	0.0	0.000284479941	0.0	0.011439795787	0.0	0.002976794706	0.0	0.020051839037	0.0	0.003978456214	0.0	0.020380734605	0.001074367944	0.002729754855	0.000541785504	0.009039058072	0.0	0.006602306741	0.000119376816	0.006694890994	0.000780532896	0.00664899408	0.000771367584	0.002699204224	0.000119376504	0.003729334092	6.4383625e-05	0.007606883805
0.0	0.0	0.0	0.000239149431	0.0	0.0	0.0	0.002590706505	0.0	0.000431688961	0.0	0.004042757338	0.0	0.010321924004	0.001056002688	0.002720206393	0.000578508528	0.009011640451	0.0	0.006545689018	0.000137743008	0.006730576931	0.000798914688	0.006602623822	0.000789713808	0.00269142041	0.00012855804	0.003682594371	3.678875e-05	0.007613344817
0.0	0.0	0.0	0.000202170331	0.0	0.0	0.0	0.002618459769	0.0	0.000450181453	0.0	0.003941968673	0.0	0.010304816419	0.00112028436	0.002748625703	0.00053260272	0.009020607288	0.0	0.006555276221	8.2645056e-05	0.006708765238	0.000780525408	0.006741652866	0.000780544752	0.002755292615	0.000119376504	0.003684126293	6.4384625e-05	0.007588075933
0.0	0.0	0.0	0.00021145995	0.0	0.0	0.0	0.002599920523	0.0	0.00038573279	0.0	0.004494180763	0.0	0.010386337499	0.001092749112	0.002756821977	0.000560143584	0.008993450659	0.0	0.006583487266	0.000101013744	0.006680960155	0.000762186672	0.006769954288	0.000780532272	0.002690172439	0.000156107952	0.003692447464	3.6789125e-05	0.007622152823
0.0	0.0	0.0	0.000174516475	0.0	0.0	0.0	0.002590826856	0.0	0.000404154857	0.0	0.003960490584	0.0	0.010395759854	0.001111104072	0.00268363423	0.000532602096	0.00906008309	0.0	0.006565503123	0.000110197776	0.006654391586	0.000771355104	0.006611766414	0.000798901584	0.002662749508	0.000156108264	0.003656540256	4.598875e-05	0.00758486828
0.0	0.0	0.0	0.00020195223	0.0	0.0	0.0	0.002609156321	0.0	0.000431741931	0.0	0.003932568181	0.0	0.010387228085	0.001120283424	0.00272055718	0.000550968288	0.009077816115	0.0	0.006567223134	0.000101014368	0.006662098148	0.000789720672	0.006715678054	0.000780536016	0.002698595392	0.000137742384	0.003655815492	6.4385e-05	0.007594928892
0.0	0.0	0.0	0.010322962697	0.0	9.178834e-06	0.0	0.01847361767	0.0	0.000909352706	0.0	0.005342020318	0.0	0.017666548639	0.00107439228	0.003161239914	0.000550972032	0.009038574061	0.0	0.006567617055	0.000119373072	0.010342004197	0.000798917808	0.006640798116	0.000762167328	0.00482235313	0.000137742384	0.004428512804	5.51835e-05	0.008128169517
0.0	0.0	0.0	0.000192926164	0.0	0.000119778185	0.0	0.002600175995	0.0	0.000422527282	0.0	0.003906000814	0.0	0.010350957721	0.001101906	0.002720504807	0.000560149824	0.009010589851	0.0	0.006609916778	9.1827216e-05	0.006736062872	0.00078052728	0.008377009842	0.00077134824	0.002718087348	0.000137742384	0.00371068901	4.598875e-05	0.007577844689
0.0	0.0	0.0	0.000211201995	0.0	0.0	0.0	0.002581723173	0.0	0.00039493717	0.0	0.003951385943	0.0	0.010413793446	0.00109273788	0.002702312661	0.000569332608	0.008992163953	0.0	0.006611098941	9.1828464e-05	0.006745816455	0.000771343872	0.006733330446	0.000771363216	0.00271841691	0.000156108264	0.003720065316	4.59885e-05	0.007625080146
0.0	0.0	0.0	0.000202010209	0.0	0.0	0.0	0.002572259833	0.0	0.000422496187	0.0	0.00393320906	0.0	0.010395566306	0.00111110688	0.00273002279	0.00053260272	0.009049248665	0.0	0.006619611491	0.000110197776	0.006701645411	0.000771351984	0.006622462486	0.000789731904	0.002717650416	0.000146932032	0.003703020668	6.438125e-05	0.007577318948
0.0	0.000183313343	0.0	0.000284766222	0.0	0.011384774817	0.0	0.002912409647	0.0	0.020116640495	0.0	0.003932352011	0.0	0.02031376193	0.001120310568	0.002747681532	0.000532610832	0.008982912316	0.0	0.006534931573	0.00010100688	0.00704545301	0.000780541632	0.00676860905	0.000762160464	0.00275540376	0.00011937432	0.003674365257	5.5183e-05	0.007614600638
0.0	0.000468400722	0.000330574608	0.01875647155	0.00056934072	0.002894837732	0.000385676928	0.032227309533	0.0	0.001194544868	0.0	0.01506805898	0.0	0.020217731301	0.001092766896	0.00438170665	0.000541791744	0.009038091826	0.0	0.006701505317	0.000119373696	0.011269123724	0.000780546	0.007660978628	0.000780525408	0.00867962606	0.000128558352	0.004822618505	5.5183375e-05	0.009756015786
0.0	0.0	0.0	0.000266347467	0.0	0.0	0.0	0.002765446476	0.0	0.000431679453	0.0	0.00404214222	0.0	0.012721014916	0.001083575376	0.002710379774	0.000560156688	0.009047627877	0.0	0.006544054477	0.000137739264	0.009034187697	0.000771368208	0.00681542056	0.000789717552	0.003011767115	0.000119376504	0.00365630925	3.6788625e-05	0.007588206738
0.0	0.0	0.0	0.000202226134	0.0	0.002794547816	0.0	0.002636837449	0.0	0.00045018333	0.0	0.004024816017	0.0	0.010304869042	0.001111095648	0.003335367666	0.000532600848	0.009027923109	0.0	0.010912800848	0.000137739264	0.006635691365	0.000808078128	0.00941485114	0.000789714432	0.002707992322	0.000137742384	0.003766803937	6.4384625e-05	0.007605641692
0.0	0.0	0.0	0.000183827408	0.0	0.0	0.0	0.002608945166	0.0	0.000395074727	0.0	0.004493429187	0.0	0.010395732107	0.001092760344	0.002720306225	0.000523424928	0.00905840309	0.0	0.006546592075	0.00011937432	0.0066359268	0.000762183552	0.006694483915	0.000798897216	0.002682086214	0.000119376504	0.003684026963	6.4380625e-05	0.007558297798
0.0	0.000164958622	0.0	0.000312254183	0.0	0.011476147004	0.0	0.002995141583	0.0	0.020053056344	0.0	0.0040332887	0.0	0.020325253107	0.001065188592	0.002702543331	0.000578517888	0.009019949282	0.0	0.006592334162	0.000119378688	0.006785987902	0.000798895344	0.006658433169	0.000771363216	0.002690917995	0.000119382744	0.003673181751	4.59875e-05	0.007631863244
0.0	0.000329855353	0.0	0.000257006149	0.0	0.011430753485	0.0	0.002930839442	0.0	0.02008058534	0.0	0.003969761449	0.0	0.020396252995	0.001120269384	0.003225183395	0.000532598352	0.009051261792	0.0	0.010992814539	9.1826592e-05	0.006646384323	0.000762160464	0.00944123596	0.000789710688	0.002654217622	0.000156107952	0.003794511031	4.59885e-05	0.007576242412
0.0	0.0	0.0	0.000192592942	0.0	0.0	0.0	0.002627559759	0.0	0.000422433867	9.18216e-06	0.003951009004	0.0	0.010360073282	0.001111101264	0.002775644401	0.000569333856	0.008953295526	0.0	0.006527303647	0.000101009376	0.006675366923	0.000798902832	0.006592969148	0.000789731904	0.002708531908	0.00011019372	0.003646866049	7.358175e-05	0.007577331416
0.0	0.0	0.0	0.000220236162	0.0	0.0	0.0	0.002599764148	0.0	0.000422503738	0.0	0.004052794174	0.0	0.010303200867	0.00107437356	0.002702055966	0.000541781136	0.009046507059	0.0	0.006562745661	0.000119376816	0.006710763793	0.000780548496	0.006789756378	0.000780532272	0.002700218689	0.000119375568	0.00368415534	3.67885e-05	0.007549608322
0.0	0.0	0.0	0.000220297096	0.0	0.002804836041	0.0	0.002636770126	0.0	0.000431735594	0.0	0.004558037705	0.0	0.010304190416	0.001083550104	0.003288906499	0.000560144832	0.009038461471	0.0	0.010981612837	0.000137739888	0.006702348557	0.000780529776	0.009441181008	0.000789714432	0.002736413577	0.0001285596	0.003776103062	3.6791375e-05	0.007595847738
0.0	0.0	0.0	0.000202663612	0.0	0.0	0.0	0.002590566254	0.0	0.000422502579	0.0	0.004485128628	0.0	0.010368149801	0.00111111156	0.002738459764	0.000560144832	0.009010646107	0.0	0.006590466214	9.1830336e-05	0.006709697672	0.00076218168	0.006788748787	0.000771346368	0.002717949408	0.000156107328	0.003692370861	3.6788875e-05	0.007624669293
0.0	0.0	0.0	0.000192774633	0.0	1.8463752e-05	0.0	0.002608859786	0.0	0.000431741946	0.0	0.003968945902	0.0	0.010359731375	0.001101913488	0.00274814112	0.000560151072	0.00898019438	0.0	0.006508108565	0.00011019216	0.006683133741	0.000798892848	0.007245682175	0.000780531024	0.002690337882	0.000119376504	0.00366405864	6.438475e-05	0.007586463034
0.0	0.0	0.0	0.000192809786	0.0	0.012687130034	0.0	0.002645979834	0.0	0.000874337431	0.0	0.006367165916	0.0	0.010313709265	0.001129456224	0.008401253602	0.000890720688	0.012924588448	0.000780527904	0.015631524239	0.000863171088	0.006911049421	0.000771343248	0.015888605147	0.000798896592	0.003085943933	0.00033976176	0.004042340726	0.000119570875	0.008369079549
0.0	0.0010814739	0.0	0.000257043714	0.0	0.014040887076	0.0	0.002912354352	0.0	0.021432657952	0.0	0.003988624525	0.0	0.02038722904	0.00111108816	0.006995980045	0.000899899728	0.009085047421	0.000211201536	0.011850169331	0.00011019216	0.006654844889	0.000771342624	0.014089954301	0.000798893472	0.002864398887	0.000137742072	0.00388679859	6.438275e-05	0.00780717828
0.0	0.0	0.0	0.000174521641	0.0	0.0	0.0	0.002572168032	0.0	0.000413426527	0.0	0.003969291429	0.0	0.010385955388	0.001101926592	0.00270182534	0.000550965792	0.009051112385	0.0	0.006554487685	0.000119379936	0.00660849836	0.000780537264	0.006694758759	0.000798903456	0.002671879977	0.000146923608	0.003702153099	5.5183125e-05	0.007594090766
0.0	0.0	0.0	0.000183736744	0.0	0.0	0.0	0.002590657754	0.0	0.000395051712	0.0	0.003989100809	0.0	0.010413742966	0.0011111022	0.002701996817	0.000523421184	0.009030401007	0.0	0.00655554734	0.000119379936	0.006682228961	0.000771353232	0.006705391777	0.000798902832	0.00268215759	0.000128558664	0.003656419456	6.4379875e-05	0.007575411135
0.0	0.0	0.0	0.000192681234	0.0	0.0	0.0	0.002627502468	0.0	0.000431641478	0.0	0.0045317759	0.0	0.010304209355	0.00110191536	0.002738892193	0.000550969536	0.008991584136	0.0	0.006455055609	0.000146925792	0.006758715063	0.00077135136	0.006649788911	0.000789733776	0.002697953357	0.000119376816	0.003673240305	5.5187625e-05	0.00766014521
0.0	0.0	0.0	0.0002111849	0.0	0.0	0.0	0.002590579112	0.0	0.000413364735	0.0	0.003996307838	0.0	0.010331508141	0.00107437356	0.002728654878	0.000560151696	0.009002743932	0.0	0.006547155675	0.000110194656	0.006665167217	0.000780548496	0.006659805253	0.000771353232	0.002643604605	0.000128558664	0.003685145421	5.5183125e-05	0.007621782893
0.0	0.000155840325	0.0	0.000303100119	0.0	0.011413786544	0.0	0.002995059961	0.0	0.020032891782	0.0	0.004088989014	0.0	0.020262927261	0.001046816784	0.002692753727	0.000587699424	0.009029289223	0.0	0.006566761871	0.000146925168	0.006766856653	0.000789715056	0.006602387124	0.000789716928	0.00268167391	0.00012855804	0.003646092323	3.678875e-05	0.007621941689
0.0	0.0	0.0	0.000202370798	0.0	0.0	0.0	0.002627540361	0.0	0.000440895684	0.0	0.004034026697	0.0	0.010286163459	0.001065184848	0.002719746235	0.000569326992	0.009038215713	0.0	0.006482055778	0.0001561092	0.00672990266	0.000771361344	0.006566435974	0.00079889472	0.002708972761	0.00012855804	0.0036549304	4.5985875e-05	0.007614589529
0.0	0.0	0.0	0.000202055198	0.0	0.0	0.0	0.002581479652	0.0	0.000422487848	0.0	0.003914330108	0.0	0.01041308718	0.001111110624	0.002739188459	0.000550962672	0.009010456762	0.0	0.006637836276	0.000110195904	0.00668356401	0.000771366336	0.006596584566	0.000780537888	0.002736546848	0.00014692392	0.003666229536	6.438025e-05	0.007596414468
0.0	0.0	0.0	0.000202030858	0.0	0.0	0.0	0.002645916654	0.0	0.000450128122	0.0	0.00454948854	0.0	0.010276758218	0.001111098456	0.002701953155	0.000523421184	0.009004479555	0.0	0.006508989219	0.000119378064	0.006637720665	0.000780535392	0.006676379668	0.00078054912	0.002783539753	0.000128563344	0.003710670747	6.4384875e-05	0.007596607593
0.0	0.0	0.0	0.000202227037	0.0	0.0	0.0	0.002609054536	0.0	0.000422568536	0.0	0.004042781312	0.0	0.010276518646	0.001065184848	0.002775023561	0.00056014608	0.008994510297	0.0	0.006445379379	0.000146926416	0.006665705733	0.000762187296	0.00669608946	0.00077135136	0.002708658706	0.000146925168	0.003683961132	4.5986e-05	0.007577649343
0.0	0.0	0.0	0.000440717143	0.0	0.0	0.0	0.009216136152	0.0	0.000826948069	0.0	0.004070887937	0.0	0.01286969629	0.001065216672	0.002720765363	0.000569338848	0.008986557466	0.0	0.006454854897	0.000128555856	0.009937988809	0.000771362592	0.006623122441	0.000780528528	0.00333445678	0.00014692392	0.003702331405	4.5985625e-05	0.008001518236
0.0	0.0	0.0	0.000211656903	0.0	0.0	0.0	0.002636576168	0.0	0.000449996682	0.0	0.004033288842	0.0	0.010295324667	0.001101939696	0.002765886776	0.000532606464	0.009028057644	0.0	0.006462707799	0.000137737392	0.006690639053	0.000762182928	0.00676962258	0.000789716304	0.002727373442	0.000137741448	0.003675290335	5.518325e-05	0.007606290525
0.0	0.0	0.0	0.010233062085	0.0	0.0	0.0	0.018519646831	0.0	0.000909524941	0.0	0.004283630124	0.0	0.017601672268	0.00108357444	0.003169658948	0.000560156064	0.009020906271	0.0	0.006490079557	0.000156104208	0.010313748565	0.000771369456	0.006601928094	0.000808081872	0.004794741688	0.000119376192	0.004434805617	3.678875e-05	0.008129476284
0.0	0.000173959733	0.0	0.000266212511	0.0	0.011478126567	0.0	0.00303168395	0.0	0.020090760995	0.0	0.004042663031	0.0	0.020273449714	0.001074367008	0.002711025403	0.000550968288	0.009019613853	0.0	0.006499857374	0.0001285596	0.006690060868	0.000771350736	0.00677910843	0.00079889784	0.002727485334	0.000128558664	0.003693642058	5.518325e-05	0.0075788163
0.0	0.0	0.0	0.000192631195	0.0	0.007902049528	0.0	0.002618351616	0.0	0.000422556507	0.0	0.004006070143	0.0	0.010368947937	0.001101909744	0.006968364145	0.000899900976	0.009063131897	0.000220384944	0.011804334106	0.00011019216	0.006720497503	0.000780526032	0.014051632731	0.000789713808	0.00281812743	0.00011019372	0.003848708669	6.43835e-05	0.007825432059
0.0	0.0	0.0	0.000192859076	0.0	9.181172e-06	0.0	0.002572426937	0.0	0.000413318915	0.0	0.003933245559	0.0	0.01042445389	0.001101907872	0.002747839215	0.000569331984	0.008993154298	0.0	0.006566780695	0.00011019216	0.00663858567	0.000789708816	0.007239000401	0.000789713184	0.002698277641	0.0001285596	0.003683567399	5.518475e-05	0.007631805153
0.0	0.0	0.0	0.000220500892	0.0	0.0	0.0	0.002599718554	0.0	0.000422558798	0.0	0.00403322027	0.0	0.010341073328	0.001083578184	0.002674251602	0.000541788	0.009053195346	0.0	0.006561892646	0.000128555856	0.006700869967	0.000789731904	0.006778980527	0.000789716928	0.002682185872	0.000119376504	0.00364699396	3.678875e-05	0.007560527741
0.0	0.0	0.0	0.000276026987	0.0	0.0	0.0	0.002802684102	0.0	0.000449998065	0.0	0.004024570253	0.0	0.012734200736	0.0010927566	0.002765441103	0.00053260896	0.009037237623	0.0	0.00647236765	0.000137739264	0.008940822869	0.000798915936	0.006723798898	0.000798899088	0.002956343049	0.00013774176	0.00367537354	5.5183e-05	0.007596027213
0.0	0.000164812207	0.0	0.000266277895	0.0	0.011368449892	0.0	0.003022662824	0.0	0.020165063229	0.0	0.004070539989	0.0	0.020283639096	0.001092734136	0.002757234654	0.00053259648	0.009018224751	0.0	0.006508878012	0.000137743008	0.006635796473	0.000771363216	0.006695678178	0.00078971256	0.002709145314	0.000128558664	0.003684705989	5.518275e-05	0.00759618507
0.0	0.0	0.0	0.000183690739	0.0	0.0	0.0	0.002590669262	0.0	0.000395071532	0.0	0.00397964846	0.0	0.010413129796	0.001120291848	0.002683828251	0.000532598352	0.009040632776	0.0	0.006555716087	0.000128561472	0.006626692547	0.000771367584	0.006703753571	0.000798896592	0.002690994803	0.000128558664	0.003674891473	6.4379875e-05	0.007557842301
0.0	0.0	0.0	0.00017451532	0.0	0.0	0.0	0.002581339699	0.0	0.000413396212	0.0	0.004476502152	0.0	0.010405166044	0.001101925656	0.002702193561	0.000550962048	0.009058164951	0.0	0.006565755413	0.000110197776	0.006606948053	0.000780546	0.006687823865	0.000798894096	0.002690417891	0.000146924544	0.003701918339	4.5985875e-05	0.007595587496
0.0	0.0	0.0	0.000238663883	0.0	0.0	0.0	0.003298671809	0.0	0.000395001698	0.0	0.004550218178	0.0	0.012849690306	0.00109276128	0.002720341065	0.000514244016	0.009046733163	0.0	0.006555044692	0.00012855648	0.008977492041	0.000780551616	0.006722143735	0.000771349488	0.003003052813	0.000119376816	0.003665619782	6.43805e-05	0.007586755708
0.0	0.003486328183	0.0	0.000275397356	0.0	0.022329351933	0.0	0.002949204333	0.0	0.026410645644	0.0	0.006339452921	0.0	0.020341037099	0.001083538872	0.008447020693	0.000909083136	0.012939445783	0.000771342624	0.015670586086	0.000853985184	0.00693191408	0.000789706944	0.015880036199	0.000771345744	0.003012724638	0.0003673098	0.004042249103	9.1977e-05	0.008378206999
0.0	0.0	0.0	0.000192946626	0.0	0.0	0.0	0.002618182182	0.0	0.000450137495	0.0	0.004522640067	0.0	0.010322846312	0.001129462776	0.002738663264	0.000550968912	0.009065532253	0.0	0.006517685187	0.000128560848	0.006590360555	0.000789720672	0.006695941551	0.000771351984	0.002698483649	0.00014692548	0.003675209531	6.438025e-05	0.007641957001
0.001239655248	0.007577304572	0.001276416648	0.019480732541	0.000881553816	0.015491191892	0.000449943624	0.032161556268	0.0	0.020106565823	0.0	0.012770943613	0.0	0.020369656332	0.001101947184	0.004436829651	0.000550977648	0.009076997861	0.0	0.006691486239	0.000101008128	0.011238375619	0.00076217856	0.007558061478	0.00078970944	0.008616256082	0.000146922672	0.004850957769	5.5183125e-05	0.009827388207
0.0	0.0	0.0	0.000192569262	0.0	0.0	0.0	0.002599680658	0.0	0.000404264273	0.0	0.00399749351	0.0	0.010377125179	0.001092744432	0.002720319943	0.000523416816	0.009046956529	0.0	0.006591253441	0.000128561472	0.006655105511	0.00078972816	0.006734449829	0.000771346368	0.002726977291	0.000119375256	0.003665289863	5.5182875e-05	0.007578321381
0.0	0.000174161032	0.0	0.000303586884	0.0	0.011423322018	0.0	0.002949141129	0.0	0.020152566599	0.0	0.004015603229	0.0	0.020350334376	0.00109273788	0.002747850534	0.00053259648	0.0090363234	0.0	0.006481228759	0.000128560848	0.006626130761	0.0007989072	0.00665962785	0.000808074384	0.002717778141	0.000128557728	0.003684510735	5.518275e-05	0.007587387016
0.0	0.0	0.0	0.000486615581	0.0	0.0	0.0	0.009234563149	0.0	0.000863779224	0.0	0.004006123153	0.0	0.012891222216	0.001111128408	0.002683432311	0.000523428672	0.009004334307	0.0	0.006473304161	0.00013773864	0.009890832925	0.000762179184	0.006741405221	0.000780527904	0.003379504952	0.000128558352	0.003702620999	5.5182875e-05	0.008039121158
0.0	0.0	0.0	0.000193002905	0.0	0.0	0.0	0.002618296698	0.0	0.000440768542	0.0	0.004428516469	0.0	0.010396339642	0.00112029372	0.002775532584	0.000569326992	0.008990633893	0.0	0.006545520354	0.000101014368	0.006666159034	0.000789728784	0.00662080182	0.00079890096	0.002699742725	0.000128558664	0.0036649101	5.5183125e-05	0.007632027451
0.0	0.0	0.0	0.00020217202	0.0	0.0	0.0	0.002618238739	0.0	0.000413375459	0.0	0.004025688809	0.0	0.010293779487	0.0010651914	0.00271985185	0.000560145456	0.008994823	0.0	0.006511943968	0.000119378688	0.006664252965	0.000789732528	0.00661485024	0.00077134824	0.002671884567	0.000137741448	0.003711620326	3.6788625e-05	0.007604638714
0.000596870352	0.000174174342	0.0	0.000303085935	0.0	0.011476580517	0.0	0.003078402187	0.0	0.02008897149	0.0	0.003932503813	0.0	0.020368212395	0.001129488048	0.002746798771	0.000550974528	0.009041115056	0.0	0.006526848243	0.000101009376	0.008949446758	0.000780547872	0.006706032723	0.000780532896	0.002946955954	0.000146924232	0.003684257361	6.438e-05	0.007623782556
0.0	0.000183409938	0.0	0.000285008125	0.0	0.011413798577	0.0	0.002949080824	0.0	0.020024616074	0.0	0.004006483581	0.0	0.020331376531	0.001092729456	0.002720656088	0.00056014296	0.009018323507	0.0	0.006499116249	0.000146926416	0.006712007056	0.00078972816	0.006630657528	0.000780529152	0.002717901007	0.000128558352	0.003627695352	4.5985875e-05	0.007679112962
0.0	0.0	0.0	0.00021126274	0.0	0.0	0.0	0.002572181282	0.0	0.000404158199	0.0	0.003987402919	0.0	0.010376222406	0.001092744432	0.002775083568	0.000541781136	0.009009425736	0.0	0.006591838612	0.00010101312	0.006710282093	0.00077136696	0.00676108152	0.000771348864	0.002680229318	0.000146924232	0.003646810087	6.438025e-05	0.007595042928
0.0	0.0	0.0	0.000220642933	0.0	0.0	0.0	0.002636673529	0.0	0.000440893554	0.0	0.004061513897	0.0	0.010276023298	0.001083557592	0.00269259458	0.000550963296	0.009020217765	0.0	0.006536102925	0.0001285596	0.006699435303	0.000780544752	0.006778837554	0.000789711312	0.002718094373	0.00012855804	0.003666154547	3.67885e-05	0.007579147803
0.0	0.0	0.0	0.00029413037	0.0	0.0	0.0	0.002599833003	0.0	0.000431671905	0.0	0.004042295888	0.0	0.010498029867	0.001065217608	0.00271987624	0.000578524128	0.009020987977	0.0	0.006554199655	0.00012855648	0.008401979237	0.000798914688	0.006657891513	0.000789718176	0.002682148308	0.000128558976	0.003728537848	3.678875e-05	0.007604881319
0.0	0.0	0.0	0.000201979565	0.0	0.012678111412	0.0	0.002609008254	0.0	0.000874245552	0.0	0.00644014317	0.0	0.010285565456	0.001065183912	0.008410338069	0.00093663336	0.012940817944	0.000752977056	0.015547891554	0.000872350752	0.0069670402	0.00079889472	0.01584406038	0.000771347616	0.003011380611	0.000339764568	0.004024231762	0.00011037375	0.008376609768
0.0	0.000174020972	0.0	0.00028429389	0.0	0.011469248368	0.0	0.002995065966	0.0	0.020071324669	0.0	0.004061425585	0.0	0.020280192411	0.001083551976	0.002692926513	0.00055097016	0.009012650225	0.0	0.006562475343	0.000110194656	0.006681537225	0.000780532272	0.006750587452	0.000789717552	0.002709462475	0.000119376504	0.003684401914	3.67885e-05	0.007558719237
0.0	0.0	0.0	0.000192649432	0.0	0.000156262307	0.0	0.00264613935	0.0	0.000450153471	0.0	0.004005704298	0.0	0.010295312906	0.001111094712	0.002683618577	0.00052341744	0.009050153976	0.0	0.00651892651	0.000119374944	0.006645271867	0.000780526656	0.008330205333	0.000771348864	0.0027645177	0.000119376504	0.003692801233	5.5186625e-05	0.007587323869
0.0	0.0001743392	0.0	0.000275549429	0.0	0.011433644813	0.0	0.002894104277	0.0	0.020061736148	0.0	0.003978357017	0.0	0.020348937193	0.001101919104	0.002738047644	0.000560141088	0.008997351307	0.0	0.006498987611	0.000119378064	0.006683844526	0.0007989072	0.006639055622	0.000771343872	0.002699726715	0.0001377402	0.003646795305	4.5985625e-05	0.007631325445
0.0	0.0	0.0	0.000239081352	0.0	0.0	0.0	0.002618335265	0.0	0.000431723279	0.0	0.003996555179	0.0	0.010350127312	0.00108355572	0.002711261269	0.000550962672	0.009011187352	0.0	0.006585225365	0.00011937744	0.006748662336	0.000808093728	0.006621057987	0.000771346992	0.00268176748	0.000128557728	0.003710523994	4.598575e-05	0.007632466958
0.0	0.0	0.0	0.000202180403	0.0	0.0	0.0	0.002608921761	0.0	0.000459365945	0.0	0.004458335248	0.0	0.010332109736	0.00112028436	0.002720422086	0.000541786752	0.009031555773	0.0	0.006572851368	8.2648176e-05	0.006681324088	0.000771356352	0.00671365964	0.000780534144	0.002746061464	0.000128560224	0.003701690059	6.43805e-05	0.007596487211
0.0	0.0	0.0	0.000202119165	0.0	0.0	0.0	0.002572236012	0.0	0.00038577408	0.0	0.004530725966	0.0	0.010396004261	0.001101951864	0.002747557014	0.000550975776	0.008992175307	0.0	0.006573250051	9.182472e-05	0.00702869567	0.000780547248	0.006741856237	0.000780526656	0.002652725815	0.000156106704	0.003673704825	4.5986e-05	0.007594846476
0.0	0.0	0.0	0.000183611282	0.0	0.0	0.0	0.002581369008	0.0	0.000413311562	0.0	0.003960440321	0.0	0.010396379261	0.001092736944	0.002729947267	0.000550968912	0.0090854641	0.0	0.006564155601	0.000119381184	0.006662826826	0.000762174192	0.006741988327	0.000798901584	0.002672096445	0.000156106704	0.003702350776	4.5985625e-05	0.007604256751
0.0	0.0	0.0	0.000183495692	0.0	0.0	0.0	0.002563069107	0.0	0.000413316656	0.0	0.003978685199	0.0	0.01041426212	0.001101907872	0.002702574254	0.00055096704	0.009067505174	0.0	0.006563198943	0.000110192784	0.006691146872	0.00076216296	0.00664876587	0.000789728784	0.002680936559	0.000156108264	0.00369349174	4.598875e-05	0.007613452361
0.0	0.0	0.0	0.00017476542	0.0	0.0	0.0	0.002572236016	0.0	0.000404271991	0.0	0.004484508305	0.0	0.010395697265	0.001092745368	0.002702284281	0.000550962672	0.009067905569	0.0	0.006553399948	0.000119379312	0.006617499618	0.000762179808	0.006650114585	0.00081725592	0.00269077065	0.000137740824	0.003702201566	5.5183125e-05	0.007577113873
0.0	0.0	0.0	0.000201970324	0.0	0.0	0.0	0.002599774839	0.0	0.000413491797	0.0	0.003941648397	0.0	0.01043188345	0.001101920976	0.002720456854	0.000541786128	0.009047617076	0.0	0.006604281986	0.00011937744	0.006739882067	0.0007897188	0.006631536794	0.000789720672	0.00267293087	0.000119375568	0.003701308923	6.438025e-05	0.007615651548
0.0	0.0	0.0	0.000211108751	0.0	0.0	0.0	0.002618320862	0.0	0.000431672925	0.0	0.003941232875	0.0	0.010431457031	0.001101920976	0.002738927734	0.000550962672	0.009018304196	0.0	0.006594438799	0.00011937744	0.006749226882	0.000789733152	0.006650622606	0.000771348864	0.002690586738	0.000128558352	0.003683847985	6.438025e-05	0.00762524259
0.0	0.0	0.0	0.000238863656	0.0	0.0	0.0	0.002609014237	0.0	0.000431755412	0.0	0.004015207178	0.0	0.01034020239	0.001092739752	0.00273922778	0.000550963296	0.009028422141	0.0	0.006564720785	0.000119378064	0.006739830535	0.000808096848	0.00663891312	0.000780535392	0.002682039001	0.000128558352	0.003738315273	4.5985875e-05	0.007632346908
0.0	0.0	0.0	0.000211585675	0.0	0.0	0.0	0.002599778226	0.0	0.000404177845	0.0	0.003987452997	0.0	0.010340243002	0.001083557592	0.002719094689	0.00056014608	0.009018919667	0.0	0.00654803992	0.00011019528	0.00662776129	0.000771370704	0.006677583364	0.00077135136	0.002680036616	0.000128559288	0.003647550602	5.5183375e-05	0.007612540784
0.0	0.00017415756	0.0	0.000294075294	0.0	0.011414287461	0.0	0.002930556647	0.0	0.020143165149	0.0	0.003969229409	0.0	0.020366679073	0.001120304952	0.002729604933	0.000541788624	0.009057770687	0.0	0.00652936685	9.182472e-05	0.006627580323	0.000789726912	0.006771343777	0.000780532272	0.002708018987	0.000137741136	0.003692513427	6.4380375e-05	0.007623967448
0.0	0.000146772027	0.0	0.000256828096	0.0	0.011456799089	0.0	0.002949235569	0.0	0.02006328748	0.0	0.003942290455	0.0	0.02040191916	0.001111089096	0.002739456755	0.000532597104	0.009039242182	0.0	0.006594669878	0.000110193408	0.006720903925	0.000771344496	0.007237644481	0.000780527904	0.002726438658	0.000146924856	0.003701575932	6.438275e-05	0.007578591619
0.0	0.000165087299	0.0	0.000293625566	0.0	0.011394335707	0.0	0.002976917803	0.0	0.02006078412	0.0	0.003987867473	0.0	0.020279467069	0.001065187656	0.002701780692	0.000569333856	0.008993812933	0.0	0.006558675462	0.000110196528	0.006720568445	0.000789713808	0.006587385011	0.000762182928	0.002634375	0.000137744256	0.003712129158	4.598925e-05	0.007621046623
0.0	0.0	0.0	0.000266328104	0.0	0.0	0.0	0.002618320971	0.0	0.000431689774	0.0	0.004466379456	0.0	0.010597481467	0.001111132152	0.002747972892	0.000550975776	0.009019569893	0.0	0.006609869754	0.000110190912	0.008402526982	0.000780547872	0.006614136359	0.000771350112	0.002691605764	0.000137742072	0.003693252624	6.438075e-05	0.007634350368
0.0	0.0	0.0	0.000192831165	0.0	0.0	0.0	0.002609123509	0.0	0.000450197249	0.0	0.003969806181	0.0	0.010368518883	0.001120276872	0.00272059811	0.000541786128	0.009039906722	0.0	0.00652916239	0.00011937432	0.006643935063	0.000780526656	0.006715491968	0.000771361968	0.002698980997	0.000137742384	0.003720355048	6.4385e-05	0.007624105517
0.0	0.000183416498	0.0	0.000238694461	0.0	0.011440405074	0.0	0.002921507646	0.0	0.020043926641	0.0	0.003968817087	0.0	0.020303712465	0.001111101264	0.0027009665	0.000532597728	0.009003685503	0.0	0.006508584574	0.000128562096	0.006663429042	0.000771366336	0.006759519105	0.000780532272	0.00271891738	0.000110193096	0.003684537203	5.5183375e-05	0.00758770952
0.0	0.0	0.0	0.000193218138	0.0	0.0	0.0	0.002627425772	0.0	0.000431814347	0.0	0.00402440627	0.0	0.010286314932	0.00109276596	0.002728779597	0.000523428672	0.008993922732	0.0	0.006435209789	0.000156103584	0.006976934731	0.000771363216	0.006676782157	0.000789708816	0.002728085006	0.000128557728	0.003702753464	5.5183e-05	0.007568828879
0.0	0.0	0.0	0.000220626562	0.0	0.0	0.0	0.002636714585	0.0	0.000450183845	0.0	0.004559622548	9.183096e-06	0.010294973288	0.001083550104	0.00275721199	0.000560147328	0.009037663856	0.0	0.006474099251	0.000156106704	0.006710911166	0.000780529776	0.00670459697	0.000798909072	0.002680758318	0.000137742696	0.003601664168	3.67915e-05	0.007558208135
0.0	0.0	0.0	0.000202038132	0.0	0.0	0.0	0.002590681318	0.0	0.00042253884	0.0	0.003969957157	0.0	0.010377487381	0.00110192004	0.002737995697	0.000569333232	0.009011414301	0.0	0.006583333	9.1830336e-05	0.006727542133	0.000771358224	0.006769749505	0.000771353232	0.002709924981	0.000156108576	0.003664935611	3.6788625e-05	0.007615169077
0.0	0.0	0.0	0.000192972402	0.0	0.0	0.0	0.002581296326	0.0	0.000413423975	0.0	0.003924462711	0.0	0.010432245936	0.001092741624	0.002720111817	0.000569331984	0.009000658093	0.0	0.006601975067	0.000110196528	0.006646788415	0.000780540384	0.006550446195	0.000798902832	0.002708489562	0.000146923608	0.003682959662	5.5183e-05	0.007595511754
0.0	0.0	0.0	0.000192869303	0.0	0.01265989092	0.0	0.002618428094	0.0	0.000901512811	0.0	0.006458292435	0.0	0.010267111049	0.001092732264	0.008353776766	0.000918270288	0.012888663151	0.000752979552	0.015570589079	0.000909084384	0.006859300087	0.000780528528	0.015817805811	0.00079889784	0.003049171677	0.000348946728	0.004069804167	0.00011037375	0.008358041288
9.183096e-06	0.000468671926	0.000358128576	0.018819138246	0.000569335104	0.002913261656	0.000404034696	0.03225048706	0.0	0.001221650844	0.0	0.012764244045	0.0	0.020276120899	0.001120314312	0.004436182862	0.000541793616	0.009038783435	0.0	0.006638650509	0.000110190288	0.011218460733	0.000789727536	0.007643870717	0.000789710688	0.008687518799	0.0001377402	0.004905863162	6.43805e-05	0.009846949449
0.0	0.0	0.0	0.010204965285	0.0	0.0	0.0	0.01845519494	0.0	0.000909585222	0.0	0.004218178111	0.0	0.01770474781	0.001092755664	0.003206137699	0.000560157312	0.009007932302	0.0	0.00652592665	0.000119373696	0.010240038258	0.000789733776	0.006601917686	0.000780534144	0.004793406776	0.000128558976	0.004409228724	5.51835e-05	0.008111088976
0.0	0.0	0.0	0.000202008477	0.0	0.0	0.0	0.002608920548	0.0	0.00044086922	0.0	0.004521545241	0.0	0.010332288994	0.00110192004	0.002738276635	0.000550969536	0.008983348942	0.0	0.00648873362	0.000119378688	0.006702613322	0.0007897188	0.00663027772	0.000789732528	0.002689891723	0.00011019996	0.003682422894	6.4383125e-05	0.007576734644
0.0	0.0	0.0	0.000183701535	0.0	9.245016e-06	0.0	0.002609025003	0.0	0.000440928519	0.0	0.004568019076	0.0	0.010304185556	0.001083550104	0.002739214233	0.000560144208	0.009020107686	0.0	0.006463341119	0.000156106704	0.006740375144	0.000771345744	0.007217241363	0.00078971568	0.002699203631	0.000119376816	0.003699990939	3.67915e-05	0.007632593056
0.0	0.0	0.0	0.000192918312	0.0	0.000119890645	0.0	0.002609266036	0.0	0.000422536828	0.0	0.004595124136	0.0	0.010267095976	0.001065183912	0.002729835028	0.000560144832	0.008986847979	0.0	0.006500843733	0.000146923296	0.006739158108	0.000762163584	0.008221360236	0.000780531648	0.002728299514	0.000137742696	0.00371131416	4.598875e-05	0.007550901586
0.0	0.000183568123	0.0	0.000248170425	0.0	0.011457037692	0.0	0.002985798873	0.0	0.020043939614	0.0	0.003997061969	0.0	0.02027606201	0.0010927332	0.002710810925	0.00052341432	0.009020760356	0.0	0.006428826398	0.0001561092	0.006626615674	0.000780545376	0.006649599895	0.000789711936	0.002691160031	0.000119376192	0.003712458562	5.5183e-05	0.007559842689
0.0	0.0	0.0	0.000201789617	0.0	0.0	0.0	0.002590432945	0.0	0.000404251024	0.0	0.004033837759	0.0	0.010368030473	0.001092739752	0.002710972141	0.000532602096	0.009038257335	0.0	0.006572649577	0.00011019528	0.006701171768	0.000789716304	0.006798695932	0.000789719424	0.002691892957	0.000110193096	0.003646991395	5.5183125e-05	0.007558806109
0.0	0.000165102446	0.0	0.000312042469	0.0	0.011404948636	0.0	0.003022597011	0.0	0.020108818516	0.0	0.004024223674	0.0	0.020256286095	0.001074367944	0.002710912104	0.00056014296	0.009010171397	0.0	0.006480792555	0.000156109824	0.00675787072	0.000762179184	0.00660377626	0.00080808	0.002718128308	0.000119375568	0.003691550078	4.598575e-05	0.007623333148
0.0	0.000174306954	0.0	0.000266186115	0.0	0.011468567164	0.0	0.002985948652	0.0	0.020080082033	0.0	0.004025499019	0.0	0.020234674349	0.001065187656	0.002720101839	0.000578517888	0.008994067377	0.0	0.006466269112	0.000119378064	0.006692735892	0.000789716928	0.006678203698	0.00078053352	0.002680474325	0.000137742072	0.003665785252	3.6788625e-05	0.007613733705
