0.00026228124	0.004214588761	0.001180297872	0.007807690762	0.0	0.000590661758	0.0	0.018088169907	0.0	0.014190789264	0.0	0.020348955306	9.8353008e-05	0.017899173324	0.000918009768	0.010752988704	0.00034479525	0.031463380572
0.000131141088	0.00411655769	0.001081935504	0.007726787682	0.0	0.000557751765	0.0	0.018083718912	0.0	0.014230827444	0.0	0.020321360168	6.5568672e-05	0.017916345172	0.00093439944	0.01061023023	0.00031196025	0.031319092605
0.000229496904	0.004198124214	0.001163903832	0.007741602199	0.0	0.000574283215	0.0	0.018020347685	0.0	0.014106956469	0.0	0.020361091006	8.1966768e-05	0.017770858319	0.000885223872	0.01078777201	0.00036121925	0.031463908719
0.000131140152	0.020125351977	0.001672074144	0.008055064284	0.0	0.000574149941	0.0	0.017949641048	0.0	0.014191026384	0.0	0.020313952937	0.000131145456	0.017947160368	0.000950788176	0.010642905646	0.00029555	0.031504940432
0.000163928232	0.014543710969	0.001704856608	0.007857315814	0.0	0.000541423077	0.0	0.017953193028	0.0	0.0140814577	0.0	0.020444201431	8.1967392e-05	0.01791634783	0.000852436104	0.010756299707	0.00032838875	0.031396758426
0.00014753232	0.004822036232	0.001081921464	0.007812749049	0.0	0.000557809486	0.0	0.01793204135	0.0	0.014098088328	0.0	0.020347001058	8.1967392e-05	0.01799704128	0.000868815792	0.010791742193	0.00032838425	0.031266411009
0.00022949784	0.004821824606	0.001163875752	0.007841844766	0.0	0.000508593902	0.0	0.017939548047	0.0	0.014097665049	0.0	0.020397939409	0.00011475672	0.017864894888	0.000868830456	0.010740218587	0.000344802875	0.031516175666
0.000131141088	0.00414910523	0.001065555504	0.007709749011	0.0	0.000492196191	0.0	0.017971525847	0.0	0.014262874747	0.0	0.020343696002	0.000196715376	0.017930232526	0.000868828272	0.010720507949	0.00037763375	0.031516734246
0.000147535128	0.030510454471	0.001803215232	0.03122717921	0.000213110352	0.059252753243	0.00124586904	0.030876442099	0.001721280912	0.056428117669	0.001803222096	0.022386284842	0.00078686712	0.021511301983	0.00088520172	0.010790589087	0.00032838225	0.031398203455
0.000213104736	0.004132623732	0.00122944536	0.007789475642	0.0	0.000574176007	0.0	0.017941818185	0.0	0.014115661338	0.0	0.020398858539	0.00011475048	0.017865722594	0.000901624464	0.01075512442	0.000361224625	0.031498180785
0.002606425848	0.005247963513	0.001180266984	0.007921754836	0.0	0.000524963117	0.0	0.01795442835	0.0	0.014174662247	0.0	0.020328206233	0.000114756096	0.017751382399	0.000885222312	0.010772104857	0.000361220125	0.03154742691
0.000147534192	0.00414888175	0.001229448168	0.007741619755	0.0	0.000574221589	0.0	0.018024790866	0.0	0.014089552543	0.0	0.020281157779	8.1967392e-05	0.017935289857	0.000852442968	0.01077310857	0.000361220625	0.03138311433
0.000147534192	0.004099472933	0.001081913976	0.007728263087	0.0	0.000508707525	0.0	0.017923895187	0.0	0.014206222479	1.639248e-05	0.020267660573	8.1969264e-05	0.017996828363	0.000917997288	0.010692596379	0.000361224375	0.031073437778
0.00026228124	0.004165368034	0.00119666196	0.007825556406	0.0	0.000508566567	0.0	0.017911262532	0.0	0.014224326569	0.0	0.020397714489	0.000114752352	0.018046728341	0.000901622904	0.010787364991	0.000361226	0.031412830966
0.000229495968	0.004132624719	0.001163875752	0.007806979459	0.0	0.000557760591	0.0	0.017941622655	0.0	0.014130521913	0.0	0.020286272061	0.0001147536	0.017835872295	0.000868830768	0.010788276187	0.00034480625	0.031417850686
0.000262283112	0.023865011115	0.00175401252	0.008778961901	0.000229501584	0.002426121579	0.0	0.017823753774	0.0	0.01424025897	0.0	0.020276704004	0.000131146704	0.017982276096	0.000901614168	0.010835983789	0.000344801375	0.031448232899
0.00022949784	0.00419826993	0.001147510728	0.00769125985	0.0	0.000541436414	0.0	0.017981014947	0.0	0.014140562328	0.0	0.020292337569	8.196552e-05	0.017802602538	0.000885223872	0.010738588825	0.000344797125	0.031483082619
0.000131141088	0.004165603961	0.001049126832	0.007691696375	0.0	0.000524987676	0.0	0.017969726158	0.0	0.014172820298	0.0	0.020313266106	0.000196716624	0.017930871288	0.000885220128	0.010704120617	0.000377633125	0.031549822487
0.002426184072	0.004559613688	0.001213080336	0.007726264679	0.0	0.000541472637	0.0	0.017970088131	0.0	0.014092099868	0.0	0.020275195855	8.1960528e-05	0.017952146528	0.000868831704	0.01077404996	0.000344798375	0.031365115135
0.000147536064	0.004132690273	0.001049127768	0.007777153893	0.0	0.0005741752	0.0	0.017953708776	0.0	0.014154866395	0.0	0.020357544103	8.1967392e-05	0.01789886701	0.000950779128	0.010676359726	0.0003119665	0.031236480196
0.000114747048	0.004805041715	0.001032733728	0.007728590705	0.0	0.000557835753	0.0	0.017935869495	0.0	0.014238386151	1.639248e-05	0.02021696871	0.000196714128	0.017946038392	0.000852427992	0.010705466342	0.000344805875	0.031519699448
0.00013114296	0.025419185932	0.001688462568	0.010253011343	0.000245894688	0.041699431741	0.000967183152	0.018382390772	9.8361744e-05	0.023348115304	0.0	0.020309961691	0.00018032352	0.017852078456	0.000901584216	0.010722667912	0.000344805	0.031437812164
0.002524467816	0.00457547046	0.001180265112	0.007761735539	0.0	0.000508619454	0.0	0.017924853892	0.0	0.014163220998	0.0	0.020430929164	9.8362368e-05	0.017867541964	0.0008688342	0.01075772468	0.000344807875	0.03151555316
0.000147534192	0.004149119959	0.001098333288	0.007675922429	0.0	0.000525012539	0.0	0.017932254578	0.0	0.014097464383	0.0	0.020358704669	8.1960528e-05	0.018031491867	0.000918012888	0.010742008384	0.000328378625	0.031285321309
0.000131141088	0.004050672797	0.001065519936	0.007708795848	0.0	0.000475794528	0.0	0.017923370041	0.0	0.014226420762	1.639248e-05	0.020444592624	0.000147536688	0.017981647145	0.0009179976	0.010674681107	0.000394062	0.031438552593
0.000213105672	0.004132913485	0.001196661024	0.007790934558	0.0	0.000541411541	0.0	0.017921593404	0.0	0.014162974018	0.0	0.020348953041	0.00011475672	0.017818581881	0.000868835136	0.010771450394	0.000361229125	0.031433856557
0.002393320176	0.0045103457	0.001081910232	0.007743863545	0.0	0.000557824976	0.0	0.017954280016	0.0	0.014158331484	0.0	0.02031165412	9.8360496e-05	0.018048699468	0.000868817664	0.010759259596	0.000344803875	0.031201023132
0.000147535128	0.004132562746	0.001065522744	0.007744532257	0.0	0.000557796733	0.0	0.017934131406	0.0	0.014140738728	1.639248e-05	0.020329448616	8.1966144e-05	0.017915571571	0.00090160512	0.010710173652	0.00036122275	0.031137136262
0.002294963424	0.004444994558	0.001081910232	0.007706836092	0.0	0.000492181365	0.0	0.017901683227	0.0	0.014276777594	0.0	0.020496129184	0.000163929792	0.017964435686	0.000918002592	0.010706082304	0.000394052875	0.031437869344
0.000131141088	0.004132773484	0.001196661024	0.007724179029	0.0	0.000557758932	0.0	0.017971927285	0.0	0.01422975144	0.0	0.020311527077	0.000147536064	0.0179683742	0.000885228552	0.010736550416	0.000410473875	0.031468165364
0.000131142024	0.004083485896	0.001049150232	0.007610488677	0.0	0.000541339814	0.0	0.018066570053	0.0	0.014163293345	0.0	0.02030062228	0.000114752976	0.017934174378	0.000950789112	0.010593954978	0.000311957125	0.031437548013
0.000147534192	0.004148855934	0.001196661024	0.007774944279	0.0	0.000525035159	0.0	0.01797158869	0.0	0.014124209427	0.0	0.020298932865	0.00011475672	0.017817078809	0.000852439536	0.010789539814	0.000344806875	0.031399550578
0.00014753232	0.024589234547	0.001737643752	0.009614629175	0.000245892816	0.010079762436	0.0	0.018001356074	0.0	0.014163434711	0.0	0.020358768848	8.1968016e-05	0.018014934011	0.000917980128	0.010675513321	0.000328378	0.031237456339
0.000229498776	0.004132581793	0.001196663832	0.007726341191	0.0	0.000557853441	0.0	0.017992179727	0.0	0.014104503005	0.0	0.020397820746	9.8358e-05	0.01783373903	0.000885241344	0.010771149501	0.00036122675	0.031450526261
0.00026228124	0.004231079376	0.00113111856	0.007708348657	0.0	0.00050864984	0.0	0.017963057742	0.0	0.014205990747	0.0	0.020324101588	9.8353008e-05	0.017801801791	0.000901615416	0.010770920813	0.000344794875	0.031563665115
0.002590032744	0.020718101906	0.001672058232	0.008055633233	0.0	0.000525085367	0.0	0.017971706982	0.0	0.014148356597	0.0	0.020464897808	9.8362368e-05	0.017835106339	0.000868836072	0.01077264345	0.00034480875	0.031483398868
0.000131142024	0.00416554344	0.001065519	0.007707698328	0.0	0.000475806125	0.0	0.017921852358	0.0	0.01426446723	0.0	0.020459645942	0.000180322896	0.017966786559	0.000885219192	0.010721905071	0.000394062125	0.031501380476
9.8356752e-05	0.00418176201	0.001032736536	0.007762101129	0.0	0.000508557099	0.0	0.017876675787	0.0	0.014223572326	0.0	0.020275910104	0.000180321648	0.018012999003	0.000852437976	0.01080391958	0.00036122725	0.031434580421
0.000245890008	0.004181895379	0.00118026792	0.007740459641	0.0	0.000574174602	0.0	0.018026336816	0.0	0.014124608987	0.0	0.020417621733	9.8357376e-05	0.017816981771	0.00090161604	0.010770042058	0.0003612125	0.031464016761
9.8357688e-05	0.014478359357	0.001606485816	0.007744750789	0.0	0.000508696856	0.0	0.01788781566	0.0	0.014224523355	1.639248e-05	0.020344005952	0.000180322896	0.017980056504	0.000868822656	0.010740259752	0.000361227125	0.031418680091
0.00026228124	0.020449077745	0.001721228184	0.008150945117	0.0	0.000508673576	0.0	0.017953177065	0.0	0.014238862138	0.0	0.020275179707	0.000147537936	0.017948090013	0.000885230424	0.010753725855	0.000344804375	0.031548869872
0.000229495968	0.023845079381	0.001688456016	0.008842060957	0.000229502832	0.002426270949	0.0	0.017936231476	0.0	0.014161559235	0.0	0.020415417944	9.8362368e-05	0.017852768179	0.000868830144	0.010740344153	0.000344807875	0.031498915309
0.000262282176	0.00411627965	0.00122944536	0.007727609569	0.0	0.000541351646	0.0	0.017966481302	0.0	0.01414615722	0.0	0.020455110401	0.0001147536	0.018079565072	0.0009016176	0.010821518162	0.00036122725	0.031432795583
0.000131141088	0.004132760058	0.001081937376	0.007725905388	0.0	0.000508550184	0.0	0.017902137549	0.0	0.014145610882	0.0	0.020415315765	8.196864e-05	0.017981557138	0.000934398504	0.010610111018	0.000344797	0.031263364637
0.002327750568	0.030642726001	0.001737653112	0.031106500318	0.000229501584	0.059316048604	0.001344210192	0.030875816348	0.001704887184	0.05642911413	0.001770455856	0.022270489188	0.000770470272	0.021577547542	0.000967157256	0.01059224963	0.000311965125	0.03150545249
0.00257371452	0.004576189211	0.001163903832	0.007742294957	0.0	0.000557839596	0.0	0.018051539812	0.0	0.014161336983	0.0	0.020362582888	8.1960528e-05	0.017786891902	0.000918007584	0.010770902024	0.000344791625	0.031513436811
0.000229495968	0.004149078998	0.001163875752	0.007825694079	0.0	0.000541430019	0.0	0.017953146126	0.0	0.014114684209	0.0	0.020416979613	0.00011475672	0.017802765995	0.000868835448	0.010755432837	0.000344809125	0.031497925673
0.000262284048	0.004214444633	0.001163901024	0.008497277822	0.0	0.000508588851	0.0	0.017934947434	0.0	0.014209225452	0.0	0.020316462681	0.000131138592	0.017820145942	0.000885223248	0.010786547951	0.00036121475	0.031530861737
0.000229496904	0.004148921151	0.001245837528	0.007774038313	0.0	0.000574189333	0.0	0.018004208537	0.0	0.014186074151	0.0	0.020363670503	0.000114749856	0.017948458212	0.000901618536	0.010753566645	0.0003776335	0.031466181957
0.000262284048	0.004116474136	0.00121305132	0.007771560983	0.0	0.000574217581	0.0	0.017957377108	0.0	0.014165008792	0.0	0.020412556628	0.000114752976	0.018032834331	0.00091801008	0.010771110987	0.000394063875	0.031480889931
0.000131142024	0.030350484993	0.001688454144	0.031273281785	0.000245895936	0.059364293119	0.001295035248	0.03097158219	0.001655710992	0.056537491629	0.001770458352	0.022278408434	0.00086882328	0.021298132696	0.000885198288	0.010723818879	0.00034480475	0.031436712275
0.002393320176	0.004477172492	0.001098303336	0.007694303427	0.0	0.000574323412	0.0	0.017938228466	0.0	0.014157821364	1.639248e-05	0.02028050055	8.196864e-05	0.018081846422	0.000868828584	0.010692490742	0.000361219375	0.031185064196
0.00231136776	0.004461130319	0.001049130576	0.007809353154	0.0	0.000557792583	0.0	0.017985963687	0.0	0.014171334853	1.639248e-05	0.020295780873	0.000163929168	0.017787295796	0.000901602936	0.010740787885	0.000328385125	0.031469989834
0.000245889072	0.024633747106	0.00173762784	0.009581404944	0.000213109104	0.01001649496	0.0	0.017939228178	0.0	0.014236536948	0.0	0.020329435348	0.000114755472	0.01784673582	0.000885206712	0.010771930842	0.000361220125	0.031513235941
0.000131141088	0.004115912423	0.001081913976	0.007591870867	0.0	0.000508642909	0.0	0.017920299121	0.0	0.014159371523	0.0	0.020381247978	8.1968016e-05	0.017966893638	0.000934403496	0.010677108692	0.00036122075	0.031255477477
0.000131142024	0.004050788754	0.001049165208	0.007690540876	0.0	0.000541347059	0.0	0.018070249518	0.0	0.014216937348	0.0	0.02033065768	0.000180316032	0.017833898941	0.000918004464	0.010689565709	0.000361212125	0.031452533308
0.002573638704	0.004592211476	0.001180266048	0.007825531531	0.0	0.00052496808	0.0	0.017876372736	0.0	0.014095273981	0.0	0.020427364251	0.000114755472	0.01783339418	0.00088522668	0.010755526651	0.000344803625	0.031512936031
0.00257371452	0.004592269697	0.001213082208	0.008528786496	0.0	0.000557805167	0.0	0.018034421218	0.0	0.014226452848	0.0	0.020364509069	9.8353632e-05	0.017984087799	0.00095079504	0.010818735316	0.0003612145	0.031465382499
0.002294962488	0.004427915579	0.001065518064	0.007743150779	0.0	0.00050860877	0.0	0.01790458851	0.0	0.014155593778	1.639248e-05	0.020331094522	0.00013114296	0.017950555284	0.000885214824	0.010723640177	0.00039406225	0.031405274047
0.002606498856	0.004576139816	0.00121308408	0.007708656094	0.0	0.000557773291	0.0	0.018020129751	0.0	0.014189598795	0.0	0.020382382003	0.000147534192	0.018031978886	0.000901616352	0.010751601503	0.000361213625	0.031465082011
0.000180317592	0.020338218483	0.001704848184	0.008088717214	0.0	0.000525059443	0.0	0.01796899731	0.0	0.014161296099	0.0	0.020418487388	9.8362992e-05	0.01795091342	0.000868829832	0.010806386728	0.00032838725	0.0313673037
0.000131142024	0.004198415781	0.001032766488	0.007724304154	0.0	0.000524888956	0.0	0.018050542436	0.0	0.014181847135	0.0	0.020299205995	0.000196709136	0.017899389457	0.000885222312	0.010787609408	0.000361215625	0.031453554671
0.000147536064	0.004116098611	0.001114702992	0.007675880404	0.0	0.000508582851	0.0	0.018019144224	0.0	0.014105949543	0.0	0.020234633634	8.1968016e-05	0.017997234703	0.000885233544	0.010676749014	0.00034480475	0.031231787297
0.000114749856	0.004149425682	0.001049132448	0.007743961648	0.0	0.000508602837	0.0	0.017890209824	0.0	0.014176236347	1.639248e-05	0.02048110412	0.000163930416	0.017950381528	0.000868820784	0.01075461108	0.00041048175	0.031417934129
0.000262284048	0.004198238801	0.001163905704	0.007824644756	0.0	0.000574191515	0.0	0.018015412982	0.0	0.014244601505	0.0	0.020292793473	9.8357376e-05	0.017898797008	0.00091801008	0.010802527864	0.000361212625	0.031498976544
0.002540858112	0.004575470397	0.001196661024	0.007759483312	0.0	0.000557771936	0.0	0.017949749195	0.0	0.014067709809	0.0	0.020330306101	0.000114751104	0.017899053362	0.000885238848	0.010753918085	0.000344803875	0.031449508802
0.000147534192	0.004149019438	0.001081943928	0.018228841384	0.0	0.000574261521	0.0	0.020767435848	0.0	0.014097144901	0.0	0.020415810288	8.19624e-05	0.017950570757	0.00086883108	0.010707331598	0.000328381625	0.03133449604
0.002426104512	0.025094523122	0.00180320868	0.00959621183	0.000213105984	0.010078741799	0.0	0.018055703679	0.0	0.014160102296	0.0	0.020432612907	8.196864e-05	0.017979854761	0.00088519236	0.010708757408	0.00032837875	0.031335617895
0.002426104512	0.00452626249	0.00121305132	0.007741722638	0.0	0.000574212142	0.0	0.017958033585	0.0	0.014097084926	1.639248e-05	0.020260276694	9.8359248e-05	0.017949640587	0.000852436104	0.010757163836	0.000344797875	0.031383696781
0.00024589188	0.004198136052	0.001131114816	0.007691889256	0.0	0.000508641141	0.0	0.017965709239	0.0	0.014130017007	0.0	0.020467690229	9.8353008e-05	0.017835639512	0.000868831392	0.010771240211	0.000344794625	0.031466268873
0.000147534192	0.004083680335	0.001098305208	0.007676579691	0.0	0.00049226181	0.0	0.017957840506	0.0	0.014133262982	1.639248e-05	0.020301966084	6.5575536e-05	0.018014378781	0.000917994792	0.010659907764	0.000361223625	0.031171987674
0.00011474892	0.004198016546	0.001032765552	0.007692102157	0.0	0.000541326543	0.0	0.018032139181	0.0	0.014174404422	0.0	0.020313533655	0.00018031728	0.017882924001	0.000885220128	0.010786253963	0.000344797125	0.031485852109
0.000147534192	0.004165385564	0.00116387388	0.007741743748	0.0	0.000541443152	0.0	0.017998178263	0.0	0.01410785023	0.0	0.020261811524	8.1969264e-05	0.017999517715	0.000885226992	0.010791441822	0.0003447985	0.031283668908
0.002344227912	0.004543218606	0.001065541464	0.00762730412	0.0	0.00054136857	0.0	0.017931470993	0.0	0.014193742857	0.0	0.020334816132	8.1960528e-05	0.017933691282	0.000950789424	0.010627405304	0.00032837575	0.031272094967
0.000262282176	0.00421436942	0.00124587684	0.018323069569	0.0	0.000525008549	0.0	0.020738121012	0.0	0.014254636378	0.0	0.020323681084	0.000131138592	0.01785252722	0.00088522356	0.01075457586	0.0003612155	0.031528871257
0.000262282176	0.004182037237	0.001196690976	0.007709554053	0.0	0.000541320172	0.0	0.018053725039	0.0	0.014227914286	0.0	0.020316515364	0.000131140464	0.018032392153	0.000934404744	0.010768835539	0.00034479475	0.031464443265
0.000131142024	0.004083325422	0.001065520872	0.007709857827	0.0	0.000492175111	0.0	0.017918215738	0.0	0.014245490048	0.0	0.0203792277	0.000180324144	0.017997987127	0.000934397568	0.010640217116	0.0003612185	0.031454925651
0.000131142024	0.004083417975	0.00104917176	0.01825974403	0.0	0.000541376342	0.0	0.02075405272	0.0	0.014257410485	0.0	0.020263509738	0.00019670976	0.017851294292	0.000885220752	0.010771757012	0.000344793375	0.031504257926
0.000245890944	0.004165387294	0.001213052256	0.007773991253	0.0	0.000574148078	0.0	0.01802176554	0.0	0.014261712152	0.0	0.02036965568	0.000131144832	0.017984093021	0.000901618848	0.010769318649	0.000361217	0.031517771287
0.002590030872	0.00455943063	0.001213052256	0.007771723272	0.0	0.000524977117	0.0	0.017983577845	0.0	0.014147548449	0.0	0.020453488011	0.000131143584	0.0179843282	0.000885224496	0.010770136461	0.000410474375	0.031434615536
0.000245890944	0.025566433605	0.00170484912	0.010448284226	0.000229502832	0.041620371758	0.000999973728	0.018185074063	9.8362992e-05	0.023657479	0.0	0.020481223578	0.00011475672	0.017816344932	0.00086880924	0.01080380431	0.000344805875	0.031479704798
0.00026228124	0.004247652576	0.001163905704	0.007691279494	0.0	0.000541366985	0.0	0.017977311963	0.0	0.014275855134	0.0	0.02031448087	0.000131138592	0.017935725867	0.0009016176	0.010818628744	0.0003612155	0.031513586016
0.002229385392	0.024290565252	0.001655659512	0.00869521508	0.000229502832	0.002442405614	0.0	0.017980873053	0.0	0.014206383981	0.0	0.020278088242	0.000180322896	0.017950865906	0.000885216072	0.010769507574	0.000344800625	0.031469473796
0.00011474892	0.004148979413	0.001098305208	0.007776664595	0.0	0.000524999498	0.0	0.017905839637	0.0	0.014222742532	0.0	0.020522739794	0.000163928544	0.018045265143	0.000852437664	0.010819193058	0.000394065	0.031401518152
0.000245890944	0.004198071418	0.001163875752	0.007811352307	0.0	0.000492196191	0.0	0.017923204754	0.0	0.014162556664	0.0	0.020398962728	9.836112e-05	0.017781947428	0.000868836384	0.0107393824	0.0003612265	0.031495270652
0.00014753232	0.004182068741	0.001163874816	0.007744070344	0.0	0.000557808393	0.0	0.017952447655	0.0	0.01415628784	0.0	0.020295870204	0.00011475672	0.018047353847	0.000836043624	0.010807424524	0.00032838725	0.031248625859
0.00255725028	0.004559675832	0.001213081272	0.007774560268	0.0	0.000574126761	0.0	0.017954569406	0.0	0.014128249639	0.0	0.020367590728	9.8357376e-05	0.017833561181	0.000885220752	0.010720680707	0.000361216625	0.031480391612
0.00013114296	0.023830226282	0.001754041536	0.008711419311	0.000229501584	0.002523739523	0.0	0.018080970716	0.0	0.014147015572	0.0	0.020430687124	8.1967392e-05	0.017917304751	0.000917994168	0.010658426058	0.00031196675	0.031301822794
0.000262283112	0.004149091768	0.001196661024	0.007808184828	0.0	0.000508600676	0.0	0.017894503645	0.0	0.014155412233	0.0	0.020410348811	0.000114752976	0.018098452431	0.00090161292	0.010821064067	0.00036122625	0.031431270721
0.00226229796	0.004461219388	0.00106555644	0.007723067658	0.0	0.000524954666	0.0	0.017948274335	0.0	0.014214892152	0.0	0.020265199497	0.000213100368	0.017899846997	0.00088521732	0.010624124753	0.000394053375	0.031537637867
0.00016392636	0.004182017835	0.001180297872	0.007708195232	0.0	0.000541431099	0.0	0.01796602933	0.0	0.014123076443	0.0	0.020307760713	8.1966768e-05	0.017985761271	0.000885228552	0.010723846687	0.000344800625	0.031381491967
0.000131140152	0.004083541093	0.001049127768	0.007744006969	0.0	0.000525050544	0.0	0.017924285015	0.0	0.014158086477	1.639248e-05	0.020333846528	0.000131145456	0.017851079912	0.00090160824	0.010757261927	0.00032838825	0.031403628416
0.002426105448	0.0045590678	0.001081913976	0.007743028453	0.0	0.000574222368	0.0	0.017956332676	0.0	0.014111762586	0.0	0.020381557769	8.1966144e-05	0.017996978703	0.000885212952	0.010707772165	0.000328384875	0.031297950889
0.000163928232	0.004182011415	0.001147488264	0.007809561938	0.0	0.00052499676	0.0	0.017918041372	0.0	0.014116727464	0.0	0.020317205761	9.8361744e-05	0.017999188546	0.000852429552	0.010758608286	0.000361223875	0.031281383689
0.002196607608	0.004575545365	0.00114747984	0.007809676745	0.0	0.000525004917	0.0	0.017910635142	0.0	0.014205775304	0.0	0.02044689598	0.000147536064	0.017996877961	0.000868828584	0.010818612744	0.000361225875	0.031433215894
0.000245890008	0.004149061236	0.001180270728	0.007841618125	0.0	0.000557745885	0.0	0.017954600825	0.0	0.014110554755	0.0	0.020347299623	0.000114755472	0.017849853245	0.000885224808	0.010755470213	0.000361223375	0.031530308179
0.002442579984	0.004592118842	0.001163907576	0.018271138161	0.0	0.000557812334	0.0	0.020649663306	0.0	0.014144561364	0.0	0.02045163137	8.1959904e-05	0.017922671419	0.000885226368	0.010758000687	0.00032838	0.031348317306
0.000131141088	0.004067137059	0.001049152104	0.008431721977	0.0	0.000541328742	0.0	0.018082342589	0.0	0.014151124689	0.0	0.020298988074	0.000131138592	0.017933537449	0.000934396944	0.010691370359	0.000311958	0.031439269461
0.002311356528	0.014706159686	0.001639294488	0.007724390842	0.0	0.000557668551	0.0	0.01810051376	0.0	0.014113243726	0.0	0.020291564757	0.000147536688	0.01789906504	0.00093439008	0.010740832045	0.000295548	0.031487013442
0.00221299884	0.004608209647	0.00104912496	0.007874062926	0.0	0.000525065707	0.0	0.017841047529	0.0	0.014220989545	0.0	0.020295551597	0.000196714752	0.018014767158	0.0008524308	0.010736679758	0.000344802875	0.031500911259
0.002475281016	0.004559393507	0.001180265112	0.00776103421	0.0	0.000525041773	0.0	0.017929169682	0.0	0.014099480751	0.0	0.020354895996	0.000114755472	0.017818600102	0.00085243548	0.010823650127	0.000344804875	0.031418349633
0.002360617272	0.004510473289	0.001098329544	0.00769263358	0.0	0.000508603804	0.0	0.017934400371	0.0	0.014160046612	0.0	0.02032596328	8.1968016e-05	0.017983519811	0.000918001656	0.01067622638	0.000344795125	0.031216326113
0.00016392636	0.004181821453	0.001147509792	0.008446721142	0.0	0.000541429091	0.0	0.018051735728	0.0	0.014045128591	0.0	0.020449791789	9.8352384e-05	0.017873940737	0.000852439536	0.010755153966	0.000344800875	0.031398020847
0.000147534192	0.004116457131	0.001180266048	0.007709273334	0.0	0.000590683222	0.0	0.018004993363	0.0	0.014138863193	0.0	0.020279789742	8.1968016e-05	0.017934451847	0.00083603988	0.010840458748	0.00034480425	0.031217170843
0.000229495968	0.004165292753	0.00114748452	0.00782495957	0.0	0.00052505508	0.0	0.017970204541	0.0	0.014111719231	0.0	0.020418686736	9.8362368e-05	0.017851563877	0.000868828896	0.010773113652	0.00034480675	0.031482153913
0.000114749856	0.00413248113	0.001081918656	0.007756792998	0.0	0.000508605885	0.0	0.017934303727	0.0	0.014241389721	1.639248e-05	0.020477330064	0.000163929168	0.017933977808	0.000868842624	0.010770857702	0.000426902	0.031469743605
0.000147534192	0.00414906773	0.00113111388	0.007725079431	0.0	0.000541377779	0.0	0.017956911232	0.0	0.014112091179	0.0	0.020435683893	8.1961152e-05	0.017981205802	0.000885224184	0.010725608979	0.000328380125	0.03133578302
0.000245889072	0.004198354714	0.001114727328	0.007692254452	0.0	0.000525056366	0.0	0.017914485701	0.0	0.014172162718	0.0	0.020306252375	8.1960528e-05	0.017821995511	0.000885226368	0.010756841923	0.000344797625	0.031496192736
0.000131142024	0.004132632259	0.001081912104	0.007644115409	0.0	0.000492170178	0.0	0.01790287706	0.0	0.014145327965	0.0	0.02045913729	9.8361744e-05	0.018015221994	0.00096718752	0.010609432601	0.00032838075	0.031223941477
0.000114747048	0.024812012976	0.001672058232	0.009646364045	0.000229500336	0.010098235855	0.0	0.017998066946	0.0	0.01422425193	0.0	0.02026380801	0.000196714752	0.017949507384	0.000868808616	0.010720192703	0.0003448015	0.031503670051
0.000147534192	0.004181680704	0.001163875752	0.007710213051	0.0	0.000541424847	0.0	0.017984539309	0.0	0.01409477654	1.639248e-05	0.020294203249	9.8359872e-05	0.018017499783	0.000836042064	0.010823814032	0.0003448055	0.031152661094
0.000262283112	0.014477305662	0.001688447592	0.007857175466	0.0	0.000524929225	0.0	0.017822830925	0.0	0.014243771639	0.0	0.020428988632	0.000131148576	0.017783990632	0.000885228552	0.010804327461	0.000328384	0.031498371063
0.000131141088	0.004100013186	0.001065546144	0.00767467001	0.0	0.000475772181	0.0	0.017904243419	0.0	0.014178606433	0.0	0.020366149334	0.000114752352	0.017984098207	0.000967182216	0.010625582902	0.000328375625	0.031453749962
0.000262283112	0.03039368585	0.001770412176	0.031309570222	0.000229504704	0.059300019288	0.001327826448	0.030826676137	0.001672109088	0.056489015062	0.001786832112	0.02230723731	0.000803253984	0.021457820626	0.000901599192	0.01077088002	0.000361228375	0.031549475715
0.002590043976	0.026030860139	0.001754022816	0.010285888922	0.000196716	0.041715347391	0.000999971232	0.018277685375	8.196864e-05	0.0234443948	0.0	0.020288009044	9.8362368e-05	0.017833468938	0.000917983872	0.010804045592	0.000361225625	0.031515621603
0.000147534192	0.004132507569	0.001180268856	0.007726148932	0.0	0.000541473397	0.0	0.018036766077	0.0	0.014107027674	0.0	0.020244824658	8.196864e-05	0.018050054122	0.000868833264	0.010789467229	0.000361214125	0.031215726655
0.000147536064	0.025534902508	0.001754044344	0.010367126904	0.000229502208	0.041712163641	0.00098358	0.018360748017	8.1968016e-05	0.023348970414	0.0	0.02041435633	8.1967392e-05	0.017948988527	0.000868799256	0.010741811587	0.00032838375	0.031320660145
0.000147534192	0.00416556191	0.001098306144	0.007678727667	0.0	0.0005413849	0.0	0.017986923328	0.0	0.014093062074	1.639248e-05	0.020281106997	9.836112e-05	0.018031677364	0.000868819224	0.01077596978	0.000344806625	0.031185080437
0.000131142024	0.004067212895	0.001065543336	0.007692319874	0.0	0.000574138112	0.0	0.018115198833	0.0	0.014146772085	0.0	0.020313518185	0.000131140464	0.017915967359	0.000934395384	0.0107090517	0.000295541125	0.031473616138
0.00011474892	0.004198290984	0.0010327356	0.007743291844	0.0	0.000508580616	0.0	0.017895173213	0.0	0.014220632748	1.639248e-05	0.020410551977	0.000180322896	0.017950669084	0.000852431736	0.010770741692	0.000377645375	0.031403541659
