0.0	0.0	0.0	0.0	0.0	0.0	0.0	0.0	0.0	0.001571186144	0.0	0.001301106736	0.001185810336	0.063749490977
0.0	0.0	0.0	0.001030127471	0.0	0.0	0.0	0.037389560361	0.0	0.002833737618	0.0	0.016970259196	0.001609999056	0.06377114612
0.0	0.0	0.0	7.6984801e-05	0.0	0.0	0.0	0.03746351311	0.0	0.002863086909	0.0	0.016981125562	0.001648592424	0.063675620111
0.0	0.052278248323	0.0	9.644962e-05	0.000366351948	0.051132566566	1.9282032e-05	0.007922029362	0.001986026652	0.053628140946	0.00195710094	0.005648244401	0.002246332752	0.081328598227
0.0	0.0	0.0	0.0	0.0	0.0	0.0	0.0	0.0	0.00156196558	0.0	0.001329963173	0.001185830316	0.063703527915
0.0	0.0	0.0	0.0	0.0	0.0	0.0	0.0	0.0	0.001561453031	0.0	0.001310710234	0.001185815664	0.06374176268
0.0	0.0	0.0	0.0	0.0	0.0	0.0	0.0	0.0	0.001504006446	0.0	0.001330021112	0.001166548284	0.063730275111
0.0	0.0	0.0	8.6519181e-05	0.0	0.0	0.0	0.037406075895	0.0	0.002863345553	0.0	0.016961065278	0.001552183596	0.063733406314
0.0	0.0	0.0	0.0	0.0	0.0	0.0	0.0	0.0	0.001532858772	0.0	0.001310731961	0.001156905936	0.063761035479
0.0	0.0	0.0	0.0	0.0	0.0	0.0	0.0	0.0	0.00144607461	0.0	0.00131082284	0.001234035396	0.063721860375
0.0	0.0	0.0	0.0	0.0	0.0	0.0	0.0	0.0	0.001609962206	0.0	0.001281804851	0.00122439438	0.063768575442
0.0	0.0	0.0	0.019002396938	0.0	0.0	0.0	0.041620721703	0.0	0.003267519151	0.0	0.016961285259	0.001610000388	0.06392547033
0.0	0.0	0.0	8.6536373e-05	0.0	0.0	0.0	0.001098218355	0.0	0.001590573488	0.0	0.001281832468	0.001214738712	0.06378011344
0.0	0.000453219971	0.0	0.0	0.0	0.0	0.0	0.0	0.0	0.001571181972	0.0	0.001300977792	0.001205112348	0.063780534761
0.0	0.0	0.0	0.0	0.0	0.0	0.0	0.0	0.0	0.001542535294	0.0	0.001301077357	0.001166549616	0.063749829344
0.0	0.0	0.0	0.0	0.0	0.0	0.0	0.0	0.0	0.00158120729	0.0	0.001291442159	0.001214753364	0.063767819912
0.0	0.0	0.0	0.0	0.0	0.0	0.0	0.0	0.0	0.001542628357	0.0	0.001320387251	0.001214753364	0.063722718328
0.0	0.0	0.0	0.0	0.0	0.0	0.0	0.0	0.0	0.001609914573	0.0	0.001272138767	0.001214738712	0.063731759092
0.0	0.0	0.0	0.0	0.0	0.0	0.0	0.0	0.0	0.001581090488	0.0	0.001291482173	0.00120511368	0.063788787745
0.0	0.00226430937	0.0	0.0	0.0	0.011120207504	0.0	0.0	0.0	0.015301009145	0.0	0.001301091368	0.001176194628	0.06369224484
0.0	0.0	0.0	0.0	0.0	0.0	0.0	0.0	0.0	0.00157152427	0.0	0.001291461929	0.00119547	0.063817616695
0.0	0.0	0.0	0.000105851024	0.0	0.0	0.0	0.037340428837	0.0	0.002843298038	0.0	0.016895137899	0.001638914112	0.063838248928
0.0	0.0	0.0	7.7029789e-05	0.0	0.0	0.0	0.037340036554	0.0	0.002824277953	0.0	0.017030822551	0.001523260548	0.063770953517
0.0	0.0	0.0	0.0	0.0	0.0	0.0	0.0	0.0	0.001571357053	0.0	0.001301048687	0.001185828984	0.06375192056
0.0	0.001080000334	0.0	9.6272105e-05	0.0	0.0	0.0	0.037289988823	0.0	0.002834681878	0.0	0.017023251477	0.001610025696	0.063809922641
0.0	0.00050109698	0.0	9.6045046e-05	0.0	0.0	0.0	0.037387054916	0.0	0.002834191516	0.0	0.016942864438	0.001600392672	0.063825428913
0.0	0.0	0.0	0.0	0.0	0.0	0.0	0.0	0.0	0.001551964197	0.0	0.001281763178	0.0011761893	0.063798962058
0.0	0.001716216556	0.0	0.0	0.0	0.00355532571	0.0	0.0	0.0	0.003170527029	0.0	0.001301048439	0.001176183972	0.063705675219
0.0	0.0	0.0	0.0	0.0	0.0	0.0	0.0	0.0	0.001513616319	0.0	0.001301040071	0.001224393048	0.063770219116
1.9282032e-05	0.0547530465	0.001311163524	0.013551836424	0.00202459338	0.052769249615	0.0008387604	0.063158599445	0.002130641892	0.053607462712	0.002014952364	0.021674750446	0.00232346088	0.081118031181
1.9282032e-05	0.014844799358	0.0	0.000153981661	0.00034707258	0.022208607113	0.0	0.037408740155	0.001070136792	0.036561862831	0.0	0.016933527558	0.001658230776	0.063713750229
0.0	0.001735719185	0.0	0.0	0.0	0.003498054431	0.0	0.0	0.0	0.003238108415	0.0	0.00129134531	0.001205108352	0.063753642208
0.0	0.0	0.0	0.019021406077	0.0	0.0	0.0	0.034360216986	0.0	0.001927826674	0.0	0.001668042971	0.001185816996	0.063936859197
0.0	0.0	0.0	0.0	0.0	0.0	0.0	0.0	0.0	0.00157158303	0.0	0.001310707521	0.001214748036	0.063723513954
0.0	0.0	0.0	0.001011484583	0.0	0.0	0.0	0.01918216785	0.0	0.001590504395	0.0	0.001272235197	0.001205096364	0.063760828802
0.0	0.0	0.0	0.0	0.0	0.0	0.0	0.0	0.0	0.001629375824	0.0	0.001310724996	0.001224393048	0.063723421257
0.0	0.001030819932	0.0	0.0	0.0	0.0	0.0	0.0	0.0	0.001561917845	0.0	0.001301044715	0.001166546952	0.063771945456
0.0	0.001118851972	0.0	0.0	0.0	0.0	0.0	0.0	0.0	0.001590473154	0.0	0.001272069247	0.001224390384	0.063808546736
0.0	0.0	0.0	0.0	0.0	0.0	0.0	0.0	0.0	0.001542530811	0.0	0.00131075266	0.001166546952	0.063811151358
0.0	0.0	0.0	0.0	0.0	0.0	0.0	0.0	0.0	0.001561906452	0.0	0.001301069244	0.001185830316	0.063760851123
0.0	0.0	0.0	0.0	0.0	0.0	0.0	0.0	0.0	0.001619687512	0.0	0.001281811186	0.001205109684	0.063750605547
0.0	0.0	0.0	9.6144689e-05	0.0	0.0	0.0	0.037292362172	0.0	0.002881872268	0.0	0.016883023052	0.001638911448	0.063817373536
0.0	0.0	0.0	0.0	0.0	0.0	0.0	0.0	0.0	0.001590807064	0.0	0.001301206102	0.001195468668	0.06382892358
0.0	0.000394578647	0.0	0.0	0.0	0.0	0.0	0.0	0.0	0.001571659851	0.0	0.001301011858	0.001195468668	0.063743600402
0.0	0.0	0.0	8.6535692e-05	0.0	0.0	0.0	0.008115192961	0.0	0.001542280196	0.0	0.001301065484	0.001214733384	0.063752110997
0.0	0.0	0.0	8.6439632e-05	0.0	0.0	0.0	0.037426382765	0.0	0.00285354126	0.0	0.017009405309	0.001581106644	0.063768107307
0.0	0.002872501502	0.0	0.0	2.8923048e-05	0.022084324198	0.0	0.0	0.000337431564	0.03651188396	0.0	0.001272113723	0.001214749368	0.063732435358
0.0	0.0	0.0	0.0	0.0	0.0	0.0	0.0	0.0	0.001532924481	0.0	0.001301031553	0.001166550948	0.063748856172
0.0	0.0	0.0	0.0	0.0	0.0	0.0	0.0	0.0	0.001600492173	0.0	0.001262413587	0.001205111016	0.063778325706
0.0	0.000375464598	0.0	0.0	0.0	0.0	0.0	0.0	0.0	0.001523398068	0.0	0.001291381666	0.001214752032	0.063723541206
0.0	0.0	0.0	0.0	0.0	0.0	0.0	0.0	0.0	0.001619802515	0.0	0.001281820758	0.001224391716	0.063741394308
0.0	0.052131222447	0.0	5.783963e-05	0.000375995628	0.05113742392	9.641016e-06	0.008027951259	0.001957108932	0.053395911447	0.0019571076	0.005686528997	0.002198130336	0.081300467876
0.0	0.0	0.0	0.0	0.0	0.0	0.0	0.0	0.0	0.001590929002	0.0	0.001281794564	0.001185827652	0.063719527404
0.0	0.0	0.0	0.0	0.0	0.0	0.0	0.0	0.0	0.001561930894	0.0	0.001281846382	0.001195472664	0.063856399292
0.0	0.0	0.0	9.6035558e-05	0.0	0.0	0.0	0.037253319083	0.0	0.002853142966	0.0	0.01699981591	0.001532901564	0.063761059274
0.0	0.0	0.0	0.0	0.0	0.0	0.0	0.0	0.0	0.001561670462	0.0	0.001301150926	0.001195452684	0.063762572994
0.0	0.002226919964	0.0	9.6247259e-05	0.0	0.0	0.0	0.037312495521	0.0	0.002853940093	0.0	0.016961673223	0.001610027028	0.063761068699
0.0	0.0	0.0	0.0	0.0	0.0	0.0	0.0	0.0	0.001571175245	0.0	0.001301068306	0.001205092368	0.063789960168
0.0	0.002833765556	0.0	0.0	2.8923048e-05	0.022152086262	0.0	0.0	0.000318149532	0.036561239789	0.0	0.001291378014	0.001195466004	0.063821625019
0.0	0.0	0.0	0.0	0.0	0.0	0.0	0.0	0.0	0.001648743155	0.0	0.001330010242	0.001214754696	0.063732820034
0.0	0.0	0.0	8.6647403e-05	0.0	0.0	0.0	0.037303527495	0.0	0.002852972187	0.0	0.016979429483	0.001629274428	0.063721199961
0.0	0.0	0.0	0.0	0.0	0.0	0.0	0.0	0.0	0.001581211911	0.0	0.001301018334	0.001205111016	0.063779420866
0.0	0.0	0.0	7.6876875e-05	0.0	0.0	0.0	0.037318346345	0.0	0.002863222204	0.0	0.016991422093	0.001561820616	0.063772376129
0.0	0.0	0.0	0.0	0.0	0.0	0.0	0.0	0.0	0.001590813828	0.0	0.001301142837	0.001205111016	0.063817194686
0.0	0.0	0.0	0.0	0.0	0.0	0.0	0.0	0.0	0.001600422335	0.0	0.001291336024	0.001224393048	0.063806336768
0.0	0.0	0.0	9.6027574e-05	0.0	0.0	0.0	0.037359891148	0.0	0.002823975188	0.0	0.017001125445	0.001638916776	0.063791142037
0.0	0.0	0.0	0.0	0.0	0.0	0.0	0.0	0.0	0.001581078229	0.0	0.001301083671	0.001205112348	0.063771591888
0.0	0.0	0.0	0.0	0.0	0.0	0.0	0.0	0.0	0.001503944404	0.0	0.001301032419	0.001214752032	0.063694436724
0.0	0.0	0.0	0.0	0.0	0.0	0.0	0.0	0.0	0.00155226102	0.0	0.001310735121	0.00119547	0.063797538542
0.0	0.0	0.0	0.0	0.0	0.0	0.0	0.0	0.0	0.001571512347	0.0	0.001329972659	0.00116654562	0.063782104496
0.0	0.0	0.0	7.6868289e-05	0.0	0.0	0.0	0.037223068242	0.0	0.00284400435	0.0	0.017031702756	0.001561820616	0.063733066686
0.0	0.0	0.0	0.0	0.0	0.0	0.0	0.0	0.0	0.001551922397	0.0	0.001291494744	0.001195454016	0.063758345861
0.0	0.0	0.0	0.01901240155	0.0	0.0	0.0	0.034371908397	0.0	0.002053180501	0.0	0.001648623358	0.001214732052	0.063915346666
0.0	0.003498114826	0.0	9.6147198e-05	0.0	0.0	0.0	0.0374555962	0.0	0.002834625372	0.0	0.016953366821	0.001638948744	0.063760502052
0.0	0.0	0.0	8.6413896e-05	0.0	0.0	0.0	0.00800843243	0.0	0.001523097327	0.0	0.001310736198	0.001166533632	0.063693930683
0.0	0.0	0.0	0.0	0.0	0.0	0.0	0.0	0.0	0.001542518177	0.0	0.001320444538	0.001166546952	0.063763032697
0.0	0.0	0.0	8.6647226e-05	0.0	0.0	0.0	0.001166264885	0.0	0.001542253157	0.0	0.001320371135	0.001166529636	0.063810730375
0.0	0.002486680237	0.0	9.6089539e-05	0.0	0.0	0.0	0.037389782494	0.0	0.002872944822	0.0	0.016941228687	0.001610027028	0.063741783891
0.0	0.0	0.0	0.0	0.0	0.0	0.0	0.0	0.0	0.001551942396	0.0	0.001301155727	0.001176174648	0.063692963336
0.0	0.0	0.0	0.019002128445	0.0	0.0	0.0	0.034448724008	0.0	0.001937547879	0.0	0.001668158196	0.001195454016	0.063944786505
0.0	0.0	0.0	8.6486866e-05	0.0	0.0	0.0	0.037320151016	0.0	0.002853269018	0.0	0.016923133163	0.00152325522	0.063721711689
0.0	0.0	0.0	0.0	0.0	0.0	0.0	0.0	0.0	0.001600272321	0.0	0.001281784237	0.001205097696	0.063711650402
0.0	0.001618889171	0.0	0.0	0.0	0.003507443968	0.0	0.0	0.0	0.003199750539	0.0	0.001320219773	0.001195467336	0.063774353587
0.0	0.0	0.0	0.0	0.0	0.0	0.0	0.0	0.0	0.001561816427	0.0	0.001301102123	0.001185827652	0.06375163589
0.0	0.0	0.0	0.0	0.0	0.0	0.0	0.0	0.0	0.00155206887	0.0	0.001291565983	0.001185814332	0.063664410798
0.0	0.0	0.0	0.001011126539	0.0	0.0	0.0	0.01911647667	0.0	0.00156167931	0.0	0.001310749658	0.001185815664	0.063743911229
0.0	0.0	0.0	7.6924024e-05	0.0	0.0	0.0	0.037368431024	0.0	0.002824725879	0.0	0.017019919168	0.001581107976	0.063759368611
0.0	0.001677938131	0.0	7.684406e-05	0.0	0.0	0.0	0.037312619262	0.0	0.00284404723	0.0	0.016982331026	0.001619673372	0.06380848892
0.0	0.0	0.0	0.0	0.0	0.0	0.0	0.0	0.0	0.001552249817	0.0	0.001310724966	0.001176191964	0.063741382179
0.0	0.0	0.0	0.0	0.0	0.0	0.0	0.0	0.0	0.001639171658	0.0	0.001301057691	0.001214752032	0.063751452025
0.0	0.002891060822	0.0	0.0	3.8564064e-05	0.022103210496	0.0	0.0	0.00038563398	0.036571190915	0.0	0.00132038401	0.001185828984	0.063744662217
0.0	0.0	0.0	0.0	0.0	0.0	0.0	0.0	0.0	0.001590813456	0.0	0.001281817933	0.001214749368	0.063762010004
0.0	0.006273545624	0.0	9.6026026e-05	0.0	0.003545549522	0.0	0.037349239274	0.0	0.004472601362	0.0	0.016974369983	0.001638948744	0.063800817934
0.0	0.0	0.0	0.0	0.0	0.0	0.0	0.0	0.0	0.001523467382	0.0	0.001310746674	0.001224397044	0.063713536721
0.0	0.00107004717	0.0	0.0	0.0	0.0	0.0	0.0	0.0	0.001581228225	0.0	0.001281759567	0.00118582632	0.063713043369
0.0	0.0	0.0	0.0	0.0	0.0	0.0	0.0	0.0	0.001581219379	0.0	0.001272146878	0.001195477992	0.063721020222
0.0	0.052122582119	0.0	6.7482453e-05	0.000356713596	0.05120830702	0.0	0.007989731693	0.002063160108	0.053589038711	0.001976390964	0.005657816651	0.002313821196	0.081212913369
0.0	0.0	0.0	0.0	0.0	0.0	0.0	0.0	0.0	0.001581210303	0.0	0.001281746559	0.001214753364	0.063712693425
0.0	0.0	0.0	0.0	0.0	0.0	0.0	0.0	0.0	0.001610111397	0.0	0.001291422493	0.001224397044	0.063710941982
0.0	0.0	0.0	7.6840559e-05	0.0	0.0	0.0	0.008007289314	0.0	0.001580884579	0.0	0.001262522016	0.001205099028	0.063769842572
0.0	0.0	0.0	7.6863158e-05	0.0	0.0	0.0	0.037279934078	0.0	0.002862942782	0.0	0.01696298179	0.001513616868	0.063721964733
0.0	0.0	0.0	0.0	0.0	0.0	0.0	0.0	0.0	0.001581259185	0.0	0.001291440522	0.001195471332	0.063757404187
0.0	0.0	0.0	9.6165645e-05	0.0	0.0	0.0	0.001253541437	0.0	0.001542338368	0.0	0.001291490248	0.001185810336	0.06369481524
0.0	0.0	0.0	0.0	0.0	0.0	0.0	0.0	0.0	0.001581151525	0.0	0.001291490847	0.001205115012	0.063694013317
0.0	0.002322947192	0.0	0.0	0.0	0.011081816306	0.0	0.0	0.0	0.015281295084	0.0	0.001281806414	0.001195473996	0.063797367
0.0	0.0	0.0	0.0	0.0	0.0	0.0	0.0	0.0	0.001600483984	0.0	0.001272127322	0.001224393048	0.063778528528
0.0	0.0	0.0	0.0	0.0	0.0	0.0	0.0	0.0	0.001542633244	0.0	0.001281749067	0.00118582632	0.063759253561
0.0	0.0	0.0	9.6048334e-05	0.0	0.0	0.0	0.037455691561	0.0	0.002804812604	0.0	0.016963461754	0.00162927576	0.063761589962
0.0	0.002159759837	0.0	0.0	0.0	0.011207703661	0.0	0.0	0.0	0.015427436503	0.0	0.00130098988	0.00121475736	0.06380730889
0.0	0.0	0.0	9.6116239e-05	0.0	0.0	0.0	0.037418138205	0.0	0.002766479885	0.0	0.016961655758	0.001638951408	0.063702262432
0.0	0.0	0.0	0.0	0.0	0.0	0.0	0.0	0.0	0.001532987949	0.0	0.001310726631	0.001176193296	0.063759463335
0.0	0.0	0.0	0.0	0.0	0.0	0.0	0.0	0.0	0.001610192824	0.0	0.001281718448	0.001214758692	0.063738268941
0.0	0.0	0.0	0.0	0.0	0.0	0.0	0.0	0.0	0.001571517311	0.0	0.001291576348	0.001214754696	0.063816774434
0.0	0.0	0.0	0.0	0.0	0.0	0.0	0.0	0.0	0.001581080995	0.0	0.001291426192	0.001195472664	0.063818502514
0.0	0.0	0.0	8.65113e-05	0.0	0.0	0.0	0.037282493473	0.0	0.002853615816	0.0	0.017039928416	0.001571464296	0.063788743233
0.0	0.0	0.0	0.0	0.0	0.0	0.0	0.0	0.0	0.001590852489	0.0	0.001291463885	0.001205112348	0.063787852197
1.9282032e-05	0.009734952844	0.0	9.6165277e-05	0.0	0.011167992267	0.0	0.03743557797	0.0	0.016622711324	0.0	0.01694518264	0.001658236104	0.063740549348
0.0	0.0	0.0	9.6244977e-05	0.0	0.0	0.0	0.037395345329	0.0	0.002853656446	0.0	0.016942851957	0.001552184928	0.063703898042
0.0	0.0	0.0	0.001011003468	0.0	0.0	0.0	0.019041920674	0.0	0.001542327836	0.0	0.001272180772	0.001214733384	0.06374224283
0.0	0.0	0.0	0.0	0.0	0.0	0.0	0.0	0.0	0.001523383938	0.0	0.001301159027	0.001214754696	0.06375176255
