0.0	0.0	0.0	0.0	0.0	0.0	0.0	0.0	9.631692e-06	0.000308082275	0.00016372944	0.056866320854	0.000221516928	0.016540960241
0.0	0.000653638553	0.0	0.0	0.0	0.008028129964	0.0	0.0	9.631692e-06	0.037611695489	0.000211885236	0.050788107943	0.000231147288	0.016521322382
0.0	0.0	0.0	0.0	0.0	0.006112023989	0.0	0.0	0.0	0.037515994457	0.000221514264	0.050796514341	0.000231145956	0.01655104791
0.0	0.0	0.0	0.0	0.0	0.0	0.0	9.609952e-06	0.0	0.000298448551	0.000182991492	0.050880518391	0.000221516928	0.016541497292
0.0	0.0	0.0	0.0	0.0	0.006071406852	0.0	0.0	0.0	0.037573141911	0.000240776316	0.050872157823	0.00022151826	0.016453454984
0.0	0.0	0.0	0.0	0.0	0.0	0.0	0.0	9.631692e-06	0.000279125725	0.000173361132	0.05081152163	0.000250410672	0.016514500598
0.0	0.0	0.0	0.0	0.0	0.0	0.0	0.0	0.0	0.000279164634	0.000173361132	0.056857972017	0.000211883904	0.016531189893
0.0	0.0	0.0	0.012037462075	0.0	0.006179057652	0.0	0.020743793903	0.0	0.037514500012	0.000221508936	0.051038453166	0.000221508936	0.016543121251
0.0	0.0	0.0	0.0	0.0	0.0	0.0	0.0	0.0	0.000298427206	0.000182991492	0.050851043072	0.000231144624	0.01649170849
0.0	0.035329977214	0.0	0.0	0.0	0.051768056649	0.0	0.002455579483	9.631692e-06	0.042495720458	0.002195896572	0.071315004106	0.002744868384	0.020133445923
0.0	0.0	0.0	0.0	0.0	0.006147545506	0.0	0.0	0.0	0.0002888109	0.0001733598	0.056839925612	0.000240777648	0.016550360195
0.0	0.0	0.0	0.0	0.0	0.006169533115	0.0	0.0	0.0	0.037525459341	0.000211883904	0.050978683225	0.000240777648	0.016483854411
0.0	0.0	0.0	0.0	0.0	0.0	0.0	0.0	9.631692e-06	0.000317661071	0.000163728108	0.056865656863	0.000240777648	0.016491415147
0.0	0.0	0.0	0.0	0.0	0.0	0.0	0.0	0.0	0.000308031153	0.000182991492	0.050813433205	0.000240777648	0.016540236802
0.0	0.0	0.0	0.0	0.0	0.0	0.0	0.0	0.0	0.00028880566	0.000192621852	0.056818044929	0.000250408008	0.01644502112
0.0	0.0	0.0	0.0	0.0	0.005377018785	0.0	0.0	0.0	0.000288843812	0.000182991492	0.050971842818	0.000221515596	0.016474787269
0.0	0.0	0.0	0.0	0.0	0.006122092289	0.0	0.0	0.0	0.037494669982	0.000211883904	0.050834056444	0.000231145956	0.016475786959
0.0	0.0	0.0	0.0	0.0	0.0	0.0	0.0	0.0	0.000298414736	0.00016372278	0.050796977916	0.000221506272	0.016502852108
0.0	0.0	0.0	0.0	0.0	0.003636659465	0.0	0.0	0.0	0.000308034829	0.00018299016	0.056818736052	0.000250408008	0.01640667125
0.0	0.0	0.0	0.0	0.0	0.0	0.0	0.0	0.0	0.00029841423	0.00019262052	0.056857709537	0.00025040934	0.016494576573
0.0	0.0	0.0	0.0	0.0	0.003685163265	0.0	0.0	0.0	0.000298437418	0.000182991492	0.050861990115	0.000221516928	0.016523210023
0.0	0.0	0.0	0.0	0.0	0.0	0.0	9.642267e-06	0.0	0.000308069695	0.000182992824	0.050881908806	0.000240777648	0.016501827694
0.0	0.0	0.0	0.0	0.0	0.006081404082	0.0	0.0	0.0	0.037611187265	0.00024077232	0.050843537138	0.000221507604	0.01653109795
0.0	0.0	0.0	0.0	0.0	0.0	0.0	0.0	0.0	0.000317652469	0.000182991492	0.050843502138	0.00025040934	0.016472838666
0.0	0.0	0.0	0.0	0.0	0.0	0.0	9.611784e-06	0.0	0.000317662332	0.000173361132	0.050812704072	0.000221516928	0.016462168118
0.0	0.035367913326	0.0	0.0	0.0	0.051672463625	0.0	0.002475142413	0.0	0.042464837273	0.002128480056	0.07725434463	0.002638927764	0.020248798975
0.0	0.0	0.0	0.0	0.0	0.0	0.0	0.0	0.0	0.000288781835	0.00017335314	0.056809735542	0.000221507604	0.016513713269
0.0	0.001327417371	0.0	0.0	0.0	0.014883010022	0.0	0.0	0.0	0.04210767654	0.000674175816	0.050873575328	0.000231147288	0.01655226228
0.0	0.0	0.0	0.0	0.0	0.0	0.0	0.0	0.0	0.000298457408	0.00019261386	0.057070927441	0.000231140628	0.016543460636
0.0	0.0	0.0	0.0	0.0	0.0	0.0	0.0	0.0	0.000308031676	0.000192621852	0.05081325796	0.000250408008	0.016476430485
0.0	0.0	0.0	0.0	0.0	0.0	0.0	0.0	0.0	0.00030805969	0.000182991492	0.050920938866	0.00024077898	0.016464695083
0.0	0.0	0.0	0.0	0.0	0.0	0.0	0.0	9.631692e-06	0.00030805435	0.0001733598	0.0507764926	0.000231147288	0.016559844304
0.0	0.0	0.0	0.0	0.0	0.0	0.0	0.0	0.0	0.000317698785	0.000173355804	0.050824014687	0.000240768324	0.01644430688
0.0	0.0	0.0	0.0	0.0	0.006080567311	0.0	0.0	0.0	0.037583422706	0.000240776316	0.050880310605	0.000231147288	0.016465276663
0.0	0.0	0.0	0.0	0.0	0.0	0.0	0.0	0.0	0.000298433801	0.000192621852	0.051103369279	0.000221516928	0.016494051495
0.0	0.0	0.0	0.0	0.0	0.0	0.0	0.0	0.0	0.000288826258	0.0001829835	0.056925597854	0.000231140628	0.016457395445
0.0	0.0	0.0	0.0	0.0	0.006161068812	0.0	0.0	0.0	0.03755236157	0.000202252212	0.051010085487	0.000231147288	0.01657091673
0.0	0.0	0.0	0.0	0.0	0.0	0.0	0.0	0.0	0.000308025199	0.00015409242	0.051017780388	0.00024077232	0.016532744155
0.0	0.0	0.0	0.0	0.0	0.0	0.0	0.0	0.0	0.000317732443	0.00018299016	0.057051848767	0.000221515596	0.016581294385
0.0	0.0	0.0	0.0	0.0	0.0	0.0	0.0	0.0	0.000317688248	0.0001733598	0.050849740684	0.000211885236	0.016559856972
0.0	0.0	0.0	0.0	0.0	0.0	0.0	0.0	0.0	0.000317629095	0.000192623184	0.050804982491	0.00025040934	0.016550700072
0.0	0.0	0.0	0.032212893624	0.0	0.0	0.0	0.032701215926	0.0	0.000510283898	0.0001829835	0.050863355552	0.000221507604	0.016667285002
0.0	0.0	0.0	0.0	0.0	0.0	0.0	0.0	0.0	0.000308053391	0.000182991492	0.050860686484	0.000211886568	0.016483309047
0.0	0.0	0.0	0.0	0.0	0.0	0.0	0.0	0.0	0.000317697988	0.000182992824	0.050852885443	0.00022151826	0.016491747624
0.001271259468	0.000548804179	0.000597094308	0.049026580935	0.0	0.006266123183	0.0	0.03310747624	0.0	0.050573496404	0.000231137964	0.05099027752	0.000240770988	0.016734414369
0.0	0.0	0.0	0.000780498953	0.0	0.0	0.0	0.020753927622	0.0	0.000308061598	0.00017335314	0.050902204773	0.000250398684	0.01650436292
0.0	0.0	0.0	0.0	0.0	0.005367651969	0.0	0.0	0.0	0.000298442043	0.0001733598	0.056906227124	0.000240777648	0.016531072203
0.0	0.0	0.0	0.0	0.0	0.003674255014	0.0	0.0	0.0	0.000279207674	0.000192621852	0.050834901987	0.000221515596	0.016531500285
0.0	0.0	0.0	0.000115661723	0.0	0.0	0.0	0.002955221946	0.0	0.000308068346	0.00016372278	0.050960386057	0.00024077232	0.016532572035
0.0	0.0	0.0	0.0	0.0	0.0	0.0	0.0	0.0	0.000298385685	0.000173361132	0.050825266585	0.000231147288	0.016474012063
0.0	0.0	0.0	0.0	0.0	0.0	0.0	0.0	0.0	0.000308054605	0.00015409242	0.0508339101	0.000221506272	0.016599126449
0.0	0.0	0.0	0.0	0.0	0.0	0.0	0.0	0.0	0.000308046538	0.000192623184	0.056895646851	0.00024077898	0.016539841426
0.0	0.0	0.0	0.000106003705	0.0	0.0	0.0	0.002943901234	0.0	0.000288819544	0.000192615192	0.056830015342	0.000221507604	0.01651331678
0.0	0.0	0.0	0.0	0.0	0.006122577935	0.0	0.0	0.0	0.03753534143	0.000211885236	0.050862611765	0.000231147288	0.016493614712
0.0	0.0	0.0	0.0	0.0	0.0	0.0	0.0	0.0	0.00028880216	0.000182991492	0.05679939663	0.000231147288	0.016456414821
0.0	0.0	0.0	0.0	0.0	0.006131558193	0.0	0.0	0.0	0.037476842784	0.000211883904	0.050892035598	0.00025040934	0.016541687528
0.0	0.0	0.0	0.0	0.0	0.0	0.0	0.0	0.0	0.000298431008	0.00016372944	0.056856335811	0.000211883904	0.016492478699
0.0	0.0	0.0	0.0	0.0	0.0	0.0	0.0	0.0	0.000308065428	0.000163730772	0.050825968138	0.000211883904	0.016491782847
0.0	0.0	0.0	0.0	0.0	0.0	0.0	0.0	9.631692e-06	0.000279149898	0.000182991492	0.050814440048	0.00024077898	0.016514081449
0.0	0.0	0.0	0.0	0.0	0.006141284607	0.0	0.0	0.0	0.037497124845	0.000221515596	0.051045759729	0.000231147288	0.016533217589
0.0	0.0	0.0	0.0	0.0	0.0	0.0	0.0	0.0	0.000308058497	0.000182992824	0.050831082086	0.00024077898	0.016530458507
0.0	0.0	0.0	0.002137365943	0.0	0.00613149131	0.0	0.002897512957	0.0	0.03751294163	0.000221508936	0.050815282659	0.000221510268	0.016456410135
0.0	0.0	0.0	0.032251055085	0.0	0.0	0.0	0.032731642036	0.0	0.000490985347	0.000192615192	0.056819107561	0.000240768324	0.016648022354
0.0	0.0	0.0	0.000741442633	0.0	0.0	0.0	0.020752776719	0.0	0.000308080017	0.00019261386	0.056896933339	0.000221507604	0.016559897664
0.0	0.0	0.0	0.0	0.0	0.006102111716	0.0	0.0	9.631692e-06	0.037476812121	0.000231140628	0.050803260699	0.000221507604	0.01656207668
0.0	0.0	0.0	0.0	0.0	0.0	0.0	0.0	9.631692e-06	0.00030807102	0.000173361132	0.056868363828	0.000211886568	0.016549791539
0.0	0.0	0.0	0.0	0.0	0.00611886127	0.0	0.0	0.0	0.037621868342	0.000250408008	0.050813837665	0.000221516928	0.016539151482
0.0	0.0	0.0	0.0	0.0	0.006092329684	0.0	0.0	0.0	0.037512382809	0.000240776316	0.050871289408	0.000221516928	0.01654220821
0.0	0.0	0.0	0.0	0.0	0.0	0.0	0.0	0.0	0.000317677697	0.00015409242	0.050893883111	0.000231139296	0.01650407236
0.0	0.0	0.0	0.0	0.0	0.006112566322	0.0	0.0	0.0	0.037532878224	0.000231145956	0.050880316522	0.000250408008	0.016435452421
0.0	0.0	0.0	0.0	0.0	0.0	0.0	0.0	0.0	0.000298420592	0.000182991492	0.050832145812	0.000240777648	0.016482870368
0.0	0.0	0.0	0.0	0.0	0.0	0.0	0.0	0.0	0.000317707107	0.000182991492	0.050881131763	0.000221516928	0.016445306381
0.0	0.0	0.0	0.0	0.0	0.0	0.0	0.0	0.0	0.000288820054	0.000182991492	0.050998189062	0.000221516928	0.016504630934
0.0	0.0	0.0	0.000808816603	0.0	0.0	0.0	0.020790613144	0.0	0.000298439416	0.0001829835	0.051028075874	0.000221510268	0.016533804614
0.0	0.0	0.0	0.0	0.0	0.0	0.0	0.0	0.0	0.000288759401	0.0001733598	0.050835527706	0.000221514264	0.016591515737
0.0	0.0	0.0	0.0	0.0	0.006140090239	0.0	0.0	0.0	0.037493284228	0.000221514264	0.050903304413	0.00025040934	0.016504248147
0.0	0.0	0.0	0.0	0.0	0.0	0.0	0.0	9.631692e-06	0.000308002228	0.000163728108	0.056847780196	0.000231147288	0.016453673467
0.0	0.0	0.0	0.0	0.0	0.00606181389	0.0	0.0	9.631692e-06	0.037468389275	0.000240776316	0.050804972035	0.000240777648	0.016436692415
0.0	0.0	0.0	0.0	0.0	0.0	0.0	0.0	0.0	0.000279201758	0.000182991492	0.050853127534	0.000221516928	0.016530947316
0.0	0.0	0.0	0.0	0.0	0.006080610213	0.0	0.0	0.0	0.037613004832	0.000240776316	0.050832450055	0.000221516928	0.016577606373
0.0	0.0	0.0	0.0	0.0	0.0	0.0	0.0	0.0	0.00030801397	0.000192621852	0.056847962696	0.00025040934	0.01658056512
0.0	0.0	0.0	0.0	0.0	0.00611176006	0.0	0.0	0.0	0.037521961652	0.000240777648	0.05085328533	0.00024077898	0.016464321949
0.0	0.001356240325	0.0	0.0	0.0	0.014852931517	0.0	0.0	9.631692e-06	0.042080907006	0.00066454812	0.050807268456	0.000221515596	0.0165520074
0.0	0.0	0.0	0.0	0.0	0.0	0.0	0.0	0.0	0.000327308849	0.000144467388	0.050824472758	0.000231147288	0.016454287195
0.0	0.0	0.0	0.0	0.0	0.0	0.0	0.0	0.0	0.000288782824	0.000202245552	0.050796318542	0.000231139296	0.016502909143
0.0	0.0	0.0	0.0	0.0	0.006099440028	0.0	0.0	0.0	0.037611572926	0.000250408008	0.050825037906	0.000221515596	0.016550697968
0.0	0.000625114165	0.0	0.0	0.0	0.00799892752	0.0	0.0	0.0	0.021532509144	0.000192623184	0.050806983761	0.000221516928	0.016503213173
0.0	0.0	0.0	0.0	0.0	0.0	0.0	0.0	0.0	0.00029841021	0.000182991492	0.050844161988	0.000221514264	0.016465496701
0.0	0.0	0.0	0.0	0.0	0.006141383725	0.0	0.0	0.0	0.000298397619	0.000182991492	0.050940019118	0.000250408008	0.016552647495
0.0	0.0	0.0	0.0	0.0	0.0	0.0	0.0	0.0	0.00031768694	0.0001733598	0.05080476632	0.000240777648	0.016501107276
0.0	0.0	0.0	0.0	0.0	0.0	0.0	0.0	0.0	0.000279176729	0.000182984832	0.050813369201	0.000231140628	0.016485116312
0.0	0.0	0.0	0.00010595046	0.0	0.0	0.0	0.002886289019	0.0	0.000298441676	0.000182984832	0.051075969396	0.000231140628	0.01651332394
0.0	0.0	0.0	0.0	0.0	0.0	0.0	0.0	0.0	0.000298408949	0.00019262052	0.056838070678	0.000250410672	0.016493749353
0.0	0.0	0.0	0.0	0.0	0.006063584581	0.0	0.0	0.0	0.037533399488	0.000240776316	0.050860281654	0.000240777648	0.016483403441
0.0	0.0	0.0	0.0	0.0	0.0	0.0	0.0	0.0	0.000308062691	0.00017335314	0.050815858594	0.000231137964	0.016484153079
0.0	0.001318166153	0.0	0.0	0.0	0.014902735252	0.0	0.0	0.0	0.042051023886	0.000683807508	0.050824982585	0.000221514264	0.016524386378
0.0	0.0	0.0	0.0	0.0	0.0	0.0	0.0	0.0	0.000298422857	0.00019261386	0.056904949008	0.000231140628	0.016494674564
0.0	0.0	0.0	0.0	0.0	0.006082386115	0.0	0.0	0.0	0.037496709206	0.000250408008	0.050805852607	0.000231147288	0.016553296182
0.0	0.0	0.0	0.0	0.0	0.0	0.0	0.0	0.0	0.000288820694	0.00018299016	0.056908215346	0.000221515596	0.016514495162
0.0	0.0	0.0	0.0	0.0	0.0	0.0	0.0	0.0	0.000298410747	0.000192621852	0.056887849286	0.000231147288	0.016464427389
0.0	0.0	0.0	0.0	0.0	0.0	0.0	0.0	0.0	0.000288813444	0.000192623184	0.05683912552	0.000221516928	0.016520868212
0.0	0.0	0.0	0.0	0.0	0.005320093027	0.0	0.0	0.0	0.000308074603	0.000182991492	0.050903497869	0.000231147288	0.01652215006
0.0	0.0	0.0	0.0	0.0	0.0	0.0	0.0	0.0	0.000327253557	0.00016372944	0.050822747815	0.000240777648	0.016513934063
0.0	0.0	0.0	0.0	0.0	0.0	0.0	0.0	0.0	0.000308010632	0.000163728108	0.051056907409	0.000240777648	0.016464745955
0.0	0.0	0.0	0.0	0.0	0.0	0.0	0.0	0.0	0.000308057587	0.000173361132	0.050949725506	0.00025040934	0.016541699357
0.0	0.0	0.0	0.0	0.0	0.006103420998	0.0	0.0	0.0	0.037505285595	0.000231139296	0.050794819601	0.000221507604	0.016560829684
0.0	0.0	0.0	0.0	0.0	0.0	0.0	0.0	0.0	0.000308040408	0.000182991492	0.050822608162	0.0002600397	0.016425761786
0.0	0.001318143212	0.0	0.0	0.0	0.014852353452	0.0	0.0	0.0	0.042109208657	0.000693436536	0.057052723286	0.000231145956	0.01646612883
0.0	0.0	0.0	0.0	0.0	0.0	0.0	0.0	0.0	0.000317692972	0.000154097748	0.050824762763	0.000231147288	0.016562126733
0.0	0.000643778814	0.0	0.0	0.0	0.008058260424	0.0	0.0	0.0	0.021551378738	0.000163728108	0.051087277672	0.00024077898	0.016502712905
0.0	0.0	0.0	0.0	0.0	0.006129741373	0.0	0.0	0.0	0.000308075222	0.000192621852	0.051094299127	0.000221515596	0.016534471177
0.0	0.000634826216	0.0	0.0	0.0	0.00803635052	0.0	0.0	0.0	0.021532218239	0.000192621852	0.056900662982	0.000231147288	0.016531546994
0.0	0.0	0.0	0.032300086112	0.0	0.0	0.0	0.032644662873	0.0	0.000529518661	0.0001829835	0.050890563422	0.000240769656	0.016638788543
0.0	0.0	0.0	0.0	0.0	0.0	0.0	0.0	0.0	0.000298458326	0.000192621852	0.050881945054	0.000221515596	0.016568583872
0.0	0.0	0.0	0.0	0.0	0.0	0.0	0.0	0.0	0.000308047446	0.000192621852	0.056886533958	0.00024077898	0.016483631816
0.0	0.035359534931	0.0	0.0	0.0	0.051747984313	0.0	0.002455568475	0.0	0.042495431755	0.002186266212	0.071189483374	0.002638930428	0.020151429979
0.0	0.035301240749	0.0	0.0	0.0	0.051769771862	0.0	0.002465366349	0.0	0.042428048826	0.002224791648	0.071314509041	0.002667824172	0.020180159713
0.0	0.0	0.0	0.0	0.0	0.00615990684	0.0	0.0	0.0	0.037464943117	0.000202252212	0.051008172838	0.000240777648	0.01651232364
0.0	0.0	0.0	0.0	0.0	0.006093187006	0.0	0.0	0.0	0.037487621917	0.000240769656	0.050833924992	0.000221507604	0.016475961467
0.0	0.0	0.0	0.0	0.0	0.0	0.0	0.0	0.0	0.000308075797	0.000182991492	0.050852427507	0.000231147288	0.016510799932
