0.0	0.000154364789	0.0	0.000176790251	0.0	0.000110334929	0.0	0.027603266497	0.0	0.000242513163	0.0	0.037485685875	0.0	0.011520399967	0.0	0.048481364842	0.000551463744	0.004868722019	0.00092646216	0.016460738617	0.0	0.000728228931	0.0	0.017934051669	0.000727918464	0.005602202792	0.000352921608	0.017452713717	2.2092375e-05	0.004832178166
0.000882328824	0.000176466964	0.000176465016	0.002314340121	0.0	0.001081208741	0.0	0.044685051693	0.0	0.005583698641	0.0011470446	0.057703412497	0.000816160176	0.015320904846	0.0	0.048638502946	0.000551461248	0.018330685914	0.001367620176	0.018300779475	0.000242641776	0.012477833417	0.0	0.018136497728	0.00072791472	0.005715838492	0.000397035288	0.019237902868	0.0	0.004966261614
0.0	0.000176683488	0.0	0.0	0.0	8.825989e-05	0.0	0.001677680913	0.0	0.003334580098	0.0	0.002976211713	0.0	0.012764943043	0.0	0.048372199211	0.000595578048	0.004982102195	0.000948491232	0.016412793701	0.0	0.000794106391	0.0	0.018038997509	0.00077203152	0.005689244001	0.000374988744	0.017474752826	0.0	0.004877996988
0.0	0.000132062553	0.0	0.0	0.0	0.00011033629	0.0	0.001721372384	0.0	0.000242544391	0.0	0.003020587593	0.0	0.01163539211	0.0	0.048407809545	0.000551460624	0.004826180358	0.00092644968	0.016585530366	0.0	0.000639515944	0.0	0.019585315502	0.000749978112	0.0056235916	0.000374987184	0.017583476856	0.0	0.004786284731
0.0	0.000154589783	0.0	0.0	0.0	0.000110246877	0.0	0.001721492514	0.0	0.003469077232	0.0	0.002999713267	0.0	0.012805066616	0.0	0.048396629135	0.000573517776	0.004978862955	0.000926447808	0.016522592432	0.0	0.000772091881	0.0	0.017910210429	0.000749968128	0.00553816659	0.000397046832	0.01767202166	0.0	0.004833921005
0.0	0.000154841789	0.0	0.0	0.0	0.000110334045	0.0	0.001677369261	0.0	0.000375822442	0.0	0.002933233895	0.0	0.011477147403	0.0	0.048332008287	0.00055146	0.004940582901	0.000904389408	0.016522230179	0.0	0.000705974725	0.0	0.018106007838	0.000926429712	0.005561789106	0.00039704496	0.017456050999	2.2092e-05	0.004808879874
0.001477877544	0.00127991142	0.000154406304	0.012687148084	0.0	0.008208300325	0.0	0.064838955675	0.002249902512	0.015802308176	0.001698475896	0.022770050637	0.002492551152	0.032575576307	0.001941093648	0.054373725021	0.00147789408	0.032324041066	0.001279379712	0.05253971503	0.00165435816	0.027918493936	0.001367582736	0.022848188224	0.001786712304	0.00701510604	0.000507337584	0.026411319431	2.2093e-05	0.008582950609
0.0	0.00015421663	0.0	0.0	0.0	0.000110357579	0.0	0.00172159653	0.0	0.003402908109	0.0	0.002998848543	0.0	0.012828364797	0.0	0.048367762391	0.000529405344	0.004875188301	0.000948503088	0.016589863351	0.0	0.000705678339	0.0	0.017887443605	0.000772030896	0.005691361555	0.000330872256	0.017743506824	0.0	0.004875207711
0.0	0.00017631999	0.0	0.0	0.0	0.000132417946	0.0	0.001633459059	0.0	0.000264418124	0.0	0.002998947723	0.0	0.011651780693	0.0	0.048352373793	0.0005294016	0.004958437559	0.00092644656	0.016520758457	0.0	0.000749864519	0.0	0.017911282373	0.0007720284	0.00555963058	0.000441164568	0.017361254716	0.0	0.004788011343
0.0	0.000176404623	0.0	0.0	0.0	0.000110382257	0.0	0.0016994109	0.0	0.000308895211	0.0	0.003022407934	0.0	0.011538539151	0.0	0.048330110242	0.000551458752	0.005000133073	0.000904386912	0.016553942443	0.0	0.000728075923	0.0	0.018004813509	0.000816143328	0.005605331916	0.000419104608	0.017473859686	2.209425e-05	0.004678130926
0.0	0.000993435821	2.205684e-05	0.000177050455	0.0	0.000530351009	0.0	0.027480614325	0.0	0.001126531851	0.0	0.037469474978	0.0	0.011450982643	0.0	0.048479242189	0.000617637696	0.00504775863	0.00088232664	0.016550504348	0.0	0.000683548382	0.0	0.02642559405	0.000926449056	0.005604676723	0.000419106168	0.017741436888	0.0	0.004831320692
0.0	0.000176503355	0.0	0.0	0.0	8.8259652e-05	0.0	0.001721391342	0.0	0.000331145776	0.0	0.0029106274	0.0	0.011478805929	0.0	0.048370725634	0.000573519648	0.004849129714	0.00097054776	0.016457769293	0.0	0.000794175981	0.0	0.017970366712	0.000948488112	0.005647045057	0.000419104296	0.017591228752	0.0	0.004831153105
0.00123524388	0.001345822687	0.000154406304	0.012618763341	0.0	0.008075270596	0.0	0.065076545711	0.002249911872	0.013728188398	0.001941120792	0.022772098468	0.002404319112	0.032638037373	0.002007263232	0.054262947393	0.001411723248	0.03223104906	0.001191147984	0.052611323143	0.001698473088	0.027941355144	0.00132346656	0.023054314388	0.001764654528	0.007019178526	0.00046322172	0.026192551726	4.418725e-05	0.008430755898
0.0	0.000176508946	0.0	0.0	0.0	8.8297033e-05	0.0	0.001611228118	0.0	0.00033116014	0.0	0.002932231768	0.0	0.011630836344	0.0	0.048331612302	0.000485283552	0.004846658424	0.000948501216	0.016499379045	0.0	0.000772015652	0.0	0.018060521973	0.00088231728	0.005582175108	0.000397047768	0.017409951925	2.209425e-05	0.004743238097
0.0	0.000154185078	0.0	0.0	0.0	0.000132403952	0.0	0.001633310079	0.0	0.00028709135	0.0	0.002976324268	0.0	0.011564256234	0.0	0.048432048945	0.00055146	0.004825080897	0.00092644656	0.016500584014	0.0	0.000728426231	0.0	0.018083217965	0.000838220448	0.005537499435	0.000397046208	0.017431244227	2.209425e-05	0.004742268868
0.0	0.000154186011	0.0	0.000750421064	0.0	0.000132343612	0.0	0.008035239148	0.0	0.003423215005	0.0	0.004124684552	0.0	0.014481002675	0.0	0.048370619773	0.000551456256	0.016036289125	0.001257321936	0.017295470328	6.6174576e-05	0.006298502097	0.0	0.018045404481	0.000838194864	0.005515151672	0.000397031856	0.017424497474	2.2094375e-05	0.004763170894
0.0	0.000198657864	0.0	0.0	0.0	0.000132390629	0.0	0.001655390943	0.0	0.003379131154	0.0	0.002977520687	0.0	0.012784742615	0.0	0.048330029167	0.00057352152	0.00497748211	0.000926433456	0.016475638694	0.0	0.000639477578	0.0	0.017929871686	0.000749977488	0.005514107329	0.000374987808	0.01769836457	0.0	0.004743648437
0.0	0.000176486171	0.0	0.0	0.0	0.000110356776	0.0	0.001655241969	0.0	0.00033025395	0.0	0.002955690727	0.0	0.011434270072	0.0	0.048370449503	0.000529400352	0.004915642379	0.000926436576	0.016510833563	0.0	0.000750198005	0.0	0.018086611042	0.00090436944	0.005670152922	0.00041910336	0.017611730388	2.209425e-05	0.004698759779
0.0	0.000154279266	2.205684e-05	0.000176885186	0.0	8.827524e-05	0.0	0.02759401577	0.0	0.000308736761	0.0	0.037625894062	0.0	0.011498775361	0.0	0.048677795916	0.000485286048	0.004894139457	0.000904386288	0.016617584615	0.0	0.000683685873	0.0	0.018086875291	0.000882319776	0.005538037613	0.000419107416	0.017500119929	4.418875e-05	0.004765072583
0.0	0.00194198324	0.0	0.0	0.0	0.006529679139	0.0	0.001699729378	0.0	0.006624797267	0.0	0.014117661543	0.0	0.013534098714	0.0	0.048345794491	0.000507331344	0.004980324724	0.00092643096	0.016569188483	0.0	0.000772010617	0.0	0.032384182461	0.0007279116	0.005603802848	0.00039704652	0.017671994674	0.0	0.007125723316
0.0	0.002251316974	2.205684e-05	0.000286344366	0.0	0.006466673409	0.0	0.027619055774	0.0	0.003555645538	0.0	0.037564194992	0.0	0.012356191308	0.0	0.048633835848	0.000573513408	0.004890601813	0.00097054776	0.016464086112	0.0	0.000794167033	0.0	0.03229341151	0.000948505584	0.005625060587	0.000419108352	0.017745511821	0.0	0.00719293101
0.0	0.000176587859	0.0	0.000154553966	0.0	0.000132358837	0.0	0.027470719304	0.0	0.000286957007	0.0	0.037577761773	0.0	0.011495431796	0.0	0.048529188445	0.000617634576	0.004960939099	0.00094851432	0.01635397777	0.0	0.000661759153	0.0	0.018018358835	0.000749981856	0.005513356575	0.000397042464	0.017675030613	0.0	0.00483197135
0.0	0.000132062941	0.0	0.0	0.0	0.000132415988	0.0	0.001655431488	0.0	0.000264950961	0.0	0.002977289058	0.0	0.011561257776	0.0	0.048282429411	0.0005294016	0.004825384401	0.000926458416	0.016526339253	0.0	0.00075045002	0.0	0.018108681675	0.000838202976	0.005559650711	0.000397034976	0.017403683112	2.209225e-05	0.004808135591
0.0	0.00015461343	0.0	0.0	0.0	0.000110367172	0.0	0.001677324254	0.0	0.003465841982	0.0	0.002889994863	0.0	0.012874594698	0.0	0.048544804265	0.000529403472	0.004981779425	0.000904382544	0.016413306864	0.0	0.000816910943	0.0	0.018113154354	0.000904371312	0.005691520085	0.000374987808	0.017543941091	2.209425e-05	0.004764556196
0.0	0.000154364008	2.2057776e-05	0.001168551685	0.0	0.000154506431	0.0	0.030055291383	0.0	0.000331127778	0.0	0.038703495136	0.0	0.01459035885	0.0	0.048590445517	0.000573517152	0.016104299719	0.001279384704	0.017210500115	4.41168e-05	0.006332250426	0.0	0.017848125543	0.000705861936	0.00562494126	0.000397035288	0.017604296066	0.0	0.004830651239
0.0	0.000176223534	0.0	0.0	0.0	0.000132391214	0.0	0.001655282093	0.0	0.000286971152	0.0	0.002932823469	0.0	0.011520837488	0.0	0.048350038414	0.000529402848	0.004889763553	0.000904387536	0.016527331282	0.0	0.000750456188	0.0	0.017911950355	0.000727916592	0.005646143699	0.000374988432	0.017565513169	2.209425e-05	0.00492075073
0.0	0.000132062961	0.0	0.0	0.0	0.000110315871	0.0	0.003179117474	0.0	0.003375838052	0.0	0.002999698532	0.0	0.013313369198	0.0	0.048367467477	0.000551458128	0.008115640795	0.000926459664	0.016588569584	0.0	0.002473553099	0.0	0.018019027507	0.000749963136	0.005623582374	0.000374972832	0.017451498554	0.0	0.004786659499
0.0	0.000154278245	0.0	0.0	0.0	0.000110314304	0.0	0.00169947689	0.0	0.000308960826	0.0	0.002954682799	0.0	0.011477291862	0.0	0.04837258333	0.0005073432	0.004936998956	0.00088233288	0.016583824348	0.0	0.000661514194	0.0	0.018087135071	0.000904370064	0.005472112374	0.000419103672	0.017519472671	4.41845e-05	0.004743708966
0.0	0.000154367636	0.0	0.001653331359	0.0	0.001037138059	0.0	0.022824281771	0.0	0.005630084677	0.00127939032	0.021822590582	0.000749977488	0.01525536747	0.0	0.048506066262	0.000529399728	0.018269860885	0.00130144248	0.018177714154	0.00026469768	0.012467649776	0.0	0.018247282137	0.00083819424	0.005647166013	0.000374974392	0.019063093882	2.209425e-05	0.0049419689
0.0	0.000154251591	0.0	0.000220678431	0.0	0.000132428983	0.0	0.027499284228	0.0	0.00024284352	0.0	0.037556145226	0.0	0.011410284515	0.0	0.048614353092	0.000507347568	0.004977693931	0.000926457168	0.016595257412	0.0	0.000750487457	0.0	0.018021114892	0.00074997936	0.0055797617	0.000397050576	0.017538979201	2.2094375e-05	0.004767863841
0.001301429376	0.002999882056	0.000198523728	0.012794591348	0.0	0.007920411191	2.2057776e-05	0.06604469331	0.002536682616	0.013773356963	0.001874972736	0.058653043352	0.002249940888	0.032924151283	0.002271977136	0.054660772721	0.00132349776	0.032368875256	0.001367628288	0.052651703826	0.001522015248	0.027864105849	0.00147788472	0.022920496703	0.001566140784	0.00701544005	0.0005073432	0.026072772375	2.209325e-05	0.008516475964
0.0	0.00015467931	0.0	0.0	0.0	0.000110328125	0.0	0.001699615217	0.0	0.003424637596	0.0	0.002999296122	0.0	0.012870544186	0.0	0.048460440911	0.000463225776	0.004983985512	0.000926455296	0.01654571618	0.0	0.000683679733	0.0	0.018214760527	0.000882313536	0.005451369637	0.00039703404	0.017475027785	2.209225e-05	0.00471963961
0.0	0.000154613889	0.0	0.0	0.0	8.8299292e-05	0.0	0.001699853814	0.0	0.000375818403	0.0	0.002935875471	0.0	0.011607990981	0.0	0.048440028859	0.000529402848	0.004981852275	0.000904391904	0.016411786087	0.0	0.000838765323	0.0	0.017938106138	0.000926429088	0.005689999723	0.000374980632	0.017563855422	2.209225e-05	0.004831507382
0.0	0.000198606467	0.0	0.0	0.0	0.000132427641	0.0	0.001655724705	0.0	0.003382443659	0.0	0.003024095852	0.0	0.012976934668	0.0	0.048328544015	0.000507338832	0.004931220131	0.000992623008	0.016376898044	0.0	0.000639586398	0.0	0.017821415978	0.0007720284	0.005492920702	0.000397035912	0.01760491432	0.0	0.004789191254
0.0	0.000154545804	2.2057776e-05	0.000154415058	0.0	0.000110310648	0.0	0.027653316243	0.0	0.000353023301	0.0	0.037508779025	0.0	0.011560454531	0.0	0.048599836458	0.000507345696	0.00500456775	0.00090439128	0.016697969763	0.0	0.000706055342	0.0	0.0182444593	0.000904376304	0.00553739238	0.000352933464	0.017359974983	2.2092125e-05	0.004829832878
0.0	0.000154497767	0.0	0.0	0.0	0.000132434769	0.0	0.001677428277	0.0	0.000287522938	0.0	0.003021922434	0.0	0.011542983826	0.0	0.048393691698	0.000529402848	0.004955666503	0.000904390032	0.016484048217	0.0	0.000772285583	0.0	0.017975531807	0.000727918464	0.005516848353	0.00044116332	0.017473917866	0.0	0.004767045796
0.0	0.00017658618	0.0	0.0	0.0	0.000132380203	0.0	0.001633320759	0.0	0.000286820337	0.0	0.002977326745	0.0	0.011475531677	0.0	0.048303708928	0.000573517152	0.005066045547	0.000904373184	0.016503907557	0.0	0.000661588487	0.0	0.017953863281	0.000816143952	0.005538336165	0.000419105232	0.017672256974	0.0	0.004787099006
0.00088231572	0.000463963826	0.0	0.003681739475	0.0	0.003794541543	0.0	0.045061662422	0.0	0.008806209547	0.001301448096	0.02281378855	0.002249918424	0.017967839364	0.000860247648	0.048389574426	0.000507342576	0.021294272571	0.001323499632	0.01878862999	0.000286752336	0.016563080522	2.20584e-05	0.018928382764	0.00152201712	0.005759805418	0.00041910648	0.025878081165	2.209425e-05	0.005406822173
0.0	0.001014957831	0.0	0.0	0.0	0.000552289297	0.0	0.001633372184	0.0	0.001148263448	0.0	0.003221091779	0.0	0.011498949128	0.0	0.048304450339	0.000617637072	0.004954978591	0.000926440944	0.016484592132	0.0	0.0006617198	0.0	0.026358451478	0.000749970624	0.005469280189	0.000397045896	0.017828827363	0.0	0.004832296012
0.0	0.000176717935	0.0	0.0	0.0	0.000132435173	0.0	0.001567271756	0.0	0.003357848744	0.0	0.002889654888	0.0	0.01280560987	0.0	0.048437908249	0.000573519024	0.004933997522	0.00092644968	0.016305659646	0.0	0.000772677825	0.0	0.018002054558	0.000749973744	0.005669266964	0.000374982192	0.017568501007	0.0	0.004855411136
0.0	0.00017660777	0.0	0.0	0.0	0.000132417678	0.0	0.001633549824	0.0	0.000242930648	0.0	0.002999791472	0.0	0.011606608795	0.0	0.048285512786	0.000463225776	0.004931852274	0.000992629248	0.016506123723	0.0	0.000749825267	0.0	0.017956400764	0.000705858192	0.005538542608	0.000397034664	0.017451664402	0.0	0.004855625333
0.0	0.000176390076	0.0	0.0	0.0	8.8280873e-05	0.0	0.00176598502	0.0	0.000352935459	0.0	0.002913100375	0.0	0.011542750423	0.0	0.048441171413	0.000463223904	0.005046343152	0.000926454672	0.016326977883	0.0	0.000794625254	0.0	0.018110224308	0.000904370688	0.005536042508	0.000374977824	0.01749233392	2.209225e-05	0.004764341833
0.0	0.000154118568	0.0	0.000772069154	0.0	0.000154475825	0.0	0.00796751222	0.0	0.000264914668	0.0	0.004104164471	0.0	0.014548027707	0.0	0.04821128402	0.000529399104	0.016059953234	0.00127937784	0.017189457694	6.6174576e-05	0.00634945624	0.0	0.017886659238	0.000705855696	0.005602589245	0.000374973768	0.017559740842	2.209425e-05	0.0049216004
0.0	0.000176692719	0.0	0.0	0.0	0.000132394231	0.0	0.001633731154	0.0	0.003447687876	0.0	0.002910501071	0.0	0.012802727426	0.0	0.048269634752	0.00055146312	0.004936455627	0.00092644656	0.016411556901	0.0	0.000838846127	0.0	0.017984893297	0.00072791784	0.005649690583	0.000352929408	0.017540492347	0.0	0.004876979177
0.0	0.000154367431	0.0	0.0	0.0	0.00013242443	0.0	0.001677299418	0.0	0.000309757005	0.0	0.002955460746	0.0	0.011480638681	0.0	0.048525923118	0.000529402224	0.004895756257	0.000882329136	0.016432249006	0.0	0.000728398514	0.0	0.018092005048	0.000794088048	0.005581056828	0.000374988432	0.017452033555	2.209425e-05	0.004765728214
0.0	0.000132396728	2.2057776e-05	0.000220449122	0.0	8.8277703e-05	0.0	0.027805242628	0.0	0.00039766566	0.0	0.037446902608	0.0	0.011517989186	0.0	0.048680956347	0.000485287296	0.004956401909	0.000926460912	0.016534713	0.0	0.000706579556	0.0	0.018152507769	0.000860264496	0.005580869225	0.000419098056	0.017513997264	2.2092375e-05	0.004742439609
0.0	0.000132130612	0.0	0.000197661054	0.0	0.000110382032	0.0	0.027679097899	0.0	0.000309645296	0.0	0.037422887175	0.0	0.011541615139	0.0	0.048677485091	0.00050734632	0.00497870896	0.000904390656	0.016532997431	0.0	0.000706272401	0.0	0.017938005251	0.00079409304	0.0056042196	0.000419107728	0.01738512963	2.2094375e-05	0.00472230751
0.00125730072	0.001301705245	0.00017646408	0.012687292898	0.0	0.007832282196	2.2057776e-05	0.064967058316	0.002360213856	0.013709581886	0.001963186056	0.022727742184	0.002249918424	0.032772944732	0.002294018064	0.054415929943	0.001301431248	0.032259755251	0.001257326304	0.052668629494	0.001610238864	0.027910461949	0.00136758336	0.023100704622	0.001698479328	0.006972956817	0.000441162696	0.026103317572	4.418725e-05	0.008450184252
0.0	0.000176317929	0.0	0.0	0.0	0.000110347057	0.0	0.001611570661	0.0	0.003402216079	0.0	0.002954799677	0.0	0.01289364682	0.0	0.048328965861	0.000507340704	0.004889096803	0.000970572096	0.016521606216	0.0	0.000749929025	0.0	0.017976421429	0.0008161452	0.005558827893	0.000419094312	0.017312990831	0.0	0.004787949557
0.0	0.000154614448	0.0	0.000220450176	0.0	8.830331e-05	0.0	0.027784960781	0.0	0.000353831879	0.0	0.037508075581	0.0	0.011564411863	0.0	0.048733266532	0.000507345072	0.005000605015	0.000882336624	0.016440950581	0.0	0.000883033514	0.0	0.018023919568	0.000926436576	0.005536239231	0.000397050576	0.017540873766	2.2092125e-05	0.004832029112
0.0	0.000176469761	0.0	0.0	0.0	0.000132370651	0.0	0.001567097683	0.0	0.000242597331	0.0	0.002910590944	0.0	0.011496105002	0.0	0.048373311264	0.000551461248	0.004934765772	0.000926445936	0.016663070877	0.0	0.000816587299	0.0	0.018020600022	0.000749977488	0.005539222463	0.000374988744	0.017605448428	0.0	0.004743711436
0.0	0.000176438375	2.205684e-05	0.000221008032	0.0	0.000110290439	0.0	0.027410575461	0.0	0.000264751996	0.0	0.037487519556	0.0	0.011563478265	0.0	0.048608522838	0.000573523392	0.004942437157	0.000926445936	0.016660390234	0.0	0.000683760798	0.0	0.019344544361	0.000727925328	0.005581225292	0.00039704964	0.017674297225	0.0	0.004744537026
0.0	0.000154747728	0.0	0.0	0.0	0.000110372055	0.0	0.001677522933	0.0	0.003467601513	0.0	0.002935196833	0.0	0.012846532501	0.0	0.048370437152	0.000551461248	0.005002856852	0.00088233288	0.016514432837	0.0	0.000838738965	0.0	0.018093943317	0.00092643096	0.00564625203	0.00039703872	0.017520375926	2.209225e-05	0.004876101424
0.0	0.000176666849	0.0	0.0	0.0	0.000110323225	0.0	0.001677731137	0.0	0.0003751974	0.0	0.002978859956	0.0	0.011543028674	0.0	0.048258933915	0.000507341952	0.005025963888	0.000904400016	0.01665974949	0.0	0.000728166819	0.0	0.018154053203	0.000904371936	0.005536718626	0.000352920048	0.017404174231	2.209225e-05	0.004851965276
0.0	0.000176685812	2.2057776e-05	0.000198311945	0.0	0.000110361111	0.0	0.027522594139	0.0	0.000286836235	0.0	0.037439807586	0.0	0.011563599101	0.0	0.048623245187	0.000551462496	0.005003126141	0.000882340368	0.016370930726	0.0	0.000750471236	0.0	0.017955804932	0.0009264372	0.005604472065	0.000419107104	0.017653475125	2.2092125e-05	0.004787969137
0.0	0.000176669035	0.0	0.0	0.0	0.000110354237	0.0	0.001633349272	0.0	0.000308236874	0.0	0.002888430615	0.0	0.011544054444	0.0	0.048324540519	0.000529400976	0.00486986545	0.000882322272	0.01650778728	0.0	0.000749960155	0.0	0.01794003183	0.000926429712	0.005649543554	0.000397046208	0.017479262854	2.209425e-05	0.004787138967
0.0	0.001986286659	0.0	0.0	0.0	0.006552173398	0.0	0.001721428054	0.0	0.003356923223	0.0	0.014007867795	0.0	0.012318136275	0.0	0.048409158036	0.00059556744	0.004938862705	0.00092642784	0.016550128276	0.0	0.000794184876	0.0	0.032333317565	0.0007279116	0.005624922858	0.000397045896	0.017679117367	0.0	0.007171543986
0.0	0.000154589664	0.0	0.0	0.0	0.000110332942	0.0	0.001677504807	0.0	0.000331073893	0.0	0.002954681231	0.0	0.01145540999	0.0	0.048371584641	0.000595578672	0.004958226306	0.00092644656	0.016391068827	0.0	0.00079460866	0.0	0.017982719393	0.000727915344	0.005648332874	0.000374987808	0.017564085982	0.0	0.004897870588
0.0	0.000198657561	0.0	0.0	0.0	0.000132416797	0.0	0.001633687153	0.0	0.000309129098	0.0	0.002935602599	0.0	0.011586567479	0.0	0.048283679742	0.000551449392	0.005000041204	0.000970562736	0.016442160873	0.0	0.000683769309	0.0	0.017975213069	0.00074997	0.005513708491	0.000374980632	0.017720773788	0.0	0.004721825431
0.0	0.000176667775	2.2057776e-05	0.000947447603	0.0	0.000110356301	0.0	0.027632616562	0.0	0.000331090774	0.0	0.037508390866	0.0	0.011521202801	0.0	0.048615641133	0.000529404096	0.004868735517	0.000860281344	0.016576486677	0.0	0.000727921046	0.0	0.017979357086	0.000904362576	0.005649234545	0.000419093376	0.017497617851	2.2094375e-05	0.004766001225
0.0	0.000154366517	0.0	0.0	0.0	0.000132404081	0.0	0.001655305409	0.0	0.003356483545	0.0	0.003042809734	0.0	0.012845723726	0.0	0.048286143695	0.00055146312	0.004913351414	0.00092644656	0.016393957221	0.0	0.000750516164	0.0	0.017936110795	0.000749974992	0.005493492492	0.000374989992	0.017456033242	2.2094375e-05	0.004721445347
0.0	0.000154539301	2.2057776e-05	0.000199031204	0.0	0.000110368837	0.0	0.027719508966	0.0	0.000264619629	0.0	0.037640264397	0.0	0.011655209078	0.0	0.048685021887	0.000529404096	0.004870711706	0.000970567728	0.016503425525	0.0	0.000683567084	0.0	0.017974514482	0.000816149568	0.005493693867	0.000352934088	0.017427525115	0.0	0.004787081128
0.0	0.000154251477	0.0	0.0	0.0	0.00011033281	0.0	0.001677377282	0.0	0.000264987477	0.0	0.00295457999	0.0	0.011454460357	0.0	0.048420023887	0.000551460624	0.005003611173	0.000926447184	0.016552261557	0.0	0.000772606905	0.0	0.017978546717	0.00072791784	0.005646691156	0.000419105856	0.017537652942	2.209425e-05	0.004678955894
0.0	0.00015412039	0.0	0.0	0.0	0.000110289519	0.0	0.001721624665	0.0	0.000287318858	0.0	0.002999359786	0.0	0.011543224269	0.0	0.048321467827	0.000551461248	0.004962282759	0.000926445936	0.016655256854	0.0	0.000749789449	0.0	0.017865922964	0.000727913472	0.005558266187	0.000374987808	0.017673954478	0.0	0.004831449596
0.0	0.000176490293	0.0	0.0	0.0	0.000110331922	0.0	0.001633583163	0.0	0.000286901368	0.0	0.003001077987	0.0	0.011405235236	0.0	0.048259587921	0.000617629584	0.005073520152	0.000904388784	0.016460592933	0.0	0.000683576125	0.0	0.01795122749	0.000794078688	0.005558977673	0.000419097744	0.017674921843	0.0	0.00476544966
0.0	0.000154361801	0.0	0.000772508627	0.0	0.000154458469	0.0	0.008013690914	0.0	0.000198713589	0.0	0.004125298923	0.0	0.01456726663	0.0	0.048258845655	0.000551457504	0.016057708189	0.00130143624	0.01718698932	6.6174576e-05	0.006281427625	0.0	0.017958591708	0.000749965632	0.005490928946	0.000374972832	0.01747257165	2.209425e-05	0.004699693863
0.0	0.000154435166	0.0	0.001741527736	0.0	0.001059282927	0.0	0.022895019509	0.0	0.007638731651	0.001345567392	0.021779864308	0.00074997468	0.015386267504	0.0	0.048460211511	0.0004632264	0.018284843542	0.001213207632	0.018202739787	0.000308816352	0.012598662907	0.0	0.018201622421	0.000926423472	0.005669815469	0.000397034664	0.019169708126	2.2094375e-05	0.004853172557
0.0	0.000176681233	0.0	0.0	0.0	0.000110324016	0.0	0.001722008655	0.0	0.0002869835	0.0	0.002933231636	0.0	0.01149937914	0.0	0.048392290226	0.0005955768	0.004958696424	0.000926447808	0.01648979823	0.0	0.00077189098	0.0	0.017972607581	0.000749962512	0.005624895925	0.000374977824	0.017520464452	0.0	0.004856274051
0.0	0.000176688354	2.2057776e-05	0.000153960771	0.0	0.00011029474	0.0	0.027561325647	0.0	0.000309112046	0.0	0.03742497022	0.0	0.011546105086	0.0	0.048686109879	0.000595579296	0.00495778424	0.00094851432	0.016469779476	0.0	0.000771935802	0.0	0.017907205039	0.000860267616	0.00562458568	0.000374991864	0.017518905685	0.0	0.004810395214
0.0	0.000176503281	0.0	0.0	0.0	0.00011033724	0.0	0.001655778355	0.0	0.000353388949	0.0	0.002891210085	0.0	0.011477246068	0.0	0.048393857828	0.000529402224	0.005003563786	0.0009043944	0.016503867309	0.0	0.000750552619	0.0	0.018128649305	0.00090437256	0.005627572516	0.000419095248	0.017628396789	2.209225e-05	0.004743317687
0.0	0.000154251572	0.0	0.001741592146	0.0	0.001059169895	0.0	0.022778098811	0.0	0.005650590724	0.001147036176	0.021843014419	0.000705861	0.015358954839	0.0	0.048456591772	0.000529400976	0.018224914408	0.00134555616	0.018270642785	0.00026469768	0.012480575364	0.0	0.017976206818	0.000705848208	0.0056461396	0.00041908776	0.019125809587	2.209425e-05	0.005010564373
0.0	0.000176838876	0.0	0.0	0.0	0.000132370914	0.0	0.001567382985	0.0	0.000264833835	0.0	0.002910960375	0.0	0.011518965507	0.0	0.048332652849	0.000551461248	0.004955884004	0.000904386288	0.016416151846	0.0	0.000750421563	0.0	0.017982065448	0.000727918464	0.005560052213	0.000374987496	0.017605775927	0.0	0.004788678338
0.0	0.000176718056	0.0	0.0	0.0	0.000110315675	0.0	0.001721836846	0.0	0.000264925001	0.0	0.002954713682	0.0	0.01150059643	0.0	0.048438336584	0.000595569312	0.004915102293	0.000926449056	0.016510533669	0.0	0.000750205234	0.0	0.017974064745	0.000727920336	0.005627359005	0.000397045896	0.017542410793	0.0	0.004787682568
0.0	0.000198606951	0.0	0.0	0.0	0.000132407692	0.0	0.001633815351	0.0	0.000309509636	0.0	0.002955972196	0.0	0.011651544645	0.0	0.048305546886	0.000507338832	0.00488950448	0.000970568976	0.016378456495	0.0	0.000661689091	0.0	0.017928252045	0.00077203464	0.005514997173	0.00039703716	0.017629804649	0.0	0.004787422476
0.0	0.002008375946	0.0	0.0	0.0	0.006554949515	0.0	0.001721452733	0.0	0.003512166215	0.0	0.013964307466	0.0	0.012452246658	0.0	0.048453842397	0.000617627088	0.004981677851	0.000948482496	0.016512366852	0.0	0.000749945127	0.0	0.032181289207	0.000882319776	0.005646177564	0.000374988744	0.017740943642	0.0	0.00723912451
0.0	0.000176792063	2.2057776e-05	0.000905075587	0.0	0.000110268495	0.0	0.029348808674	0.0	0.000264717307	0.0	0.037468376252	0.0	0.01209263763	0.0	0.048634448886	0.000573520896	0.008251568645	0.000904399392	0.01659324173	0.0	0.002561307033	0.0	0.018041141839	0.000794084304	0.00560446518	0.000419094624	0.017691947876	0.0	0.004789238046
0.0	0.000176586755	0.0	0.0	0.0	0.000110337037	0.0	0.00163337955	0.0	0.00342150558	0.0	0.002932501766	0.0	0.012913908891	0.0	0.048393252431	0.000529402848	0.004869716112	0.000948490608	0.016395141808	0.0	0.000728167067	0.0	0.017947627305	0.000926430336	0.005604296849	0.000397045584	0.017614164335	2.2094375e-05	0.004764946813
0.0	0.000176437946	0.0	0.0	0.0	0.000110337242	0.0	0.001765927986	0.0	0.000242737616	0.0	0.003043527542	0.0	0.011524294405	0.0	0.048430571789	0.000529403472	0.004897402893	0.00094850496	0.016549076556	0.0	0.000706112151	0.0	0.019389201341	0.000749978112	0.005691012177	0.00039704808	0.017743038514	0.0	0.00483154857
0.0	0.000176405514	0.0	0.0	0.0	0.000110319591	0.0	0.001655530167	0.0	0.003465532352	0.0	0.002976914372	0.0	0.012852266562	0.0	0.048430675794	0.000507341952	0.00502329432	0.000904388784	0.01652377076	0.0	0.000750511887	0.0	0.018109347139	0.0009264528	0.005537505598	0.000352930344	0.017406482522	2.209425e-05	0.004850423255
0.0	0.000154638318	0.0	0.0	0.0	0.000110383334	0.0	0.001677397494	0.0	0.000352755336	0.0	0.003022130479	0.0	0.011520615652	0.0	0.048369027151	0.000485282928	0.004957938814	0.000904385664	0.016623372132	0.0	0.000750247999	0.0	0.018153530885	0.000860260128	0.005580955089	0.000419102424	0.01749707801	2.209425e-05	0.004697485253
0.0	0.000154619276	0.0	0.0	0.0	8.8267233e-05	0.0	0.001721930822	0.0	0.000264587752	0.0	0.003020867824	0.0	0.011586591811	0.0	0.048523528061	0.000529400976	0.004893981113	0.000970571472	0.016506898411	0.0	0.000705549481	0.0	0.017953840952	0.000816144576	0.005514628634	0.00037497564	0.017512854993	0.0	0.004764322169
0.0	0.000154747728	0.0	0.0	0.0	0.000110307858	0.0	0.001633444764	0.0	0.003446975216	0.0	0.002913099339	0.0	0.012846327465	0.0	0.04830093433	0.000529405344	0.00500664422	0.00088233912	0.01660836169	0.0	0.000706031787	0.0	0.018084645617	0.000926429712	0.005472183111	0.000397038096	0.017452750406	2.209225e-05	0.004830858345
0.0	0.000154690879	4.4116488e-05	0.000176704722	0.0	0.000110352543	0.0	0.027541473201	0.0	0.00033143551	0.0	0.037463273882	0.0	0.011565703621	0.0	0.048681200328	0.000573520896	0.004936104449	0.000926456544	0.016591397254	0.0	0.000838703604	0.0	0.018002885066	0.000882321024	0.005649574164	0.00037498968	0.017610836905	0.0	0.004898988126
0.0	0.000176510732	2.205684e-05	0.000198254744	0.0	0.000110357765	0.0	0.027790769135	0.0	0.000330339038	0.0	0.037535376854	0.0	0.011564623209	0.0	0.048571063415	0.000463228896	0.004938012717	0.00094850496	0.016506231174	0.0	0.000771984827	0.0	0.018039137304	0.00086026512	0.005603948674	0.000397049952	0.017389781088	2.2094375e-05	0.004765533968
0.0	0.000176549495	0.0	0.0	0.0	0.00011038592	0.0	0.001699792401	0.0	0.003360696258	0.0	0.003044429847	0.0	0.012887457497	0.0	0.04826369265	0.000507342576	0.00500048028	0.000926454672	0.016459632072	0.0	0.000750295657	0.0	0.017908356011	0.00070585944	0.005517417051	0.000441163944	0.017491687237	0.0	0.004701653908
0.0	0.000176441182	0.0	0.00022089736	0.0	0.000110366094	0.0	0.027583719616	0.0	0.000242748284	0.0	0.037572852601	0.0	0.011542896136	0.0	0.048613375548	0.000529403472	0.004871576504	0.00094851432	0.016568500746	0.0	0.000727676627	0.0	0.017889368032	0.000749978736	0.005667302736	0.000374980632	0.017697406616	0.0	0.004787293656
0.0	0.000176682196	0.0	0.0	0.0	0.000132444174	0.0	0.001633527464	0.0	0.00030893523	0.0	0.002956157303	0.0	0.011517349663	0.0	0.048351722729	0.000529405344	0.004979263499	0.00092644968	0.016398055924	0.0	0.000772470662	0.0	0.017974862215	0.000926432208	0.005581702722	0.000419095248	0.017655740978	2.209225e-05	0.00474342983
0.0	0.000176842024	0.0	0.000197673619	0.0	0.000110315938	0.0	0.027502472233	0.0	0.000287302667	0.0	0.03748566163	0.0	0.011499933422	0.0	0.048639191397	0.000529405344	0.004957029946	0.0009264528	0.016392108588	0.0	0.000794517502	0.0	0.017981356965	0.0007279272	0.005670260071	0.00037499124	0.017451459412	0.0	0.004854642648
0.0	0.000154368164	0.0	0.0	0.0	0.00011033083	0.0	0.001765691265	0.0	0.00342493616	0.0	0.00293357847	0.0	0.012739734067	0.0	0.048486324806	0.0005073432	0.004981122206	0.000882329136	0.016525530411	0.0	0.000750395138	0.0	0.018089724556	0.000838202976	0.005646820812	0.000374989056	0.01749849937	2.2094375e-05	0.004720865613
0.0	0.000992072924	0.0	0.0	0.0	0.000552266297	0.0	0.001633334265	0.0	0.005459600592	0.0	0.003287772599	0.0	0.012890796333	0.0	0.048436949268	0.000463230144	0.004908883836	0.000992622384	0.016485892881	0.0	0.000728159673	0.0	0.026489580566	0.000727910976	0.005515521661	0.000397046208	0.017496947323	0.0	0.00487668128
0.0	0.000132136669	0.0	0.0	0.0	8.8273262e-05	0.0	0.001721729583	0.0	0.003398942917	0.0	0.002954224954	0.0	0.012851146598	0.0	0.048477086116	0.0005294016	0.004916740263	0.000970563984	0.016484470111	0.0	0.000705748365	0.0	0.019613864559	0.000816155808	0.005559020098	0.00039704652	0.017517832526	0.0	0.004808143349
0.000904373496	0.000441931127	0.0	0.00372323548	0.0	0.003860535188	0.0	0.04504377432	0.0	0.008785066014	0.001323510552	0.022771390695	0.002249906256	0.017856722736	0.000882303552	0.048436098986	0.000507341952	0.02138396195	0.001191149232	0.01887541508	0.00028675296	0.016592687988	0.0	0.019165176507	0.001588191696	0.00571398297	0.000397046832	0.025875980919	2.209425e-05	0.005383567935
0.0	0.00017671635	0.0	0.0	0.0	8.8304903e-05	0.0	0.001699811312	0.0	0.003289796119	0.0	0.0030451226	0.0	0.012827380736	0.0	0.048367893387	0.00057351216	0.004916499145	0.000926449056	0.016508139969	0.0	0.000772076494	0.0	0.017995735945	0.000705854448	0.005647102736	0.000419091816	0.017562549761	0.0	0.004766623747
0.0	0.000154679503	0.0	0.0	0.0	8.8297997e-05	0.0	0.001721718927	0.0	0.000286637421	0.0	0.003042939695	0.0	0.011541588403	0.0	0.048526843252	0.000463224528	0.004960643787	0.000948501216	0.016523031678	0.0	0.00074998746	0.0	0.018129056044	0.00088231416	0.005517097414	0.000352931904	0.017450376673	0.0	0.004720905348
0.0	0.000176437306	0.0	0.0	0.0	0.000110325313	0.0	0.003179085649	0.0	0.000264638869	0.0	0.003022517763	0.0	0.012116358672	0.0	0.04834511597	0.000529399728	0.008205665147	0.000948513072	0.01656741883	0.0	0.002474114415	0.0	0.017955269959	0.000772022784	0.005689406469	0.00035291568	0.01769851625	0.0	0.004810750454
0.0	0.000176717994	0.0	0.0	0.0	0.000132425804	0.0	0.001633453438	0.0	0.000286849156	0.0	0.002932750984	0.0	0.011537267963	0.0	0.048355911772	0.0005735184	0.004957911823	0.000926447808	0.016408978934	0.0	0.000750414053	0.0	0.017979326815	0.0008161452	0.005602691827	0.000374985936	0.017631202074	0.0	0.004790357217
0.0	0.000992952335	0.0	0.0	0.0	0.00055249387	0.0	0.001655516031	0.0	0.001127253461	0.0	0.00319933099	0.0	0.011651970174	0.0	0.048350330803	0.000507345072	0.004911604446	0.00099262176	0.016356989546	0.0	0.000639574528	0.0	0.026374569523	0.000749968752	0.005491854009	0.00039704652	0.017720053354	0.0	0.004852817642
0.0	0.00015428462	0.0	0.0	0.0	0.000110344951	0.0	0.001699697932	0.0	0.000220504163	0.0	0.003131403022	0.0	0.011654622397	0.0	0.048434997897	0.00055145688	0.004848808876	0.000948513072	0.016567648877	0.0	0.000661388135	0.0	0.018063552808	0.000749970624	0.005580268759	0.000374975952	0.017535960947	0.0	0.004808728093
0.0	0.00015449603	0.0	0.0	0.0	0.000132393461	0.0	0.001633342664	0.0	0.00335546755	0.0	0.002932668524	0.0	0.012868736452	0.0	0.048422419445	0.000551461248	0.004909885628	0.000882329136	0.016665131262	0.0	0.000816739109	0.0	0.018062812763	0.000749977488	0.005560675574	0.000397047144	0.017518336664	0.0	0.004809440677
0.0	0.000176389236	0.0	0.0	0.0	8.8269626e-05	0.0	0.001743587334	0.0	0.000352930235	0.0	0.002955721766	0.0	0.011523048647	0.0	0.04848221425	0.0004632264	0.005070589431	0.000926445936	0.016348322294	0.0	0.000794735108	0.0	0.018178340854	0.000904371312	0.005560117534	0.000374986248	0.017538687343	2.209425e-05	0.004697736835
0.000838207656	0.0004197239	0.000176463144	0.003945554538	0.0	0.003705995316	0.0	0.063880371997	0.0	0.008850524601	0.001147046472	0.058587204082	0.002272002408	0.017992903295	0.000860255136	0.048569388426	0.000551467488	0.021356643501	0.001345563648	0.018689319609	0.000242637408	0.01645402512	6.6174576e-05	0.018817043831	0.001455851904	0.005670228037	0.000441168312	0.02583190161	0.0	0.005409515555
0.0	0.000154689091	0.0	0.0	0.0	0.000110303467	0.0	0.00167766537	0.0	0.000353508651	0.0	0.002955043536	0.0	0.011539201228	0.0	0.048377201135	0.000595574304	0.004934458953	0.000948507456	0.016657054874	0.0	0.000816767244	0.0	0.017932237366	0.000749968128	0.005673135394	0.000374985624	0.017609296079	0.0	0.004877140338
0.0	0.000154866944	0.0	0.0	0.0	0.000132379083	0.0	0.001699804539	0.0	0.000287312157	0.0	0.003044233028	0.0	0.011520799729	0.0	0.048438063619	0.000529397232	0.004979691975	0.000926451552	0.016414796227	0.0	0.000772326525	0.0	0.017848998767	0.000727920336	0.005626497959	0.000397045896	0.017583541833	0.0	0.004788158327
0.0	0.000154347759	0.0	0.0	0.0	0.00011030391	0.0	0.001677586673	0.0	0.000242735241	0.0	0.002954729537	0.0	0.011500693662	0.0	0.048275984415	0.000551461248	0.004910830044	0.00092644968	0.016479601298	0.0	0.000750527312	0.0	0.017846122953	0.0007279272	0.005493180036	0.000374989368	0.017476053968	2.209425e-05	0.00483147641
0.0	0.000176569693	2.2057776e-05	0.000198828504	0.0	0.000110303363	0.0	0.027438297086	0.0	0.000353404039	0.0	0.037558204888	0.0	0.011498970916	0.0	0.048613089535	0.00052940472	0.004918501133	0.00092645592	0.016480623665	0.0	0.000661712854	0.0	0.018022585503	0.000948489984	0.005538068534	0.000397047768	0.017480778553	4.418875e-05	0.004786415878
0.0	0.000198728968	2.2057776e-05	0.000198355795	0.0	0.000132420351	0.0	0.027631992718	0.0	0.000243332971	0.0	0.037375330936	0.0	0.011584343569	0.0	0.048509806578	0.000463231392	0.004956129475	0.000992629872	0.016479100709	0.0	0.00077206348	0.0	0.017998437027	0.000727923456	0.005516130586	0.000397051824	0.017496520427	0.0	0.004876471306
0.0	0.00017650244	0.0	0.0	0.0	0.000110344233	0.0	0.001699672525	0.0	0.00033109621	0.0	0.002934021723	0.0	0.011454185852	0.0	0.048347585343	0.000573519648	0.004868132077	0.000970563984	0.016419142909	0.0	0.000749985506	0.0	0.017862522655	0.00094847376	0.005624543673	0.000419089944	0.017631940568	0.0	0.004898801688
0.0	0.000176974712	0.0	0.0	0.0	0.000110324604	0.0	0.001677479237	0.0	0.000286932669	0.0	0.002955109197	0.0	0.011454800116	0.0	0.04830120834	0.000573517152	0.004914930358	0.000904373184	0.016634800057	0.0	0.000617526804	0.0	0.018184190435	0.000926430336	0.005472162668	0.000397045896	0.017545221576	2.209425e-05	0.004787152771
0.000882314784	0.000441528526	0.0	0.003703355518	0.0	0.003904451084	0.0	0.045109541546	0.0	0.010814673495	0.001279389384	0.022814745391	0.002404306944	0.017830922117	0.000794077128	0.048437358437	0.000507345696	0.021293467193	0.001213204512	0.01878208739	0.000264695184	0.016525040787	0.0	0.01903400845	0.001654366896	0.005670668905	0.00041910336	0.02596905124	2.2094375e-05	0.005471207899
0.0	0.000154671459	0.0	0.0	0.0	0.000110318889	0.0	0.001633348863	0.0	0.000331381158	0.0	0.002933284578	0.0	0.011541046579	0.0	0.048373083725	0.000507344448	0.004915030548	0.000926449056	0.01650060683	0.0	0.000728035476	0.0	0.017956804706	0.000926426592	0.005672798213	0.00037498812	0.01756839567	2.2092e-05	0.004855774711
0.0	0.000154368546	0.0	0.000264910192	0.0	0.000132435301	0.0	0.027760054076	0.0	0.000287675746	0.0	0.0375338253	0.0	0.011541631089	0.0	0.048708629554	0.00055146312	0.004889462482	0.000904402512	0.016430833535	0.0	0.000772558571	0.0	0.018092857219	0.000794091168	0.005536020912	0.000374980632	0.017473681075	2.2092375e-05	0.004722384909
0.0	0.000176663432	2.2057776e-05	0.000220357162	0.0	0.000132371157	0.0	0.027409375404	0.0	0.000286746044	0.0	0.037617864706	0.0	0.011518738512	0.0	0.048573892914	0.00059557992	0.004959873215	0.000926454672	0.016416313878	0.0	0.000750479392	0.0	0.017957596076	0.00072792096	0.00551618624	0.000374990304	0.017520796938	0.0	0.004877629949
0.0	0.000154589601	0.0	0.0	0.0	0.000110252297	0.0	0.001611355148	0.0	0.000286946731	0.0	0.002933652267	0.0	0.011588240748	0.0	0.048364320669	0.000551459376	0.005051314998	0.000904389408	0.01652729486	0.0	0.00072778233	0.0	0.017955012498	0.00086025888	0.005560038622	0.000374987496	0.017672830885	0.0	0.004855660046
0.0	0.000176668266	0.0	0.0	0.0	8.826732e-05	0.0	0.001699542987	0.0	0.003358547855	0.0	0.002932598111	0.0	0.01284882402	0.0	0.048266323541	0.00055146	0.004843696734	0.000860273856	0.016479186019	0.0	0.000750059895	0.0	0.018052481972	0.000926431584	0.005602928665	0.000397047456	0.017456506248	2.2094375e-05	0.004809616733
0.0	0.000154597407	2.2057776e-05	0.000948679907	0.0	0.00011030135	0.0	0.027721090557	0.0	0.000286930551	0.0	0.037556577847	0.0	0.011455236621	0.0	0.048568508881	0.000573517776	0.005025469438	0.000904395024	0.01657123095	0.0	0.000705846291	0.0	0.018096315142	0.000948484992	0.00547065883	0.000397040904	0.017568049521	2.2094375e-05	0.004765273291
0.0	0.000176793357	0.0	0.0	0.0	0.000110291842	0.0	0.001633305821	0.0	0.003358025142	0.0	0.002977281768	0.0	0.012754336647	0.0	0.04831002829	0.0005735184	0.004933019193	0.00090439128	0.016674805936	0.0	0.00066123652	0.0	0.018114640548	0.000948486864	0.00547305366	0.000397046832	0.017545148601	2.209225e-05	0.004765269101
0.0	0.000154122995	0.0	0.000198737854	0.0	0.000132425631	0.0	0.027547539528	0.0	0.000309015225	0.0	0.037510452653	0.0	0.011523910718	0.0	0.048478149931	0.000507348192	0.004937451506	0.0009043944	0.016482979017	0.0	0.000772726429	0.0	0.017930933881	0.000727932192	0.00560176426	0.000374991552	0.01760853814	2.2094375e-05	0.004898874065
0.0	0.000176341425	0.0	0.0	0.0	0.000110296659	0.0	0.003134319121	0.0	0.000243012989	0.0	0.003023675066	0.0	0.012071653001	0.0	0.048387442889	0.000551455008	0.008244842617	0.000926450928	0.016679675744	0.0	0.002518385544	0.0	0.017865665227	0.000727906608	0.005579945417	0.000374976576	0.017761657255	0.0	0.004766424937
0.0	0.000154747513	0.0	0.0	0.0	0.000110348181	0.0	0.001677570125	0.0	0.000375740488	0.0	0.002934011128	0.0	0.011588972081	0.0	0.048421391328	0.00055146	0.004913703304	0.00088233288	0.016438480177	0.0	0.000816703992	0.0	0.017956387479	0.000926427216	0.00560450481	0.000397045272	0.017592130072	2.2092e-05	0.004876509629
0.0	0.000176358851	0.0	0.0	0.0	8.828904e-05	0.0	0.001655377683	0.0	0.003468869378	0.0	0.002956261297	0.0	0.012825395366	0.0	0.048401036318	0.000507341952	0.004957175544	0.000882327888	0.016530740019	0.0	0.000772138784	0.0	0.018064416707	0.00088231728	0.005646589958	0.000397046832	0.01749556429	2.2094375e-05	0.004675716302
