0.0	0.0	0.0	0.001453509184	0.0	0.004999414647	0.0	0.005050468948	0.0	0.010680380859	0.000194092157	0.009056010176	8.5401897e-05	0.005417025416	7.0218024e-05	0.0066212521	4.7040694e-05	0.00139559874
0.0	0.0	0.0	0.001445311574	0.0	0.005009771105	0.0	0.005082482203	0.0	0.010790699907	0.000163041886	0.009082133734	0.000100929367	0.005431703288	5.4614472e-05	0.006578498325	5.488219e-05	0.001380495317
0.0	0.0	0.0	0.001485295254	0.0	0.005024804844	0.0	0.005079205032	7.763938e-06	0.010672883903	0.00020962592	0.009114879035	8.5400476e-05	0.005418417854	7.8020004e-05	0.006567002854	5.4880181e-05	0.001385817694
0.0	0.0	0.0	0.00144493495	0.0	0.004970121157	0.0	0.005074498761	7.763735e-06	0.010706383509	0.000201856501	0.009081717565	9.3165429e-05	0.00539174188	7.8021024e-05	0.006614356226	5.4882723e-05	0.001356252076
0.0	0.0	0.0	0.001445724776	0.0	0.004960780786	0.0	0.005048793206	0.0	0.010708237913	0.00017856895	0.009132623076	0.000116457649	0.005408392082	7.0218636e-05	0.006584303782	5.4884199e-05	0.001394328976
0.0	0.0	0.0	0.001686385683	0.0	0.004992111445	0.0	0.005211929657	7.763735e-06	0.010697346537	0.000178568138	0.009065196083	0.00010869229	0.005424584596	6.2415024e-05	0.006574378045	7.0564362e-05	0.001363366035
0.0	0.0	0.0	0.001437458968	0.0	0.004974883745	0.0	0.005082610184	0.0	0.010708250462	0.000155277745	0.009086165496	0.000100930382	0.00542393829	8.5823616e-05	0.00657402441	6.2722005e-05	0.001356280426
0.0	0.0	0.0	0.001460973858	0.0	0.004954616595	0.0	0.005063834627	0.0	0.01073921094	0.000186332482	0.009052471294	0.000100928961	0.00540285007	8.5823514e-05	0.006598586578	6.2722251e-05	0.001355613823
0.0	0.0	0.0	0.001452969237	0.0	0.004971300845	0.0	0.005101931521	0.0	0.010744942302	0.00016304148	0.009105323597	0.00010869229	0.005420610557	7.8021126e-05	0.006576208893	6.2720611e-05	0.001379608127
0.0	0.0	0.0	0.001677966783	0.0	0.004946457075	0.0	0.005195472854	0.0	0.010717263841	0.000170806027	0.009094644066	0.000100928961	0.005369052516	7.8019698e-05	0.006568860591	6.2722456e-05	0.001370866672
0.0	0.0	0.0	0.001476721127	0.0	0.004984783362	0.0	0.005073650759	0.0	0.010651009609	0.000209623687	0.009113573115	0.000108692696	0.005433935671	7.8020106e-05	0.006538669321	5.488178e-05	0.001347493817
0.0	0.0	0.0	0.001484022878	0.0	0.004959688645	0.0	0.005050830333	7.763735e-06	0.010661707874	0.000209624905	0.009075029724	9.3164008e-05	0.005432950957	6.2416248e-05	0.006545619529	7.0561164e-05	0.00137272262
0.0	0.006051522614	0.0	0.001445530192	0.0	0.012246970081	0.0	0.005092334074	0.0	0.012982948946	0.00016304148	0.009143035954	0.000100927946	0.005392886738	5.4615084e-05	0.006685172697	4.704135e-05	0.001395092156
0.0	0.0	0.0	0.001453928286	0.0	0.005008305443	0.0	0.00510638482	0.0	0.010721646605	0.000186331264	0.009057387331	0.000116457243	0.005417614345	5.4614268e-05	0.006586951458	5.4882149e-05	0.001386920216
0.0	0.0	0.0	0.008223722486	0.0	0.004960548847	0.0	0.011735525743	7.764547e-06	0.010723903062	0.000194096623	0.009073780917	0.000100927743	0.005370014666	0.000109228638	0.006598815521	5.4881247e-05	0.00138809114
0.0	0.00247387673	0.0	0.001468694954	0.0	0.006102595896	0.0	0.00508488254	0.0	0.01071948719	0.000178567529	0.009120257142	0.000108691275	0.005399190978	7.8019698e-05	0.006555362362	5.4882723e-05	0.001364415776
0.0	0.0	0.0	0.001430962381	0.0	0.004972120501	0.0	0.005071490532	0.0	0.010709726893	0.00019409236	0.009066585842	0.000100928555	0.005363718261	0.000109228536	0.006590629157	7.0559442e-05	0.001377993987
0.0	0.0	0.0	0.001485164804	0.0	0.005007928244	0.0	0.00509656154	0.0	0.010659194294	0.00019409236	0.009059538399	9.3166241e-05	0.005450794433	7.8020208e-05	0.006599600269	5.4880673e-05	0.001379732521
0.0	0.0	0.0	0.001476532826	0.0	0.004998859543	0.0	0.005116119113	0.0	0.010710823606	0.000163041074	0.009079766591	0.000100929976	0.005400145169	8.5823106e-05	0.006595293766	5.4883666e-05	0.001371699767
0.0	0.0	0.0	0.001454207739	0.0	0.004971866272	0.0	0.005061079097	0.0	0.010719125176	0.000163037623	0.009052219359	0.000100929367	0.005395271125	8.58228e-05	0.006604974916	7.0562107e-05	0.00133983933
0.0	0.000840065319	0.0	0.001468701798	0.0	0.004961555623	0.0	0.00504102909	7.763735e-06	0.010688969116	0.000209626326	0.009082378348	9.3164211e-05	0.005443635654	8.5823616e-05	0.006561748754	6.2721185e-05	0.001370952326
0.0	0.0	0.0	0.001461593376	0.0	0.004939101023	0.0	0.00509301993	0.0	0.010735691856	0.000186334715	0.009090693368	9.3163602e-05	0.005383318059	8.5822596e-05	0.006630908415	5.4880099e-05	0.001346990126
0.0	0.0	0.0	0.001445963201	0.0	0.004993604497	0.0	0.005089751947	0.0	0.010790428852	0.00016304148	0.009079764037	0.000100929367	0.005431533917	5.4614064e-05	0.006593129556	3.9200879e-05	0.001380741081
0.0	0.0	0.0	0.001430284727	0.0	0.004985998971	0.0	0.005074312229	0.0	0.010703230237	0.00020185711	0.009098548387	9.316482e-05	0.005354251596	0.000109229046	0.006574316543	6.272016e-05	0.001362952292
0.0	0.0	0.0	0.001461890682	0.0	0.005000738513	0.0	0.005088178872	0.0	0.010698207511	0.000186330046	0.009085680031	0.000108693305	0.005432669038	6.241584e-05	0.006601509195	3.9200018e-05	0.001386506013
0.0	0.0	0.0	0.001460806835	0.0	0.004940731324	0.0	0.005087963767	0.0	0.010723577083	0.000186332279	0.009049286905	9.3165023e-05	0.005421161451	0.000109228638	0.006597793246	6.2720939e-05	0.001340394922
0.0	0.0	0.0	0.001453281574	0.0	0.004953127144	0.0	0.005071889058	0.0	0.010754702383	0.000170805012	0.009093298827	0.000100929164	0.005377254132	8.5823106e-05	0.006591952543	5.4882231e-05	0.001355874352
0.0	0.0	0.0	0.001469917587	0.0	0.004976865508	0.0	0.005080169784	7.764547e-06	0.010693000455	0.00020186117	0.009083248308	0.000100927946	0.005392700913	8.5822596e-05	0.006600199303	5.4882149e-05	0.00136250971
0.0	0.0	0.0	0.001445973796	0.0	0.00498491365	0.0	0.005084999672	0.0	0.010667859036	0.000201856298	0.009064471992	9.3165023e-05	0.005382667698	9.362478e-05	0.006569404917	5.4881247e-05	0.001386988666
0.0	0.0	0.0	0.001461960421	0.0	0.004952498522	0.0	0.005063569434	0.0	0.01072515609	0.000209625108	0.009081438852	0.000100928352	0.005385092428	0.000101426658	0.006615345379	5.4881739e-05	0.001379998051
0.0	0.000911363815	0.0	0.001469080899	0.0	0.005001486049	0.0	0.005126404738	0.0	0.010696203679	0.000178567732	0.009075807749	0.000100928352	0.005380105967	0.000101426352	0.006582812058	7.0561e-05	0.001363308591
0.0	0.0	0.0	0.00143829107	0.0	0.004978496596	0.0	0.005101172237	0.0	0.010684691369	0.000194092563	0.009026632763	0.000100929164	0.005402263233	9.3624882e-05	0.006605411919	7.0562722e-05	0.001363645871
0.0	0.002363827122	0.0	0.001476386386	0.0	0.006100979762	0.0	0.005058841431	7.763532e-06	0.010659399567	0.000209623484	0.009082349433	8.5400476e-05	0.005400504838	7.021782e-05	0.006552864079	7.0561984e-05	0.001379916386
0.0	0.0	0.0	0.001453210263	0.0	0.004986089383	0.0	0.005054419662	0.0	0.010720684353	0.000178567935	0.009129863154	0.000108691478	0.005415816257	8.5822596e-05	0.006578806153	4.7041309e-05	0.001380173089
0.0	0.0	0.0	0.00145405134	0.0	0.005016716193	0.0	0.005075097179	0.0	0.010648639907	0.000217386813	0.009089761843	9.3165023e-05	0.005432967855	0.000101426046	0.006586832486	6.2722497e-05	0.001363294253
0.0	0.0	0.0	0.008191667572	0.0	0.005025353293	0.0	0.011761192976	0.0	0.010766251826	0.000170805621	0.009107030736	0.000100927743	0.005439221581	5.4614166e-05	0.006561582187	5.4882231e-05	0.001394582137
0.0	0.0	0.0	0.001647064337	0.0	0.004993895636	0.0	0.005223761574	0.0	0.010729203642	0.000147516446	0.009081765408	9.3164617e-05	0.005392524447	7.8019494e-05	0.006629943696	4.704422e-05	0.001378017873
0.0	0.0	0.0	0.001461324534	0.0	0.004977885563	0.0	0.005096992428	0.0	0.010719679121	0.000186328828	0.009059003622	9.3166038e-05	0.00542336399	9.3623964e-05	0.00658746569	5.4880263e-05	0.001346888656
0.0	0.0	0.0	0.001454156546	0.0	0.004993084874	0.0	0.005075055588	0.0	0.010656947481	0.000217386407	0.009098126729	9.3165226e-05	0.005433442066	8.5823106e-05	0.006553001222	4.7041965e-05	0.001354297248
0.0	0.0	0.0	0.001469566663	0.0	0.004984410744	0.0	0.005055425118	7.763735e-06	0.010704902496	0.000201856907	0.009106745274	8.5401288e-05	0.005414664823	7.021833e-05	0.006606651188	6.2722087e-05	0.001355604079
0.0	0.006006395182	0.0	0.001438392863	0.0	0.012256607959	0.0	0.005042425224	0.0	0.012980252304	0.000139748651	0.009104299508	0.00010869229	0.005433527951	6.241686e-05	0.006716097952	4.7044261e-05	0.001386928082
0.0	0.0	0.0	0.001469868712	0.0	0.004987088555	0.0	0.005081353471	0.0	0.010664860509	0.000209626326	0.009099451382	9.3163805e-05	0.005441727197	8.5823208e-05	0.006575700216	6.2720037e-05	0.001347080326
0.0	0.0	0.0	0.001445402952	0.0	0.004953649712	0.0	0.005080456725	0.0	0.010736909244	0.000178568544	0.009126986455	9.3165835e-05	0.005416261198	7.8020616e-05	0.006592477668	6.2722374e-05	0.001355679009
0.0	0.0	0.0	0.001461180942	0.0	0.004969501359	0.0	0.00512491771	7.763532e-06	0.010731565306	0.00016303945	0.009105317684	0.000108693508	0.0053719859	9.3624882e-05	0.006599243104	7.0562599e-05	0.001339853298
0.0	0.0	0.0	0.001445572169	0.0	0.005008273905	0.0	0.005121977475	0.0	0.010713725497	0.00019409236	0.009063839412	0.00011645704	0.005417600591	6.2415942e-05	0.006594080932	3.9201822e-05	0.001386250718
0.0	0.0	0.0	0.001461173111	0.0	0.004952549411	0.0	0.005101323523	7.763735e-06	0.010730206483	0.000163040262	0.009080863441	0.000100928758	0.005396538004	9.3624372e-05	0.006599794031	7.0564485e-05	0.00134825016
0.0	0.0	0.0	0.001460687341	0.0	0.004962909059	0.0	0.00507918439	0.0	0.010753381208	0.000194100683	0.009082654852	9.3164008e-05	0.005375501176	7.0218942e-05	0.006631615319	5.4880837e-05	0.001354552434
0.0	0.0	0.0	0.001461220888	0.0	0.00500265464	0.0	0.005072608816	7.763938e-06	0.010727717032	0.000194092563	0.009102775165	9.3166241e-05	0.005399222241	0.000101426964	0.006551324307	6.2724629e-05	0.001371451339
0.0	0.0	0.0	0.001462059285	0.0	0.004985941156	0.0	0.005113036013	7.763938e-06	0.010725942249	0.000178568544	0.009034204951	9.3165023e-05	0.005424919498	8.582229e-05	0.006563425344	5.4880017e-05	0.001370685787
0.0	0.0	0.0	0.001430293527	0.0	0.004967672042	0.0	0.005031855237	0.0	0.010703731808	0.000178567123	0.00914041578	0.000108692493	0.005418805685	8.5823106e-05	0.006560994142	4.7041432e-05	0.00141000686
0.0	0.0	0.0	0.008193807011	0.0	0.004946233143	0.0	0.011773296085	0.0	0.01071241508	0.00017856895	0.009099567384	0.000100928149	0.005455343639	8.5822902e-05	0.00659076613	6.2721431e-05	0.00134916099
0.0	0.0	0.0	0.001453326664	0.0	0.004994472042	0.0	0.005049036469	7.763735e-06	0.010710908863	0.000201855892	0.009105302653	9.3165023e-05	0.005391058401	7.0218228e-05	0.006622553809	5.4881206e-05	0.001372744472
0.0	0.0	0.0	0.001453020995	0.0	0.004954561829	0.0	0.005086887362	0.0	0.010752929616	0.000163041277	0.00910212031	0.000100927337	0.00542032266	6.2416656e-05	0.006583465942	5.488096e-05	0.001394296488
0.0	0.0	0.0	0.001460207454	0.0	0.004960482881	0.0	0.005090543226	0.0	0.010659521568	0.000201857516	0.009112440427	9.3164414e-05	0.005448012655	7.8020412e-05	0.006537185388	5.4882026e-05	0.001346687744
0.0	0.0	0.0	0.001469319739	0.0	0.004994063145	0.0	0.005085861366	0.0	0.010713409824	0.000186330858	0.009057163502	0.000108691884	0.005401456427	7.8020412e-05	0.006600005033	7.0564854e-05	0.001348117604
0.0	0.0	0.0	0.001461519507	0.0	0.005002075367	0.0	0.005087977255	0.0	0.010720590946	0.00017856489	0.009080928456	0.000116457852	0.005422665937	8.5822188e-05	0.006564222623	6.2719709e-05	0.001348217958
0.0	0.0	0.0	0.001452954519	0.0	0.00498668215	0.0	0.005058268909	7.763532e-06	0.010704062201	0.000201855892	0.009098051646	9.316482e-05	0.005382825138	7.8020718e-05	0.006614226774	5.4880755e-05	0.001357156452
0.0	0.0	0.0	0.001461226181	0.0	0.004953359557	0.0	0.005065241828	0.0	0.010704447376	0.000178569356	0.009120312481	0.000100928758	0.005409879506	7.8020922e-05	0.006590498061	7.8403726e-05	0.001365718231
0.0	0.0	0.0	0.001462188134	0.0	0.005000867574	0.0	0.005092150496	0.0	0.010688879905	0.000194092563	0.009086215985	0.00010092957	0.005395548149	9.3624678e-05	0.006606438661	6.272016e-05	0.001355797442
0.0	0.0	0.0	0.001469622769	0.0	0.004986328107	0.0	0.005098392672	0.0	0.010675939264	0.000194092563	0.009114171262	9.3166241e-05	0.005440955212	6.2416248e-05	0.006580886364	5.4880468e-05	0.001387048249
0.0	0.0	0.0	0.001446013996	0.0	0.004960144643	0.0	0.005071579074	0.0	0.010704324899	0.00016303742	0.009078060576	0.000108693508	0.005424528294	5.4613554e-05	0.006585176216	4.7040202e-05	0.001363030815
0.0	0.002373321981	0.0	0.001453003387	0.0	0.006111108772	0.0	0.005070946639	0.0	0.01075171855	0.000163040871	0.009097003281	0.00010092754	0.005411041904	8.5821372e-05	0.006575026075	5.4881001e-05	0.001387049371
0.0	0.00610396288	0.0	0.001461999608	0.0	0.012294418269	0.0	0.00514252797	0.0	0.012949896793	0.000186330249	0.009085664157	0.000100927946	0.005410475432	0.00010142574	0.006714628177	7.0561451e-05	0.001341154738
0.0	0.002355533736	0.0	0.001468789318	0.0	0.006115876884	0.0	0.005125738294	0.0	0.010691459287	0.000186331061	0.009088363853	0.000116454807	0.005425906049	4.6812492e-05	0.006588447069	5.4882641e-05	0.001394095032
0.0	0.0	0.0	0.00146137499	0.0	0.00497636761	0.0	0.005086057829	0.0	0.010695719358	0.000178566514	0.009100103756	0.000100928961	0.005456471086	8.5822902e-05	0.006589520837	4.703971e-05	0.001347974306
0.0	0.0	0.0	0.001453943002	0.0	0.004961129867	0.0	0.00513773298	0.0	0.010704487938	0.00017856895	0.009044232729	0.000100928555	0.005411246631	7.8020922e-05	0.006587415133	6.2720857e-05	0.001371755415
0.0	0.0	0.0	0.0014383001	0.0	0.005008558411	0.0	0.005061429633	0.0	0.010732224498	0.000163037623	0.009088443439	0.000108693711	0.005431657086	9.3625086e-05	0.006582285245	6.2721964e-05	0.001355058456
0.0	0.0	0.0	0.001469633359	0.0	0.004977905098	0.0	0.005109059435	0.0	0.01070366275	0.00017080623	0.009100604595	0.000100927946	0.005381100826	9.3625392e-05	0.006591705674	7.0559565e-05	0.001369306966
0.0	0.0	0.0	0.001461382605	0.0	0.005000277303	0.0	0.005088853369	7.763938e-06	0.010743866317	0.000170802779	0.009110419394	9.3165023e-05	0.00541693199	9.3625086e-05	0.00657597123	6.2723522e-05	0.001372577035
0.0	0.0	0.0	0.00143749341	0.0	0.005010124039	0.0	0.005064144434	0.0	0.010738175731	0.000147512792	0.009100755317	0.000100928555	0.005440656791	6.241635e-05	0.006589476492	6.2719504e-05	0.001371694951
0.0	0.0	0.0	0.001453778449	0.0	0.004937744879	0.0	0.005093816832	0.0	0.010745160679	0.000178570168	0.009113090729	8.5399867e-05	0.00537744702	8.5822596e-05	0.006630016474	6.2720775e-05	0.001356049018
0.0	0.0	0.0	0.001452387541	0.0	0.004968314664	0.0	0.005066089071	7.764547e-06	0.010719510659	0.000194094999	0.009087995479	0.000100928758	0.005367744642	9.3624882e-05	0.00657935321	5.4884076e-05	0.001386597572
0.0	0.0	0.0	0.001460810962	0.0	0.00499833191	0.0	0.005062479133	0.0	0.010694949091	0.000170801764	0.009087830766	0.000100928758	0.00540079438	5.461335e-05	0.006584274383	6.2720939e-05	0.001378616418
0.0	0.0	0.0	0.001461134242	0.0	0.004961002143	0.0	0.005072328524	0.0	0.010706666751	0.000178567529	0.009071811184	0.000124220978	0.005399357646	7.8019086e-05	0.006591363426	4.7042006e-05	0.001371241852
0.0	0.0	0.0	0.008169087418	0.0	0.004992707418	0.0	0.011734115598	0.0	0.010686858697	0.000178570777	0.009119527716	9.3163602e-05	0.005409292861	5.461488e-05	0.00660212417	5.4883256e-05	0.001395409083
0.0	0.00088085924	0.0	0.001438475518	0.0	0.004979548738	0.0	0.005077724889	0.0	0.010730724995	0.00016303945	0.009102759095	0.000100928758	0.00541580822	5.4615288e-05	0.006577291793	4.7040981e-05	0.001385817775
0.0	0.0	0.0	0.00145349404	0.0	0.005009473909	0.0	0.005060745784	0.0	0.010769113911	0.000139746621	0.009077642714	0.000100929773	0.005408171162	7.0218942e-05	0.006614978903	5.4880427e-05	0.001347279491
0.0	0.0	0.0	0.001461370165	0.0	0.005001750684	0.0	0.005106712968	0.0	0.010708440764	0.000194095405	0.009080762453	0.000100930179	0.005407944766	6.2416962e-05	0.006575189343	5.4882272e-05	0.001387270423
0.0	0.0	0.0	0.001430289457	0.0	0.00497871793	0.0	0.005076279824	0.0	0.010724406372	0.000163037623	0.009083560411	0.000100929367	0.005400210766	9.3624678e-05	0.006574380158	7.0562107e-05	0.001356288556
0.0	0.0	0.0	0.001469438473	0.0	0.00499123109	0.0	0.005055632657	0.0	0.010702951459	0.000170805418	0.009096767777	0.000108691275	0.005407748387	7.8020412e-05	0.00659831037	4.7040612e-05	0.001380822422
0.0	0.0	0.0	0.001469191434	0.0	0.005007524778	0.0	0.005079922119	0.0	0.010680405319	0.000186332482	0.009080424695	8.5400882e-05	0.005401033502	7.0218126e-05	0.006611568275	5.4881329e-05	0.001379808387
0.0	0.0	0.0	0.001453759649	0.0	0.005039214258	0.0	0.00507716577	0.0	0.010753260457	0.000186330452	0.009089342781	0.000100928961	0.005422494852	6.2416554e-05	0.00657149228	5.4879361e-05	0.001378926552
0.0	0.0	0.0	0.001461787445	0.0	0.004986228953	0.0	0.005053667388	0.0	0.010734877444	0.000163038029	0.00906726046	0.000108692899	0.005427522735	8.5823514e-05	0.006597280204	5.4881657e-05	0.001347321511
0.0	0.0	0.0	0.001453110693	0.0	0.004984821762	0.0	0.005116329062	0.0	0.01071750599	0.000163037217	0.009070240104	0.000100929773	0.005408168638	8.5822902e-05	0.006620771057	4.7042949e-05	0.001363374725
0.0	0.0	0.0	0.00143832695	0.0	0.004970522221	0.0	0.005085671885	0.0	0.01074643652	0.000163041074	0.009109336787	9.3164617e-05	0.005408660995	5.461386e-05	0.006569934662	5.4878828e-05	0.001393202669
0.0	0.0	0.0	0.001445587629	0.0	0.004985576169	0.0	0.005047519387	0.0	0.010721202259	0.000178567935	0.009109892128	0.000108692493	0.005417058577	8.5823004e-05	0.006570687895	4.7041391e-05	0.001410441584
0.0	0.0	0.0	0.001437864464	0.0	0.0050557042	0.0	0.005077918106	0.0	0.010783277771	0.000178565296	0.009088473599	0.000108693305	0.005400713971	7.021884e-05	0.006569002902	5.4881165e-05	0.001355346404
0.0	0.000901673559	0.0	0.001438171434	0.0	0.004959872131	0.0	0.00507945226	7.763735e-06	0.010743547594	0.000178568138	0.009090517135	0.000100928758	0.005416452841	9.3624168e-05	0.006566982883	5.4881903e-05	0.001372592078
0.0	0.0	0.0	0.001446366906	0.0	0.004956123755	0.0	0.005083061143	0.0	0.010692671403	0.000186335121	0.009088010832	0.00011645501	0.005371731316	0.000101426964	0.006567457101	7.0560631e-05	0.001356436134
0.0	0.0	0.0	0.001437762008	0.0	0.004984510629	0.0	0.005067732501	7.763938e-06	0.010741496296	0.000147511168	0.009108167069	0.000116456228	0.00542416656	8.5822494e-05	0.006627270415	3.1361679e-05	0.00137087292
0.0	0.0	0.0	0.001453863103	0.0	0.004991589752	0.0	0.005081820639	7.763938e-06	0.010720686931	0.000194093984	0.009088013028	0.000100929976	0.005414902193	9.3624882e-05	0.006561772643	5.4884035e-05	0.001377918593
0.0	0.0	0.0	0.001453443859	0.0	0.004993239265	0.0	0.005098668198	0.0	0.010674576138	0.000201856298	0.009041865746	0.000100928352	0.005383758795	9.3625392e-05	0.006568395144	5.4881411e-05	0.001370891502
0.0	0.0	0.0	0.001445464717	0.0	0.004969271445	0.0	0.005116915352	0.0	0.010700411567	0.000178566108	0.009106910623	0.000100929164	0.005387492616	8.5822902e-05	0.006605857683	7.0563091e-05	0.001355043266
0.0	0.0	0.0	0.001453694534	0.0	0.005001271132	0.0	0.005069537382	0.0	0.010717221368	0.000178564687	0.009110178567	0.00010092957	0.005439062561	9.3624984e-05	0.006573915073	5.4878951e-05	0.001361975971
0.0	0.0	0.0	0.001446127825	0.0	0.004992344556	0.0	0.005091462691	0.0	0.010757898868	0.000155279166	0.009092906305	0.000100929164	0.005432008167	5.4614778e-05	0.006594070311	3.9201043e-05	0.001379331528
0.0	0.0	0.0	0.001469379406	0.0	0.005047729119	0.0	0.005055292526	0.0	0.010792820925	0.000178565296	0.009081610543	0.000108693305	0.005425078298	7.021884e-05	0.006576555241	5.4880919e-05	0.001355964247
0.0	0.0	0.0	0.00146988377	0.0	0.004968465312	0.0	0.005125085861	7.763532e-06	0.010724016947	0.00016303945	0.009096197733	0.00010869229	0.005369404882	9.3624882e-05	0.006607879671	7.0563501e-05	0.001340209005
0.0	0.0	0.0	0.001438206897	0.0	0.004975950521	0.0	0.005099491128	0.0	0.010731716919	0.000163040871	0.009094794096	0.000100927946	0.005416614426	5.4614268e-05	0.006580525604	5.4879566e-05	0.001386366967
0.0	0.0	0.0	0.001437953186	0.0	0.005008000241	0.0	0.005071317421	0.0	0.010723961104	0.000163042495	0.009101969551	0.000100927946	0.005432661988	7.0219146e-05	0.006583968548	6.2720242e-05	0.00136358157
0.0	0.0	0.0	0.001477259138	0.0	0.005008553446	0.0	0.005099472014	0.0	0.010684433894	0.000194092157	0.009114740041	0.000100929976	0.005402932746	7.0218126e-05	0.006582073608	4.7039833e-05	0.001379081221
0.0	0.0	0.0	0.001468839822	0.0	0.004985214072	0.0	0.005086518159	7.763735e-06	0.010709740863	0.000155273482	0.009082885724	0.000124220775	0.005398658211	8.58228e-05	0.006610677968	3.9201576e-05	0.001371234012
0.0	0.0	0.0	0.001430496306	0.0	0.004980548665	0.0	0.005071106863	0.0	0.010677113388	0.000201856095	0.009034387471	0.000100928961	0.005400973456	0.000101426556	0.006613981266	7.0559565e-05	0.001363064904
0.0	0.0	0.0	0.001477164548	0.0	0.004983803636	0.0	0.005116397915	0.0	0.010655161761	0.000194093984	0.009121511606	0.000108693711	0.005408547527	7.0218228e-05	0.006582312431	3.9200387e-05	0.001393842152
0.0	0.0	0.0	0.001460923081	0.0	0.004968764273	0.0	0.005079362192	0.0	0.010720273266	0.000163042089	0.00911863404	0.00010869229	0.005435144012	7.8020718e-05	0.006584040667	6.2722743e-05	0.001363719488
0.0	0.0	0.0	0.001438490372	0.0	0.005017127311	0.0	0.005114612353	0.0	0.010682103316	0.000201856501	0.009078676559	9.3165023e-05	0.005426597418	9.3624576e-05	0.006597825829	6.272016e-05	0.001357168761
0.0	0.006075592486	0.0	0.001453632576	0.0	0.01223949942	0.0	0.005064193105	7.763735e-06	0.012973008633	0.00017856895	0.009084028935	0.000108692493	0.005416199837	0.00010142523	0.006689047018	6.2720816e-05	0.001386166317
0.0	0.0	0.0	0.001462156858	0.0	0.005003727629	0.0	0.005071013463	0.0	0.010761564925	0.00014751401	0.009099748897	0.000100928758	0.00543229776	6.241635e-05	0.0065904454	6.2719299e-05	0.001348288654
0.0	0.0	0.0	0.001469430542	0.0	0.005055336084	0.0	0.005085106995	0.0	0.01075276526	0.000186328625	0.009081983189	0.000108693711	0.005406843729	6.241686e-05	0.006583651032	5.4880099e-05	0.001370827186
0.0	0.0	0.0	0.001446689497	0.0	0.005001957559	0.0	0.005081347629	0.0	0.010664252801	0.000209620236	0.009109964839	9.3165023e-05	0.00542583789	8.58228e-05	0.006549801565	7.0560221e-05	0.001364090444
0.0	0.0	0.0	0.00145309488	0.0	0.004993983957	0.0	0.005087562918	0.0	0.010681766695	0.000201863809	0.009071096905	0.000100927743	0.005399579546	9.3624984e-05	0.006535725523	6.2722538e-05	0.001379050832
0.0	0.0	0.0	0.001429987817	0.0	0.004978645221	0.0	0.005122125597	0.0	0.01072524064	0.000155275309	0.009083070304	0.000108692493	0.005385647894	9.3624984e-05	0.006572042739	7.0561615e-05	0.001339911838
0.0	0.0	0.0	0.00145403655	0.0	0.004938023702	0.0	0.005071424486	0.0	0.010746589327	0.000178565093	0.009107177885	9.3165226e-05	0.005386763749	8.5822698e-05	0.00660499239	6.272098e-05	0.001369946456
0.0	0.0	0.0	0.001445356907	0.0	0.00500049004	0.0	0.00508540575	0.0	0.010710165962	0.000170800749	0.009094394869	0.000100929164	0.005393613264	4.6811676e-05	0.006582300947	6.2720529e-05	0.00137316309
0.0	0.0	0.0	0.001669853719	0.0	0.004959948557	0.0	0.005190069861	0.0	0.010682870579	0.000194096826	0.009049772832	0.000108693102	0.005407890476	7.802031e-05	0.006606505929	3.9202232e-05	0.001387232419
0.0	0.0	0.0	0.001452910165	0.0	0.004956628066	0.0	0.005080977249	0.0	0.01071706799	0.000194096623	0.009073997936	0.00010869229	0.005403258486	0.000109228842	0.006575595897	6.2720078e-05	0.00133226737
0.0	0.0	0.0	0.001453628086	0.0	0.00499120922	0.0	0.005083558376	0.0	0.010718492918	0.000163037014	0.00910756678	0.000108693711	0.005400740802	5.4613452e-05	0.006582292753	4.7040202e-05	0.001371522195
0.0	0.0	0.0	0.001430171885	0.0	0.00499049095	0.0	0.005087746864	0.0	0.010688447814	0.000186328625	0.009095551715	9.3166241e-05	0.005432558682	5.4613554e-05	0.006610815973	4.7040653e-05	0.001387955655
0.0	0.0	0.0	0.001461704475	0.0	0.005017875746	0.0	0.005072331746	7.763938e-06	0.010696129137	0.000209626935	0.009114388167	9.3164008e-05	0.005419901937	8.582178e-05	0.006545267157	5.4880345e-05	0.00137730849
0.0	0.0	0.0	0.001460724989	0.0	0.004993230864	0.0	0.005049052536	7.763938e-06	0.010680946822	0.000209627544	0.009115074784	9.3164617e-05	0.005426749746	8.5822392e-05	0.006554340216	5.4880222e-05	0.001369867084
0.0	0.0	0.0	0.001468715763	0.0	0.004970265832	0.0	0.00506069443	0.0	0.010658596633	0.000209619627	0.009059347111	8.5401694e-05	0.005401117225	8.5822392e-05	0.006554143749	6.2721882e-05	0.001387170805
