0.0	0.000787513196	0.0	0.0	0.0	0.002932210561	0.0	0.002027192728	0.00094429296	0.021213956774	0.000472134624	0.044574474156	0.001770552576	0.017980522389	0.0009442836	0.010665702148	0.000354679625	0.031422992342
0.0	0.0	0.0	0.0	0.0	0.002990965536	0.0	0.001850115011	0.001062306336	0.046388392478	0.00045247176	0.044574557055	0.001731232464	0.017943744478	0.000885275976	0.010704913099	0.00033497175	0.031402144221
0.0	0.0	0.0	0.0	0.0	0.002951860041	0.0	0.016908934935	0.000963957072	0.0213079139	0.000452464272	0.072971001093	0.001809898272	0.017883839928	0.000924605448	0.010704170526	0.000374381	0.031385941761
0.0	0.0	0.0	0.0	0.0	0.002873413064	0.0	0.001909270076	0.000983634912	0.021384997079	0.000472138368	0.044573185855	0.001927958448	0.017864614084	0.000865608432	0.010664780834	0.000374378625	0.031427673581
0.0	0.0	0.0	0.04222900268	0.0	0.003620586148	0.0	0.063419848422	0.001121357952	0.021538434118	0.00045247176	0.061661197922	0.001672177728	0.017805076784	0.001003313376	0.010685695945	0.000315270875	0.031362752871
0.0	0.000256806	0.0	0.0	0.0	0.002932107953	0.0	0.001889228022	0.001062314448	0.021489692649	0.000452459904	0.044511549691	0.00177054696	0.018137065412	0.000885276288	0.010663469942	0.000334971	0.031447139499
0.0	0.0	0.0	0.0	0.0	0.002853546456	0.0	0.016885345649	0.001081997904	0.021500562654	0.000452468016	0.072994287744	0.001868925552	0.017840287078	0.000944273928	0.010605061268	0.000315267375	0.031328936168
0.0	0.0	0.0	0.0	0.0	0.002912157831	0.0	0.02486270884	0.001101648288	0.021433214392	0.000432790176	0.048882807473	0.001770544464	0.018061197421	0.000904951944	0.010722891201	0.000354678125	0.031529637647
0.0	0.009766151491	0.0	0.0	0.0	0.043839291543	0.0	0.001968341531	0.001022987472	0.053981154234	0.000472135872	0.044496398814	0.001770546336	0.018098231904	0.000865610616	0.010724498286	0.000354674125	0.03144659135
0.0	0.0	0.0	0.0	0.0	0.00293195891	0.0	0.001928820854	0.001042634736	0.046275026167	0.00041312544	0.044489256728	0.00177057816	0.01806187204	0.000865602192	0.010684406192	0.000334974125	0.031507593572
0.0	0.0	0.0	0.0	0.0	0.002991377695	0.0	0.001908968545	0.001022984352	0.021444440136	0.000472138992	0.044632365434	0.001849256448	0.017882768397	0.000924603888	0.010704310557	0.000354677375	0.031073867615
0.0	0.0	0.0	0.0	0.0	0.00289286676	0.0	0.016725583669	0.001081973568	0.021445891612	0.00043279704	0.07286079859	0.001770579408	0.018120947648	0.000885274104	0.010663945957	0.0003349755	0.031491876304
0.0	0.0	0.0	0.0	0.0	0.002991440954	0.0	0.001968034549	0.00096395832	0.046247469327	0.000432792048	0.044593985301	0.00180991512	0.017886721774	0.00092460888	0.010705645268	0.00037437875	0.031385313853
0.0	0.0	0.0	0.0	0.0	0.003031212269	0.0	0.001869909288	0.00098363616	0.021567493881	0.000472144608	0.044652040536	0.001731224352	0.017884700342	0.000826244328	0.01068573833	0.0003546815	0.031404740449
0.0	0.003543224278	0.0	0.0	0.0	0.002814389448	0.0	0.016880604376	0.000944287344	0.02128845086	0.0004524624	0.0730005039	0.001790223552	0.018018702451	0.00090493416	0.010645484087	0.000374382625	0.031426637769
0.0	0.0	0.0	0.0	0.0	0.002971093126	0.0	0.026211121775	0.001022955024	0.021266044914	0.000472134624	0.073014880926	0.001908235056	0.017863745691	0.000885279408	0.010707031403	0.000394085125	0.031348759986
0.0	0.0	0.0	0.0	0.0	0.003030847399	0.0	0.016881149717	0.001042644096	0.02164206654	0.000432800784	0.072894175389	0.001731215616	0.01794381282	0.000885258192	0.010724548455	0.000315267	0.03142610354
0.0	0.0	0.0	0.0	0.0	0.002991107439	0.0	0.016828015556	0.001062327552	0.021405808324	0.000472135872	0.073032825268	0.001790248512	0.017785692354	0.000963965808	0.010783394832	0.000295565125	0.031168927787
0.0	0.000452642384	0.0	0.0	0.0	0.002873384768	0.0	0.001909096144	0.001003300272	0.046057891755	0.000432791424	0.044613263494	0.001750889712	0.017981865735	0.000885258192	0.010704232708	0.00039407975	0.031407080098
0.0	0.009605192252	0.0	0.0	0.0	0.043754755286	0.0	0.001968298538	0.001042674672	0.053870364342	0.000472135248	0.044593678023	0.001908256272	0.017858306737	0.000924619176	0.010604981726	0.000334975	0.031346645392
0.0	0.0	0.0	0.00541401861	0.0	0.002911865547	0.0	0.047199606291	0.00102298248	0.046285112255	0.000472145856	0.048902688471	0.001829548656	0.017824701576	0.000904959432	0.010725452544	0.000354676875	0.031427088292
0.0	0.0	0.0	0.0	0.0	0.002892740405	0.0	0.003523201069	0.000944268624	0.021345440581	0.000432796416	0.044534442016	0.001809920736	0.018002033378	0.000904965984	0.010645598646	0.000354677375	0.031469285387
0.0	0.0	0.0	0.0	0.0	0.002971217309	0.0	0.001948237745	0.001022981856	0.021348705058	0.000472138992	0.044514706489	0.001908274368	0.017844788665	0.00090493104	0.010706294265	0.000374379625	0.031328154064
0.0	0.0	0.0	0.0	0.0	0.0028729404	0.0	0.001830322955	0.001101665136	0.046206417324	0.000413122944	0.044574311802	0.001770570672	0.018100897848	0.000904936344	0.010685017362	0.00035467525	0.031488778222
0.0	0.0	0.0	0.0	0.0	0.002951786002	0.0	0.016862362645	0.001022968128	0.021431679202	0.000432796416	0.0728392655	0.00177057816	0.018081474616	0.000865601568	0.010703906521	0.00031526825	0.031509869823
0.0	0.0	0.0	0.0	0.0	0.003050692243	0.0	0.016883499979	0.00112134672	0.021428110702	0.000452463648	0.073083018519	0.0016721796	0.017805756059	0.001003298088	0.010685196773	0.000315266	0.031364915723
0.0	0.0	0.0	0.0	0.0	0.002912586585	0.0	0.001968020253	0.001062328176	0.046379852594	0.000472135872	0.044593166075	0.001888614	0.017841279313	0.000944298576	0.010625013577	0.00033497125	0.031328532684
0.0	0.0	0.0	0.005432740388	0.0	0.002970716819	0.0	0.047086902622	0.000983641776	0.021488023981	0.000491823072	0.072780333882	0.001731190656	0.017886106333	0.000826258992	0.01072346595	0.00033497575	0.03142089786
0.0	0.0	0.0	0.0	0.0	0.002952415583	0.0	0.001908995255	0.001003288416	0.021471438796	0.00045246552	0.044649414899	0.001888602768	0.017906102352	0.000865610616	0.010644809667	0.000394086625	0.031431848365
0.0	0.0	0.0	0.0	0.0	0.002853545877	0.0	0.016920686246	0.001062301344	0.02132683721	0.000452469888	0.073060981362	0.001770576912	0.017981489874	0.000885276912	0.010743791203	0.000334975625	0.031451522572
0.0	0.013188307272	0.0	0.0	0.0	0.013912534316	0.0	0.016921460073	0.001003322112	0.021257163607	0.000432793296	0.073060974868	0.001790224176	0.01801966891	0.00088527348	0.010704233843	0.00039408125	0.031406470336
0.0	0.0	0.0	0.0	0.0	0.002912759307	0.0	0.024791342669	0.001081977936	0.046284830943	0.000432788928	0.048802082639	0.001770541968	0.018141094455	0.0009049482	0.010684253535	0.000334973875	0.031430211988
0.0	0.0	0.0	0.0	0.0	0.002971873819	0.0	0.001850223699	0.001022986224	0.021493996862	0.000472134624	0.044634200294	0.001750907808	0.017725428136	0.000924623544	0.010762759737	0.000354678625	0.031169903518
0.0	0.000453690349	0.0	0.0	0.0	0.002951979718	0.0	0.001889148986	0.001042659072	0.021505481721	0.00047213712	0.044612927991	0.001711534032	0.017666288028	0.000983632728	0.010704198809	0.000315266625	0.031344894973
0.0	0.018504539902	0.0	0.0	0.0	0.029367234932	0.0	0.016823609317	0.001082008512	0.022333364887	0.000432794544	0.073100812418	0.0016721796	0.017962825381	0.000845932776	0.010686640901	0.000334968375	0.031384878088
0.0	0.0	0.0	0.0	0.0	0.002833441574	0.0	0.001948431776	0.001042656576	0.021486284068	0.000452464272	0.044711029355	0.001691878656	0.017805372073	0.00096394896	0.010704685799	0.000334971125	0.031229145885
0.0	0.0	0.0	0.0	0.0	0.002971510491	0.0	0.001928453248	0.00108200352	0.046330782557	0.000472133376	0.044671810832	0.001790217312	0.017805122045	0.00094428048	0.010685721501	0.000334972625	0.031267081816
0.0	0.0	0.0	0.0	0.0	0.00293262064	0.0	0.001928760101	0.00110168136	0.021461573499	0.000452470512	0.044674474744	0.001672202688	0.017825452281	0.000904951632	0.010685741514	0.000334972625	0.03128732534
0.0	0.003919421785	0.0	0.0	0.0	0.013934795913	0.0	0.001968605279	0.000944311056	0.021268999408	0.0004327908	0.044537398274	0.001750880976	0.017978718814	0.000924621048	0.010664070808	0.0003546815	0.031502852973
0.0	0.001182435357	0.0	0.0	0.0	0.006433628312	0.0	0.001948136482	0.00106234752	0.02146428775	0.000472138368	0.044634816294	0.00177054384	0.017821613715	0.000983641152	0.01076320917	0.000295563375	0.031146974233
0.0	0.0	0.0	0.0	0.0	0.002833519252	0.0	0.001909069219	0.001081991664	0.021328140432	0.000452463648	0.044517553021	0.00177055944	0.018020814573	0.000885267864	0.010646081227	0.000354678375	0.031467610426
0.0	0.001122845084	0.0	0.0	0.0	0.006411832989	0.0	0.001810484708	0.001141032672	0.04633856827	0.000452464896	0.044616398364	0.001790229792	0.018100140604	0.00088528128	0.010684107239	0.000394082	0.031487599992
0.0	0.0	0.0	0.042151493135	0.0	0.003443318632	0.0	0.063680339231	0.001022984976	0.02126388925	0.000472148352	0.073003056325	0.001750867248	0.017982625924	0.000904954752	0.010705828448	0.000354677625	0.031488396213
0.0	0.0	0.0	0.0	0.0	0.002911867986	0.0	0.003562564511	0.000983613072	0.046222683922	0.000472138992	0.044551400323	0.001790245392	0.017965280625	0.000944309496	0.010666713644	0.00035467675	0.031367677124
0.0	0.001283831142	0.0	0.0	0.0	0.00297149585	0.0	0.016746305568	0.001062327552	0.021528043508	0.000472137744	0.073071258077	0.001809892032	0.01782243514	0.00094428204	0.010664202957	0.000334968875	0.031267437298
0.0	0.0	0.0	0.0	0.0	0.002991379201	0.0	0.001928881814	0.000963960192	0.021430491277	0.000452466768	0.044615369199	0.00188860152	0.017883743207	0.000865591896	0.010744136647	0.000394084875	0.031389163273
0.0	0.0	0.0	0.0	0.0	0.002952126526	0.0	0.00200729089	0.00098363616	0.046257160569	0.000452464896	0.044553745953	0.001908278736	0.017901449543	0.000904933536	0.010706842825	0.0003546755	0.03134833673
0.0	0.003898200524	0.0	0.0	0.0	0.014118745653	0.0	0.00186998868	0.00102299808	0.021454043397	0.000472134	0.044594083091	0.001672186464	0.017745592403	0.000944292024	0.010761878564	0.000354674625	0.031284853358
0.0	0.0	0.0	0.0	0.0	0.003051104637	0.0	0.001889436209	0.000963958944	0.021350918243	0.000452466768	0.04463386133	0.001809913872	0.017964083996	0.000904937904	0.010664449627	0.00039408475	0.031383967228
0.0	0.0	0.0	0.0	0.0	0.002951439265	0.0	0.001948570188	0.00102297936	0.021503519474	0.000452464272	0.044613805225	0.001711526544	0.017922855576	0.000845927784	0.010704434373	0.000354673875	0.031444202112
0.0	0.0	0.0	0.0	0.0	0.002912490898	0.0	0.01688615032	0.001003306512	0.021303782879	0.000452466768	0.072965087968	0.00190827624	0.017902376856	0.000904930416	0.010726133933	0.000354674625	0.031327721182
0.0	0.000256623232	0.0	0.0	0.0	0.002873010255	0.0	0.001968041603	0.001003312128	0.046365457128	0.000452458656	0.044711818241	0.001868913072	0.017900827614	0.000924606696	0.010666300086	0.000334971	0.031327132754
0.0	0.01557199059	0.000295091784	0.0	0.0	0.062236764435	0.0	0.00196860266	0.001022995584	0.076618266306	0.000472134624	0.044652263772	0.001711533408	0.017861004013	0.000944295768	0.010704006249	0.000354671875	0.031210028379
0.0	0.015569702058	0.000236075112	0.0	0.0	0.062123917406	0.0	0.001909158781	0.001022997456	0.076346846947	0.00047214024	0.044632708487	0.001770550704	0.017743164857	0.00092462604	0.010781733284	0.00035467275	0.031151155366
0.0	0.009682330585	0.0	0.0	0.0	0.043730272103	0.0	0.001909198781	0.001121356704	0.053998166093	0.000472134624	0.0446148484	0.001711530288	0.018078776591	0.00088527816	0.01070607306	0.000374377	0.031487508728
0.0	0.0	0.0	0.0	0.0	0.002971576532	0.0	0.001928827867	0.001022984352	0.021523530664	0.000452463648	0.044575889269	0.00180989328	0.017824227999	0.000944280792	0.010723955287	0.000354674125	0.031151238086
0.0	0.000907113648	0.0	0.0	0.0	0.003544092257	0.0	0.001869856656	0.00104266032	0.021425420589	0.0004131192	0.044553983753	0.001770546336	0.018179674085	0.000885275352	0.010664215529	0.0003349695	0.031485558176
0.0	0.0	0.0	0.0	0.0	0.002873378647	0.0	0.016863802824	0.00092460888	0.021204204775	0.00047214024	0.072988686857	0.001731223728	0.017980730082	0.00092463384	0.010665019878	0.000354680375	0.031467049429
0.0	0.0	0.0	0.0	0.0	0.003011018223	0.0	0.001967873113	0.001081993536	0.046409939212	0.0004327908	0.04465367128	0.001731195024	0.017999926014	0.000885272232	0.010645191802	0.000354673	0.031427436714
0.0	0.0	0.0	0.0	0.0	0.002872992751	0.0	0.001869643156	0.001101660144	0.046240278013	0.000432798288	0.044634434968	0.001770566928	0.018082962334	0.000904931976	0.010722393683	0.00037437925	0.031526457083
0.0	0.001241869942	0.0	0.0	0.0	0.006335545995	0.0	0.001928582888	0.001101686352	0.021406165962	0.000472138992	0.044554467159	0.001750882224	0.017999181318	0.0008852844	0.010741624545	0.000354675375	0.031505957532
0.0	0.0	0.0	0.0	0.0	0.003070508193	0.0	0.001948357852	0.001101648912	0.021523926172	0.000432800784	0.044651734404	0.001711565232	0.017905978479	0.000865607184	0.01066622134	0.000354675875	0.031418917347
0.0	0.007305252778	0.0	0.0	0.0	0.029094755834	0.0	0.001948483184	0.001003327728	0.022156840732	0.000452467392	0.04457533494	0.001809898272	0.017882573396	0.00092462604	0.010704985852	0.00037438175	0.031422181733
0.0	0.0	0.0	0.0	0.0	0.002892659399	0.0	0.016963765936	0.000983611824	0.021302761418	0.000472140864	0.073004390921	0.001790241648	0.017966638229	0.000944307	0.010666822655	0.000354674	0.031386422289
0.0	0.0	0.0	0.0	0.0	0.002971465566	0.0	0.016920906159	0.001062323808	0.021584461567	0.000432801408	0.072985903725	0.001711547136	0.017865543567	0.000904928856	0.010665742388	0.0003546755	0.031383525142
0.0	0.0	0.0	0.0	0.0	0.002892961694	0.0	0.001889121135	0.001101663264	0.021409711224	0.000432798912	0.044810981574	0.001731229344	0.018079827207	0.000885265368	0.010665961372	0.000374381375	0.031509179836
0.0	0.000473359156	0.0	0.0	0.0	0.002873191676	0.0	0.016785340801	0.001121328	0.021451847268	0.00043278768	0.072912919157	0.001770540096	0.018080734783	0.00090494352	0.010721759646	0.000354674375	0.031525827775
0.0	0.0	0.0	0.0	0.0	0.00287306781	0.0	0.001928605458	0.001042646592	0.021399168331	0.000472142736	0.044474695415	0.001750907184	0.018160466556	0.000865605936	0.010704011097	0.000354677875	0.031470421175
0.0	0.0	0.0	0.0	0.0	0.003030918981	0.0	0.001948299434	0.001081977312	0.021486391167	0.000413127936	0.044688738343	0.001750905936	0.018219429628	0.00088527972	0.010704628794	0.000354679875	0.031389316633
0.0	0.0	0.0	0.0	0.0	0.002912484035	0.0	0.01686310737	0.001022956896	0.021301969949	0.000472138992	0.073086601373	0.001829581728	0.017805920743	0.000904959432	0.01070604844	0.00035467625	0.031429626797
0.0	0.000532175007	0.0	0.0	0.0	0.002853627274	0.0	0.001928321346	0.00108199104	0.021348086946	0.000472138368	0.044633182906	0.001750892208	0.018061344869	0.000904935408	0.010703725857	0.000374377375	0.031406922903
0.0	0.007306964932	0.0	0.0	0.0	0.029071245023	0.0	0.001968396146	0.000963978288	0.046116137846	0.000452466768	0.044594980084	0.001888588416	0.017844613761	0.00086560656	0.010683972967	0.000394084125	0.031464551554
0.0	0.0	0.0	0.0	0.0	0.002853184756	0.0	0.001987658537	0.001003303392	0.021365534797	0.00045246864	0.04465448696	0.001750897824	0.017902945333	0.000904960992	0.010704408122	0.0003743835	0.031525103112
0.0	0.0	0.0	0.0	0.0	0.002971799092	0.0	0.001909212297	0.00102295752	0.021428323548	0.000472138992	0.044613047167	0.001672218912	0.01774848035	0.00092462292	0.010761826078	0.000354677875	0.031262656298
0.0	0.052489053461	0.000373781304	0.001869767372	0.0	0.07459924312	0.000314763696	0.00393673688	0.001691893008	0.093996050599	0.00047213712	0.044653371942	0.001750882848	0.021463091609	0.000904959744	0.010724371391	0.000374382625	0.031501630261
0.0	0.007383753451	0.0	0.0	0.0	0.029232211962	0.0	0.001889509473	0.001082011008	0.022451689617	0.000432796416	0.044595088003	0.001711527168	0.017903314325	0.000885284088	0.010726049365	0.00035467375	0.031420727145
0.0	0.0	0.0	0.0	0.0	0.00289288788	0.0	0.016786684077	0.001022968128	0.021442746194	0.000432795792	0.072902807366	0.00180991512	0.017921540989	0.000924608568	0.010664192183	0.0003546765	0.031565885884
0.0	0.007895007862	0.0	0.0	0.0	0.006332009968	0.0	0.016906810307	0.00100332336	0.021448336528	0.00045246552	0.072991587005	0.001868905584	0.017920310949	0.000924620424	0.010684380941	0.000334969125	0.03132715174
0.0008852688	0.022457008124	0.000432802656	0.0	0.0	0.062334419168	0.0	0.016845230264	0.001121351088	0.076486305419	0.00045246864	0.072997599522	0.001790235408	0.018118684426	0.000885280656	0.0107049255	0.000394079875	0.031447071869
0.0	0.0	0.0	0.0	0.0	0.003010735963	0.0	0.0035228091	0.001003285296	0.021482950615	0.00045247176	0.044710512257	0.001672218912	0.017845957892	0.00088527972	0.010763439979	0.00035467975	0.031442310543
0.0	0.0	0.0	0.0	0.0	0.00279390475	0.0	0.001929040535	0.000983613072	0.021312416197	0.000432796416	0.04467152239	0.00177058128	0.017982774505	0.000885290328	0.010684500534	0.000374377875	0.031446794617
0.0	0.05250835929	0.000373781304	0.001771562993	0.0	0.074510949461	0.000373779744	0.003877614051	0.001691884896	0.093867693297	0.00045246552	0.044612571026	0.001770555696	0.021463974038	0.000904954128	0.010685292573	0.000394086125	0.031464010725
0.0	0.0	0.0	0.0	0.0	0.002853538449	0.0	0.001909194651	0.000944286096	0.046128947146	0.000472133376	0.044554114854	0.001809905136	0.018020165344	0.000904930728	0.010666778615	0.000394086125	0.031426862823
0.0	0.0	0.0	0.0	0.0	0.002991143238	0.0	0.001928512131	0.001062330672	0.046472956055	0.000432799536	0.044652095141	0.00171154464	0.017845249427	0.00092462448	0.010664911922	0.00033497025	0.031403916317
0.0	0.0	0.0	0.0	0.0	0.002912466821	0.0	0.016803099648	0.001101658272	0.021422863472	0.000413117952	0.072864741703	0.001790224176	0.018102348388	0.000904939152	0.010684661457	0.000354673125	0.031489829103
0.0	0.000217097199	0.0	0.0	0.0	0.0029325013	0.0	0.001909148609	0.001003311504	0.021495176468	0.000472133376	0.044571926053	0.001888586544	0.017881154778	0.000865589712	0.010724727629	0.00041379125	0.031367487402
0.0	0.022399846315	0.0	0.0	0.0	0.043775258366	0.0	0.016943413646	0.000983649888	0.053789084718	0.000452461776	0.073008508569	0.001908255648	0.017900288488	0.000865602816	0.010644284355	0.00039408675	0.031425166606
0.0	0.015671104143	0.0002164032	0.0	0.0	0.062275101657	0.0	0.00188958837	0.001042664688	0.076362931455	0.00045246864	0.044613820217	0.001829582352	0.017960514561	0.000904954128	0.010684704361	0.0003743765	0.031543063094
0.0	0.0	0.0	0.042210689509	0.0	0.003463774311	0.0	0.06347257557	0.000944297952	0.021254618355	0.000472147104	0.06188852878	0.00177054072	0.018022018097	0.00090496224	0.010664482372	0.00037437825	0.0313887799
0.0	0.0	0.0	0.0	0.0	0.002990788448	0.0	0.001948245247	0.00106230384	0.04646020752	0.000472134	0.044608917207	0.001770571296	0.017765881085	0.000983639592	0.010802930511	0.00031527	0.031167163223
0.0	0.0	0.0	0.0	0.0	0.002833937307	0.0	0.001948229012	0.000963958944	0.021293451507	0.000472135248	0.044636045656	0.001750887216	0.017942199133	0.000904933848	0.010665412745	0.000394085625	0.031387761941
0.0	0.0	0.0	0.0	0.0	0.003050439351	0.0	0.01682536208	0.001042625376	0.021527268097	0.000452469264	0.072987056978	0.001691889888	0.017803952233	0.000924619488	0.010744573729	0.00033497575	0.031380201775
0.0	0.0	0.0	0.0	0.0	0.002952177485	0.0	0.024888609446	0.001003286544	0.021527976329	0.000432790176	0.048903990484	0.001888565952	0.017863109434	0.000904951008	0.01072582313	0.000374382875	0.031391031138
0.0	0.0	0.0	0.0	0.0	0.002833803796	0.0	0.00200726708	0.00100330152	0.021301965922	0.000472140864	0.044633262531	0.001750902816	0.01800070306	0.000904938528	0.010704761081	0.0003546785	0.031525902466
0.0	0.0	0.0	0.0	0.0	0.002971629129	0.0	0.008280654572	0.001121319888	0.021447283715	0.00045246552	0.044749825012	0.001770581904	0.017766543488	0.000983641152	0.01070499063	0.000315272125	0.031285605388
0.0	0.00612617385	0.0	0.0	0.0	0.003678573724	0.0	0.016905152303	0.001082005392	0.021506796508	0.000413117952	0.073027958333	0.001731198144	0.01796134423	0.000885271296	0.010705500509	0.000354671625	0.031388283325
0.0	0.0	0.0	0.0	0.0	0.002892853621	0.0	0.001869689898	0.001121331744	0.021427532866	0.00047214648	0.044634179101	0.001711548384	0.018124305423	0.000865591272	0.010724409259	0.000354678625	0.031468882758
0.0	0.00106325726	0.0	0.0	0.0	0.00365703147	0.0	0.001948399615	0.000983648016	0.046195644435	0.000452461152	0.044594001609	0.001908265008	0.017900610171	0.000865591584	0.010644044984	0.000394084625	0.031425591613
0.0	0.003979527108	0.0	0.0	0.0	0.01409301335	0.0	0.001929251171	0.001082017872	0.046352711459	0.00045245928	0.044655886125	0.00167218272	0.017747445714	0.000924618864	0.010744681115	0.0003349705	0.031267686274
0.0	0.0	0.0	0.0	0.0	0.002951500799	0.0	0.001987647427	0.001022959392	0.021497422433	0.000452464272	0.044767253149	0.001849259568	0.017842774781	0.000944295144	0.010684872827	0.000315272	0.031110850353
0.0	0.0	0.0	0.0	0.0	0.002873330564	0.0	0.001987809359	0.000924595152	0.046141493975	0.000452466768	0.044553588335	0.001731237456	0.017942072458	0.000924638208	0.010625738313	0.000374380875	0.031506271048
0.0	0.0	0.0	0.0	0.0	0.003050316003	0.0	0.001869867945	0.00104266032	0.021598790571	0.000491807472	0.044616045844	0.00169185432	0.017846128792	0.000924614496	0.010703556569	0.000334971125	0.0313817369
0.0	0.0	0.0	0.0	0.0	0.003050668431	0.0	0.001889194352	0.001121347968	0.046369238348	0.000452464272	0.044591958601	0.001672203312	0.017805778712	0.001003291224	0.01066766465	0.0003152655	0.031365678392
0.0	0.0	0.0	0.0	0.0	0.00287286252	0.0	0.001909065468	0.001042645344	0.046206195921	0.000452466144	0.044612416568	0.00180992136	0.017943032013	0.000924627912	0.010683541521	0.000354678125	0.031525804371
0.0	0.052465371014	0.000373779432	0.001850577303	0.0	0.074393120025	0.000373782864	0.00383779312	0.001770583776	0.094236826998	0.000452464272	0.044573901442	0.001711523424	0.021659839183	0.000924629784	0.010705134757	0.000334971125	0.031362037522
0.0	0.0	0.0	0.0	0.0	0.002892846015	0.0	0.008261573608	0.00106230384	0.021286067823	0.000452471136	0.044632195105	0.001750908432	0.018022398204	0.000904955376	0.010704302376	0.00035468	0.031431131686
0.0	0.0	0.0	0.042186815042	0.0	0.003679631243	0.0	0.063341347046	0.001042665312	0.046375639467	0.000472148352	0.061607879682	0.001691846208	0.017786775747	0.00092462292	0.010724223883	0.000334973875	0.031398541397
0.0	0.00092596264	0.0	0.0	0.0	0.003639730151	0.0	0.001928420812	0.001003325232	0.021374846214	0.000452463024	0.044670547945	0.001868919312	0.017822220767	0.00086559252	0.010662944513	0.000394085125	0.031426704941
0.0	0.0	0.0	0.0	0.0	0.003030228005	0.0	0.016825271877	0.001022953152	0.021520434899	0.000491807472	0.072967807916	0.00175090344	0.017787373447	0.000963964872	0.010723562029	0.0002955665	0.031324299157
0.0	0.0	0.0	0.005430332404	0.0	0.002911872449	0.0	0.047205826621	0.001062336288	0.021447224412	0.000432804528	0.048942174285	0.0017115228	0.017862365504	0.000865607496	0.01072510003	0.00035467975	0.031403762123
0.0	0.0	0.0	0.0	0.0	0.002912966977	0.0	0.001948422847	0.001003297152	0.021406557068	0.00045247176	0.044613453692	0.001711546512	0.018119070543	0.000865590648	0.010704535554	0.000354680625	0.031467979923
0.0009246042	0.052804351789	0.00135741996	0.010236590118	0.00184923648	0.078151468387	0.001121345472	0.0205677047	0.001790247264	0.094059145602	0.0004524624	0.073055488481	0.001672178352	0.021544316616	0.000904953504	0.010744677075	0.000334970375	0.031268729067
0.0	0.000748239231	0.0	0.0	0.0	0.003030612627	0.0	0.001948164997	0.001082005392	0.046386947597	0.000432788928	0.044651519924	0.001672174608	0.017961144532	0.000845924976	0.01072444578	0.000334970625	0.031364987387
0.0	0.0	0.0	0.0	0.0	0.002892863125	0.0	0.001987674981	0.001022980608	0.021409932678	0.00047213712	0.044552753845	0.001809898272	0.017820234632	0.0009049404	0.0106643163	0.0003743825	0.031446021543
0.0	0.0	0.0	0.0	0.0	0.002971469042	0.0	0.008143119631	0.001022958768	0.046365101961	0.0004918056	0.044689064386	0.001750905936	0.017786482547	0.000963965496	0.010723640463	0.00031527	0.031324159697
0.0	0.0	0.0	0.0	0.0	0.002952267536	0.0	0.001948258872	0.001003288416	0.021310082403	0.000452469888	0.044572669312	0.001809916992	0.017805645154	0.000924634776	0.010724562141	0.000394086	0.031425417464
0.0	0.0	0.0	0.0	0.0	0.002952482358	0.0	0.001830369986	0.001121333616	0.021370103404	0.000452470512	0.044653003583	0.001790248512	0.018042920814	0.000885280344	0.010722881569	0.00039408425	0.031506173295
0.0	0.0	0.0	0.0	0.0	0.002892415135	0.0	0.001889334062	0.001140993984	0.02136656636	0.000472142112	0.044649217965	0.001750905312	0.017962572574	0.00088527816	0.010742474659	0.000354679625	0.031491761404
0.0	0.0	0.0	0.005429162772	0.0	0.00293190587	0.0	0.047108022763	0.000983641776	0.02134344381	0.000452474256	0.048764448636	0.001809875184	0.017926670421	0.000944310432	0.010705590859	0.0003349735	0.031407339392
0.0	0.000748460363	0.0	0.0	0.0	0.00303087741	0.0	0.001948405818	0.001003315248	0.021563948886	0.0004524624	0.044751109971	0.001672178352	0.017804573408	0.00090494508	0.010743263487	0.000354674875	0.031423200673
