LI-3100 Leaf Area Meter
"07-26-2014 12:41:02 PM"

File Name:	LightInterception_18x20_07-26-14
Comments:	

Observation	RIL	Rep	Leaf	Area	Subtotal	Max Width	Average Width	Length
1	5s_blank	5s_blank	5s_blank	11.170	11.170	8.8	0.3	35.8
2	5s_blank	5s_blank	5s_blank2	8.486	19.656	9.8	0.2	35.0
3	5s_blank	5s_blank	5s_blank3	7.915	27.571	0.9	0.2	36.5
4	12s_blank	ApproxTimeLeafTravel	12s_blank1	40.537	68.108	24.6	0.4	98.5
5	12s_blank	ApproxTimeLeafTravel	12s_blank2	37.587	105.695	22.4	0.4	93.0
6	12s_blank	ApproxTimeLeafTravel	12s_blank3	37.872	143.567	22.9	0.4	93.5
7	63	1	1	405.162	548.729	25.0	3.8	106.3
8	63	1	2	393.452	942.181	23.0	3.5	113.6
9	63	1	3	432.092	1374.273	25.1	4.0	108.2
10	63	1	4	423.271	1797.544	22.0	3.6	116.6
11	63	1	5	427.513	2225.057	24.5	3.7	114.2
12	63	1	6	420.059	2645.116	23.5	3.7	114.6
13	63	1	7	440.273	3085.389	25.3	3.5	126.2
14	63	1	8	439.744	3525.133	23.6	4.0	111.2
15	63	1	9	396.917	3922.050	25.2	3.2	123.9
16	63	1	10	451.234	4373.284	24.9	3.8	117.5
17	63	1	11	448.577	4821.861	25.0	3.3	137.5
18	63	1	12	489.094	5310.955	25.0	3.8	129.8
19	63	2	1	363.849	5674.804	23.9	3.4	107.1
20	63	2	2	362.825	6037.629	22.1	3.2	114.9
21	63	2	3	377.825	6415.454	22.9	3.1	120.0
22	63	2	4	372.299	6787.753	23.9	3.0	125.0
23	63	2	5	363.816	7151.569	22.9	3.0	120.1
24	63	2	6	313.977	7465.546	21.0	2.5	123.5
25	63	2	7	393.078	7858.624	24.7	2.9	134.1
26	63	2	8	468.771	8327.395	24.5	3.4	139.4
27	63	2	9	500.173	8827.568	24.4	3.2	154.1
28	63	2	10	499.773	9327.341	23.4	3.4	145.5
29	63	2	11	491.382	9818.723	24.5	3.3	147.2
30	63	3	1	319.554	10138.277	24.9	3.2	99.3
31	63	3	2	332.094	10470.371	25.0	3.0	111.5
32	63	3	3	292.968	10763.339	24.7	3.2	92.5
33	63	3	4	346.328	11109.667	21.0	3.3	103.4
34	63	3	5	350.588	11460.255	23.3	3.1	113.9
35	63	3	6	340.227	11800.482	24.3	3.2	107.4
36	63	3	7	352.588	12153.070	24.0	3.4	103.7
37	63	3	8	401.713	12554.783	24.0	3.5	113.3
38	63	3	9	388.431	12943.214	24.8	3.3	116.2
39	63	4	1	320.479	13263.693	24.4	3.4	94.5
40	63	4	2	306.104	13569.797	20.9	3.2	94.3
41	63	4	3	322.676	13892.473	23.6	3.2	99.4
42	63	4	4	336.408	14228.881	22.3	3.1	109.2
43	63	4	5	333.053	14561.934	21.4	3.5	96.1
44	63	4	6	334.370	14896.304	22.8	3.2	103.0
45	63	4	7	361.589	15257.893	19.7	3.5	103.4
46	63	4	8	341.235	15599.128	22.9	2.7	124.7
47	63	4	9	431.187	16030.315	22.7	3.4	127.8
48	63	4	10	407.346	16437.660	25.0	3.3	123.8
49	63	5	1	295.161	16732.822	24.8	3.0	97.1
50	63	5	2	303.851	17036.672	25.1	2.8	107.2
51	63	5	3	297.192	17333.863	23.8	3.0	98.0
52	63	5	4	307.002	17640.865	23.9	2.8	107.7
53	63	5	5	306.173	17947.039	24.6	2.8	107.6
54	63	5	6	292.538	18239.578	22.2	2.7	109.7
55	63	5	7	315.700	18555.277	22.0	2.8	111.6
56	63	5	8	412.108	18967.387	23.2	3.5	118.9
57	63	5	9	419.895	19387.279	23.4	3.6	117.0
58	63	5	10	399.732	19787.012	23.2	3.4	118.6
59	73	1	1	364.984	20151.996	22.9	3.9	93.7
60	73	1	2	367.934	20519.930	20.9	3.8	97.9
61	73	1	3	393.433	20913.363	19.6	3.6	108.6
62	73	1	4	404.898	21318.262	24.0	3.5	116.6
63	73	1	5	425.956	21744.219	24.5	3.7	114.1
64	73	1	6	400.737	22144.955	24.5	3.3	122.8
65	73	1	7	439.055	22584.012	22.5	3.3	134.5
66	73	1	8	409.325	22993.336	24.1	3.2	127.9
67	73	1	9	387.422	23380.758	24.5	2.8	140.2
68	73	2	1	405.973	23786.732	22.7	3.7	109.2
69	73	2	2	388.393	24175.123	19.5	4.0	97.4
70	73	2	3	409.894	24585.018	24.3	4.2	97.8
71	73	2	4	432.062	25017.080	24.5	4.2	102.4
72	73	2	5	438.153	25455.232	24.2	4.1	106.7
73	73	2	6	448.816	25904.049	24.1	4.1	110.5
74	73	2	7	476.282	26380.330	22.4	4.0	119.0
75	73	2	8	449.568	26829.898	24.9	3.9	115.5
76	73	3	1	417.291	27247.188	24.7	4.4	94.0
77	73	3	2	417.952	27665.141	17.5	4.3	96.0
78	73	3	3	397.448	28062.588	22.9	4.1	97.3
79	73	3	4	392.211	28454.801	23.3	4.0	97.5
80	73	3	5	395.182	28849.982	22.6	3.8	102.8
81	73	3	6	398.962	29248.943	21.7	4.1	98.4
82	73	3	7	391.774	29640.719	23.5	3.9	100.9
83	73	3	8	441.697	30082.416	24.1	4.0	109.2
84	73	4	1	373.893	30456.309	18.2	3.7	101.0
85	73	4	2	370.497	30826.805	22.8	3.8	98.5
86	73	4	3	405.222	31232.025	24.2	3.7	109.2
87	73	4	4	381.551	31613.576	23.1	3.2	119.7
88	73	4	5	395.437	32009.012	22.6	3.4	114.6
89	73	4	6	399.483	32408.496	24.8	3.4	118.7
90	73	4	7	406.751	32815.246	24.5	3.7	111.2
91	73	4	8	452.657	33267.902	24.7	3.5	128.5
92	73	4	9	419.661	33687.562	24.9	3.4	122.9
93	73	4	10	473.836	34161.398	22.2	3.5	136.8
94	73	5	1	358.011	34519.410	23.4	3.4	103.8
95	73	5	2	356.993	34876.402	24.5	3.5	102.7
96	73	5	3	352.869	35229.273	23.5	3.4	102.8
97	73	5	4	353.525	35582.797	24.6	3.4	104.1
98	73	5	5	369.216	35952.012	25.0	3.6	101.3
99	73	5	6	386.135	36338.148	22.9	3.8	101.9
100	73	5	7	399.141	36737.289	22.4	3.8	105.5
101	73	5	8	357.464	37094.754	24.4	3.1	113.7
