LI-3100 Leaf Area Meter
"07-26-2014 2:21:47 PM"

File Name:	LightInterception_18x20_07-26-14_file2
Comments:	

Observation	RIL	Rep	Leaf	Area	Subtotal	Max Width	Average Width	Length
1	12s_blank	12s_blank	12s_blank	14.755	14.755	23.2	0.3	54.3
2	12s_blank	12s_blank	12s_blank2	10.409	25.164	23.5	0.2	53.8
3	73	6	1	340.048	365.212	23.1	3.5	97.9
4	73	6	2	363.090	728.302	25.0	3.5	102.9
5	73	6	3	357.974	1086.276	24.6	3.7	96.8
6	73	6	4	354.807	1441.083	25.6	3.4	104.4
7	73	6	5	345.266	1786.349	18.5	3.3	105.2
8	73	6	6	347.979	2134.328	22.8	3.7	94.5
9	73	6	7	259.257	2393.585	22.1	2.4	109.6
10	63	6	1	387.139	2780.724	23.2	4.3	89.9
11	63	6	2	389.225	3169.949	21.3	4.1	94.2
12	63	6	3	390.359	3560.308	20.6	4.2	92.4
13	63	6	4	405.578	3965.886	22.2	4.0	100.6
14	63	6	5	425.669	4391.555	23.2	3.6	117.1
15	63	6	6	400.730	4792.285	22.1	3.6	112.1
16	63	6	7	407.616	5199.901	22.3	3.5	117.8
17	63	6	8	402.899	5602.800	22.7	3.3	122.5
18	63	6	8	407.629	6010.429	22.7	2.6	154.6
19	63	6	9	441.839	6452.268	24.8	3.8	117.5
20	63	6	10	522.381	6974.649	22.2	4.6	113.0
21	63	6	11	509.626	7484.275	24.0	4.4	115.3
22	On_plant	63-6-8	Use_1st_Obs_ie17	0.284	7484.559	0.4	0.1	3.1
23	63	7	1	394.838	7879.397	22.2	4.2	93.6
24	63	7	2	417.906	8297.303	21.6	4.2	99.8
25	63	7	3	422.029	8719.332	22.4	4.3	97.1
26	63	7	4	430.814	9150.146	23.3	3.8	112.7
27	63	7	5	400.700	9550.846	21.2	3.5	115.2
28	63	7	6	409.209	9960.055	23.4	4.0	101.3
29	63	7	7	376.360	10336.415	24.6	3.5	107.4
30	63	7	8	348.420	10684.835	21.6	3.0	114.4
31	63	7	9	365.225	11050.060	24.1	3.3	112.0
32	63	7	10	461.930	11511.990	23.9	3.8	121.2
33	63	7	11	476.298	11988.288	22.3	4.2	114.2
34	63	7	12	448.044	12436.332	23.7	3.8	118.5
35	63	8	1	366.297	12802.629	24.8	3.8	95.8
36	63	8	2	377.559	13180.188	22.1	3.8	100.6
37	63	8	3	383.360	13563.548	21.4	3.6	105.6
38	63	8	4	389.912	13953.460	24.9	3.6	107.0
39	63	8	5	422.296	14375.756	22.8	3.7	114.2
40	63	8	6	410.645	14786.401	21.6	3.9	104.6
41	63	8	7	391.772	15178.173	19.6	3.6	109.2
42	63	8	8	427.275	15605.448	23.4	3.7	116.2
43	63	8	9	466.050	16071.498	24.2	3.6	129.9
44	63	8	10	501.417	16572.914	21.9	4.0	125.5
45	63	8	11	462.535	17035.449	23.6	3.9	119.9
46	63	9	1	366.650	17402.100	23.8	3.8	97.6
47	63	9	2	368.661	17770.760	20.7	3.8	96.6
48	63	9	3	367.837	18138.596	24.1	3.7	100.2
49	63	9	4	364.029	18502.623	24.1	3.4	107.2
50	63	9	5	360.152	18862.775	21.5	3.5	103.8
51	63	9	6	366.778	19229.555	20.9	3.4	107.5
52	63	9	7	374.077	19603.633	23.3	3.7	102.1
53	63	9	8	445.399	20049.031	22.4	3.6	124.9
54	63	9	9	498.779	20547.812	24.5	4.1	120.6
55	63	9	10	506.577	21054.389	22.8	4.0	125.5
56	63	9	11	462.932	21517.320	21.9	3.7	125.5
57	63	10	1	340.171	21857.492	21.9	3.3	103.4
58	63	10	2	343.300	22200.793	22.4	3.7	93.2
59	63	10	3	339.209	22540.000	22.1	3.2	105.0
60	63	10	4	332.109	22872.107	22.9	3.2	105.3
61	63	10	5	315.179	23187.287	22.9	3.0	105.6
62	63	10	6	332.647	23519.936	23.5	3.2	102.9
63	63	10	7	369.346	23889.281	24.7	3.1	118.8
64	63	10	8	411.392	24300.674	24.6	3.8	108.4
65	63	10	9	494.053	24794.729	21.4	3.7	133.9
66	63	10	10	473.370	25268.098	23.0	3.8	123.4
67	73	7	1	391.387	25659.484	24.1	3.9	101.2
68	73	7	2	394.965	26054.447	22.6	3.4	115.9
69	73	7	3	382.971	26437.420	24.0	3.7	104.2
70	73	7	4	395.007	26832.428	24.5	3.6	109.5
71	73	7	5	404.281	27236.707	22.5	3.6	112.2
72	73	7	6	394.041	27630.748	22.6	3.5	112.2
73	73	7	7	419.423	28050.172	23.8	3.7	112.2
74	73	7	8	437.275	28487.447	24.5	3.4	128.5
75	73	7	9	445.382	28932.830	23.3	3.5	127.9
76	73	8	1	388.252	29321.082	23.3	3.6	107.6
77	73	8	2	395.291	29716.371	24.3	3.6	109.2
78	73	8	3	424.757	30141.129	23.6	3.8	112.9
79	73	8	4	456.685	30597.812	22.0	3.9	116.6
80	73	8	5	435.156	31032.969	24.1	3.8	113.2
81	73	8	6	447.247	31480.217	23.7	3.7	119.2
82	73	8	7	445.877	31926.092	23.2	3.7	119.9
83	73	8	8	398.908	32325.000	23.5	3.2	125.2
84	73	8	9	404.296	32729.297	23.9	3.1	131.9
85	73	9	1	382.682	33111.977	23.7	3.7	103.2
86	73	9	2	366.513	33478.492	22.0	3.5	103.6
87	73	9	3	377.933	33856.426	23.3	3.5	107.6
88	73	9	4	398.368	34254.793	22.4	3.7	106.2
89	73	9	5	425.343	34680.137	23.6	4.0	106.6
90	73	9	6	439.814	35119.953	23.8	3.7	120.2
91	73	9	7	489.858	35609.809	23.1	4.2	117.9
92	73	9	8	454.665	36064.473	23.4	3.4	133.2
93	73	10	1	384.176	36448.648	20.9	3.9	97.9
94	73	10	2	383.259	36831.906	24.9	3.8	99.7
95	73	10	3	383.756	37215.664	24.5	3.7	104.5
96	73	10	4	406.818	37622.480	25.2	4.0	100.7
97	73	10	5	397.267	38019.746	24.0	3.8	104.0
98	73	10	6	421.026	38440.777	24.9	3.5	119.9
99	73	10	7	413.989	38854.766	24.6	3.6	113.4
100	73	10	8	385.201	39239.965	25.0	2.9	130.5
101	73	10	9	403.307	39643.273	23.5	3.3	120.8
