0.0	0.0	0.0	0.0	0.0	0.0	0.0	4.9655736e-05	0.0	0.001045042592	0.0	0.002689031299	0.0	0.003083677796	0.0	0.020375123097	0.0	0.040028053887	0.000895364496	0.033188693806	0.000969966192	0.014655634527	0.0	0.005844472606	0.0	0.01885449344
0.0	0.0	0.0	0.0	0.0	0.0	0.0	4.9677045e-05	0.0	0.001045004085	0.0	0.002667317801	0.0	0.003111414596	0.0	0.020493431764	0.0	0.039935980784	0.000920238384	0.033263677294	0.000945095424	0.014558329646	0.0	0.005744431664	0.0	0.018927054429
0.0	0.0	0.0	0.0	0.0	0.0	0.0	7.4569374e-05	0.0	0.001095274105	0.0	0.000523148228	0.0	0.003034868128	0.0	0.016329439832	0.0	0.04022394646	0.000820730352	0.033082143652	0.00096996744	0.014650086076	0.0	0.005694180537	0.0	0.019104488225
0.0	0.0	0.0	0.0	0.0	0.0	0.0	2.48292e-05	0.0	0.001169379732	0.0	0.00042406144	0.0	0.003308623369	0.0	0.016423875839	2.486952e-05	0.0403303713	0.00089536512	0.033171744209	0.00099483384	0.014576920126	0.0	0.00576892431	0.0	0.018982983564
0.0	0.0	0.0	4.97595e-05	0.0	0.0	0.0	0.000447595513	0.0	0.001095141163	0.0	0.000448617234	0.0	0.003207425971	0.0	0.016275882921	0.0	0.040472371882	0.0009699768	0.033259738094	0.001019705232	0.014674398277	0.0	0.005743079846	0.0	0.019008073212
0.0	0.0	0.0	0.0	0.0	0.0	0.0	2.483547e-05	0.0	0.001070111748	0.0	0.002643391444	0.0	0.003233392387	0.0	0.020146946172	2.486952e-05	0.040376204518	0.00096997056	0.033249873839	0.001019707104	0.014681012674	0.0	0.005767831335	0.0	0.018930159467
0.0	0.021734102306	0.0	7.4376395e-05	0.0	0.064093875021	0.0	0.007439434607	0.0	0.050406850205	0.002462212584	0.005675711635	0.000895348896	0.019879854972	0.001541973264	0.030948984224	0.001193796864	0.050379137555	0.001442507664	0.046224320845	0.001343032704	0.034706987897	0.000820752816	0.020997300965	0.000249106375	0.024253271082
0.0	0.0	0.0	0.0	0.0	0.0	0.0	7.4531769e-05	0.0	0.001119941723	0.0	0.000472920337	0.0	0.003134075113	0.0	0.016522679569	0.0	0.040130556233	0.00082072536	0.03313415743	0.00096996744	0.014602283559	0.0	0.005891835822	0.0	0.018928900947
0.0	0.0	0.0	0.0	0.0	0.0	0.0	2.48301e-05	0.0	0.001020094215	0.0	0.000449529607	0.0	0.00320977108	0.0	0.016518921911	0.0	0.039976972288	0.000994845072	0.033236472955	0.001019704608	0.014722344936	0.0	0.005718146576	0.0	0.018955229559
0.0	0.0	0.0	0.0	0.0	0.0	0.0	7.4552166e-05	0.0	0.001119883744	0.0	0.002490863847	0.0	0.003060205292	0.0	0.020178199004	0.0	0.040230485531	0.000969951216	0.033166524146	0.001044578496	0.014728959715	0.0	0.00569299234	0.0	0.019007449575
0.0	0.0	0.0	0.0	0.0	0.000924048945	0.0	4.9667037e-05	0.0	0.001070283714	0.0	0.000498334129	0.0	0.003160189197	0.0	0.016622131229	0.0	0.040133418597	0.000870471264	0.033107246103	0.0009450948	0.014674695941	0.0	0.005743895386	0.0	0.019099742568
0.0	0.0	0.0	0.0	0.0	0.0	0.0	7.4553672e-05	0.0	0.001120134904	0.0	0.000398216479	0.0	0.003210446303	0.0	0.016524368839	0.0	0.039975377063	0.00092022216	0.033160985433	0.001069448016	0.014675297553	0.0	0.005818279397	0.0	0.018879925544
0.0	0.0	0.0	0.000397553362	0.0	0.0	0.0	0.002462715473	0.0	0.001094765797	0.0	0.000498902271	0.0	0.004552712884	0.0	0.01646766593	0.0	0.040296886016	0.000920236512	0.033162813264	0.00101970648	0.014673514209	0.0	0.005621109323	0.0	0.01937773341
9.9483696e-05	0.0	0.0	0.012505268758	0.0	0.008436133307	0.0	0.015581879719	0.0	0.024910406458	0.0	0.017438443931	0.0	0.030399781648	0.0	0.035009812352	2.486952e-05	0.040327041283	0.000920245248	0.033266978755	0.001044584112	0.014948832602	0.0	0.00566989385	0.0	0.022959494856
0.0	0.0	0.0	0.0	0.0	0.0	0.0	2.483547e-05	0.0	0.001169421665	0.0	0.000398687221	0.0	0.003134494907	0.0	0.016373465822	2.486952e-05	0.040381379417	0.000945102912	0.033211021944	0.001094316288	0.014552543166	0.0	0.005671562058	0.0	0.018956654933
0.0	0.003872300455	0.0	0.0	0.0	0.005527181582	0.0	7.457553e-05	0.0	0.001418177661	0.0	0.002664981452	0.0	0.00308497735	0.0	0.02017853866	0.0	0.040282898388	0.00082071912	0.033107371351	0.000969958704	0.014701077569	0.0	0.005693331898	0.0	0.019173282857
0.0	0.0	0.0	0.0	0.0	0.0	0.0	7.4553174e-05	0.0	0.00116951596	0.0	0.000472975318	0.0	0.003160297619	0.0	0.016421931516	0.0	0.040560043504	0.000895363872	0.033183346455	0.001094319408	0.014650304264	0.0	0.005694719034	0.0	0.018954702565
0.0	0.0	0.0	0.0	0.0	0.0	0.0	4.9652619e-05	0.0	0.001119936317	0.0	0.002593109603	0.0	0.003258884452	0.0	0.020298952361	0.0	0.040403180703	0.000895366992	0.033217785227	0.000969965568	0.014772893341	0.0	0.005646141425	0.0	0.018980403802
0.0	0.0	0.0	0.0	0.0	0.0	0.0	2.483547e-05	0.0	0.001070236947	0.0	0.000423833557	0.0	0.003233060659	0.0	0.016297286627	2.486952e-05	0.040498102875	0.000969975552	0.033314841519	0.000994835088	0.014752515979	0.0	0.005742931339	0.0	0.018933531616
0.0	0.003897876213	0.0	0.0	0.0	0.009680224052	0.0	4.9662792e-05	0.0	0.025776465562	0.0	0.000498741384	0.0	0.030372044416	0.0	0.016444066128	0.0	0.04030200518	0.000920220288	0.033136753653	0.00101970648	0.014653014488	0.0	0.005597392953	0.0	0.019054782605
0.0	0.00730527047	0.0	0.0	0.0	0.031672876664	0.0	0.001642255331	0.0	0.010406612241	0.000223834104	0.00351127455	0.00089533704	0.01378482718	0.0	0.020668899546	0.0	0.040454672824	0.0007958652	0.034428003495	0.001019739552	0.014726314762	0.0	0.009552160494	0.0	0.019029753846
0.0	0.0	0.0	0.008921255336	0.0	0.0	0.0	0.015650779161	0.0	0.001094461817	0.0	0.017289055343	0.0	0.030352786159	0.0	0.034785635396	0.0	0.04050120413	0.00089536512	0.033284044627	0.000920222784	0.015196202557	0.0	0.005843069314	0.0	0.022959322984
0.0	0.0	0.0	0.0	0.0	0.008409153073	0.0	2.48301e-05	0.0	0.024964215393	0.0	0.000498805726	0.0	0.030399588753	0.0	0.016545747625	0.0	0.04000521244	0.001019719584	0.033186664017	0.00104458224	0.014647912424	0.0	0.005815209132	0.0	0.018856189232
0.0	0.0	0.0	0.003109025866	0.0	0.0	0.0	0.005080199898	0.0	0.001119568591	0.0	0.004081276902	0.0	0.007759754629	0.0	0.016520137959	2.486952e-05	0.040294480822	0.000920235264	0.033140018237	0.000994835088	0.014551762212	0.0	0.005768474678	0.0	0.020923225768
0.0	0.007255179308	0.0	0.0	0.0	0.031423518868	0.0	0.001667020631	0.0	0.010385401636	0.000248701752	0.0013941613	0.000820732848	0.014156188192	0.0	0.02064367015	0.0	0.040300155483	0.000870478752	0.034311902826	0.000969989904	0.01455075014	0.0	0.009624377609	0.0	0.019100781799
0.0	0.0	0.0	0.0	0.0	0.0080611378	0.0	7.4538087e-05	0.0	0.025381335366	0.0	0.000497861903	0.0	0.030299922544	0.0	0.016378811448	0.0	0.040075214466	0.000795885792	0.033092495342	0.000945098544	0.014624925351	0.0	0.005743455133	0.0	0.019003425591
0.0	0.0	0.0	0.000322689574	0.0	0.0	0.0	0.002490294585	0.0	0.001144449175	0.0	0.003932239488	0.0	0.004503314832	0.0	0.020216572267	0.0	0.040476130419	0.000920235888	0.033185364798	0.000969965568	0.014604594932	0.0	0.005893691414	0.0	0.019424030409
0.0	0.007132708245	0.0	0.0	0.0	0.031373195996	0.0	0.001592437191	0.0	0.010306105283	0.000323314992	0.001319778428	0.000920219664	0.014032261338	0.0	0.020747240973	0.0	0.040031795362	0.000895348896	0.034355538182	0.00096998928	0.014582926932	0.0	0.009729060799	0.0	0.018807037537
0.0	0.02155969865	0.0	7.4376035e-05	0.0	0.06386645683	4.9741848e-05	0.007339965741	2.4870456e-05	0.050236136629	0.002487081168	0.007716345248	0.000845606736	0.019802968936	0.001566840288	0.031232266754	0.001293281808	0.050301328484	0.001392770496	0.045974281369	0.001392776112	0.034732084719	0.000845618592	0.020899235077	0.000249112125	0.02410194968
0.0	0.021584535885	0.0	0.000347833334	0.0	0.063917077218	4.9741848e-05	0.007364780815	0.0	0.061078868163	0.002536862328	0.005725465778	0.00089535264	0.050854863807	0.001417642512	0.031017412401	0.001268422896	0.050363163128	0.001417652496	0.046169754688	0.00121869072	0.034729019355	0.000845616408	0.020900028307	0.00024911	0.024101456895
0.0	0.0	0.0	0.0	0.0	0.00818790787	0.0	7.4556267e-05	0.0	0.025414121657	0.0	0.000522932685	0.0	0.030160025484	0.0	0.016446723342	0.0	0.040509103703	0.0008704956	0.033184132235	0.00101971272	0.01465400913	0.0	0.0057454987	0.0	0.019029350658
0.0	0.0	0.0	0.0	0.0	0.0	0.0	2.48304e-05	0.0	0.001119884016	0.0	0.000423217543	0.0	0.003133674819	0.0	0.016375677842	0.0	0.040608919508	0.000945093552	0.0332647075	0.00109431816	0.014526926786	0.0	0.005694076637	0.0	0.018982622594
0.0	0.0	0.0	0.0	0.0	0.0	0.0	7.4534847e-05	0.0	0.001119846309	0.0	0.000523048887	0.0	0.003134625826	0.0	0.016572607809	0.0	0.040298673159	0.000845598	0.033237684202	0.000945093552	0.014750497865	0.0	0.005918595146	0.0	0.01885529862
0.0	0.003972592317	0.0	0.0	0.0	0.005528606388	0.0	4.9667037e-05	0.0	0.001418432976	0.0	0.000423052979	0.0	0.003035762482	0.0	0.016498385779	0.0	0.040478216605	0.000920211552	0.033205251089	0.00096995808	0.014580673304	0.0	0.005869444819	0.0	0.019024971288
0.0	0.011383691541	0.0	0.0	0.0	0.048692477722	4.9741848e-05	0.00293587885	0.0	0.05732089916	0.00027357408	0.00375807592	0.000945098544	0.050806732145	0.001318157568	0.020878145574	2.4872016e-05	0.040335079285	0.000920224656	0.037325062729	0.001019723952	0.014553028888	0.0	0.015869741162	0.0	0.020374783811
0.0	0.0	0.0	0.0	0.0	0.0	0.0	7.457553e-05	0.0	0.001144722253	0.0	0.002616689173	0.0	0.003159737289	0.0	0.020124119712	0.0	0.040627726962	0.000895338288	0.033302490138	0.001094317536	0.014499052027	0.0	0.005746011315	0.0	0.0188304383
0.0	0.0	0.0	0.0	0.0	0.0	0.0	9.937536e-05	0.0	0.001119879892	0.0	0.000398805126	0.0	0.003109021813	0.0	0.016350512208	0.0	0.040058523091	0.000945104784	0.033163628245	0.001044574752	0.01477420591	0.0	0.005842195642	0.0	0.01885788098
0.0	0.011041392305	0.0	0.0	0.0	0.047420003355	0.0	0.002986033515	0.0	0.026403307375	0.00032331312	0.003758515445	0.000845609856	0.019828291802	0.001492235472	0.020923797813	0.0	0.040078715944	0.000920220912	0.037266927777	0.000969975552	0.014779022962	0.0	0.015824514449	0.0	0.020345499043
0.0	0.0	0.0	0.0	0.0	0.0	0.0	7.4569374e-05	0.0	0.001119916638	0.0	0.000548217122	0.0	0.003110451087	0.0	0.016445115211	0.0	0.040480220462	0.00079585584	0.033179151678	0.00101970024	0.014751192866	0.0	0.005645745843	0.0	0.01915458761
0.0	0.0	0.0	0.0	0.0	0.00813713071	0.0	7.4584314e-05	0.0	0.025168816015	0.0	0.000448610157	0.0	0.030430240648	0.0	0.016495751225	0.0	0.039904001343	0.000945095424	0.033064666951	0.00106945488	0.014575099086	0.0	0.005817826598	0.0	0.018953815392
0.0	0.006134847711	0.0	0.0	0.0	0.014186837485	0.0	0.000124301085	0.0	0.002811667153	0.0	0.000498168454	0.0	0.003208767112	0.0	0.020241204882	0.0	0.040305097906	0.000920215296	0.033210492687	0.000969979296	0.014800983539	0.0	0.006119125673	0.0	0.019078090679
0.0	0.0	0.0	0.0	0.0	0.000974752427	0.0	4.9701402e-05	0.0	0.001045350407	0.0	0.000572958449	0.0	0.003159428487	0.0	0.016597016333	0.0	0.040482706584	0.000820729104	0.033103403143	0.000994839456	0.014678045471	0.0	0.005648386243	0.0	0.019031382655
0.0	0.0	0.0	0.0	0.0	0.008012471968	0.0	4.9667037e-05	0.0	0.025429789522	0.0	0.000473292564	0.0	0.030207237074	0.0	0.016570553272	0.0	0.040131074232	0.000845600496	0.033133921521	0.000969974304	0.014774509912	0.0	0.005793294942	0.0	0.018952094663
0.0	0.0	0.0	0.0	0.0	0.0	0.0	2.4826389e-05	0.0	0.00116931257	0.0	0.002565773004	0.0	0.00310918436	0.0	0.020075002522	0.0	0.040522954359	0.000895363872	0.033318318476	0.000945094176	0.014605057305	0.0	0.005768361266	0.0	0.019026752241
0.0	0.0	0.0	0.0	0.0	0.0	0.0	0.0	0.0	0.001045099692	0.0	0.00269212146	0.0	0.003160163061	0.0	0.020120097808	0.0	0.040378477671	0.001019717088	0.033219619657	0.001044576	0.014754943115	0.0	0.005816225438	0.0	0.019004299684
0.0	0.0	0.0	0.003130018201	0.0	0.0	0.0	0.005101139746	0.0	0.001169329845	0.0	0.0041064842	0.0	0.007898282734	0.0	0.016448429912	0.0	0.040523438553	0.000895363872	0.03329082858	0.0009450948	0.014677717989	0.0	0.005942992176	0.0	0.02091848933
0.0	0.0	0.0	0.0	0.0	0.004729988814	0.0	7.4534847e-05	0.0	0.00106995658	0.0	0.002691500624	0.0	0.003085012561	0.0	0.020348682219	0.0	0.040431364355	0.000770988192	0.03310394264	0.001019710224	0.014702171966	0.0	0.005694946554	0.0	0.019106794287
0.0	0.011336534437	0.0	0.0	0.0	0.047417525541	0.0	0.003010969382	0.0	0.026503134267	0.000198961776	0.005975098618	0.000845598	0.019954725768	0.001467363456	0.020918130178	0.0	0.040358954178	0.00082074096	0.037465249056	0.000994850064	0.014649577192	0.0	0.015795872164	0.0	0.020695089896
0.0	0.0	0.0	0.0	0.0	0.0	0.0	4.9684338e-05	0.0	0.001144932088	0.0	0.000424068831	0.0	0.003133441937	0.0	0.016253626551	0.0	0.04060363678	0.000895362624	0.033285822407	0.001069448016	0.014575744043	0.0	0.005844080701	0.0	0.018857091529
0.0	0.0	0.0	0.0	0.0	0.0	0.0	2.482305e-05	0.0	0.00104504147	0.0	0.002666184651	0.0	0.003209807771	0.0	0.020302209026	0.0	0.039874414112	0.00101971896	0.033113287333	0.001069446144	0.014531618729	0.0	0.00571832051	0.0	0.018928447735
0.0	0.0	0.0	0.0	0.0	0.0	0.0	7.4569212e-05	0.0	0.001119782184	0.0	0.000497877273	0.0	0.003059434675	0.0	0.016403042515	0.0	0.040080980945	0.00084562296	0.033041718756	0.00096996432	0.014526998881	0.0	0.00569432984	0.0	0.019154247918
0.0	0.0	0.0	4.9466805e-05	0.0	0.008312291389	0.0	0.000422128425	0.0	0.025065097818	0.0	0.000398552457	0.0	0.030401205739	0.0	0.016372502826	0.0	0.040361723596	0.000994850064	0.033210231756	0.001094325024	0.014676794473	0.0	0.005743571506	0.0	0.01888143116
0.0	0.0	0.0	0.0	0.0	0.008138158356	0.0	7.4538087e-05	0.0	0.025259224375	0.0	0.000497020546	0.0	0.030425607515	0.0	0.016500105782	0.0	0.040374804187	0.000845628576	0.033247966013	0.00099484632	0.014701199175	0.0	0.0058690047	0.0	0.018854702467
0.0	0.0	0.0	4.967627e-05	0.0	0.0	0.0	0.00047217161	0.0	0.001120233226	0.0	0.002616225884	0.0	0.003182858824	0.0	0.020315113991	0.0	0.040328454923	0.000920235888	0.033214418285	0.00096996432	0.014698597333	0.0	0.00562136974	0.0	0.019101684513
0.0	0.0	0.0	0.0	0.0	0.008213824468	0.0	7.4500629e-05	0.0	0.025255077543	0.0	0.000473119618	0.0	0.030524830005	0.0	0.0165805815	0.0	0.040178069898	0.000895347024	0.033156131288	0.000994835712	0.01457749124	0.0	0.005818084951	0.0	0.018955403938
0.0	0.0	0.0	0.0	0.0	0.0	0.0	7.4569374e-05	0.0	0.001119973403	0.0	0.002642245456	0.0	0.003058580852	0.0	0.020131506053	0.0	0.040272696178	0.000920208432	0.033084747496	0.00096996744	0.014750787434	0.0	0.005767661272	0.0	0.019030004666
0.0	0.0	0.0	0.0	0.0	0.0	0.0	2.482305e-05	0.0	0.001169456797	0.0	0.00261760576	0.0	0.003157231041	0.0	0.02002525442	0.0	0.040583161974	0.000945102288	0.033332741606	0.001094317536	0.014573501874	0.0	0.005768399894	0.0	0.018905911531
0.0	0.0	0.0	0.0	0.0	0.0	0.0	9.9401112e-05	0.0	0.001045592846	0.0	0.000523405563	0.0	0.003184302706	0.0	0.016523510545	0.0	0.040405733615	0.000920234016	0.033265745833	0.001019702736	0.014575007823	0.0	0.005694874776	0.0	0.018908675352
0.0	0.0	0.0	0.000298028646	0.0	0.0	0.0	0.00243900894	0.0	0.001044953511	0.0	0.000474158352	0.0	0.004480494284	0.0	0.016664794882	2.486952e-05	0.040011930491	0.00096997992	0.033263928191	0.00096996432	0.014700682767	0.0	0.005742920345	0.0	0.019325278688
0.0	0.0	0.0	0.0	0.0	0.008138644453	0.0	4.9667037e-05	0.0	0.025229823608	0.0	0.000573308484	0.0	0.030381382323	0.0	0.016447028086	0.0	0.040434701271	0.000820734096	0.033131480134	0.000994841952	0.014578431514	0.0	0.00564680351	0.0	0.019079525414
0.0	0.0	0.0	0.0	0.0	0.0	0.0	9.9385758e-05	0.0	0.001144671696	0.0	0.002643072288	0.0	0.003135593596	0.0	0.020270932126	0.0	0.040485849472	0.000895342656	0.033080584376	0.00104457912	0.014575548118	0.0	0.005718870534	0.0	0.019129798527
0.0	0.0	0.0	0.0	0.0	0.0	0.0	2.4861492e-05	0.0	0.001094735938	0.0	0.000423795477	0.0	0.00318290992	0.0	0.016251932507	0.0	0.040534924102	0.000945090432	0.033312540461	0.001094318784	0.014677287829	0.0	0.005645875349	0.0	0.018909182457
0.0	0.006085193888	0.0	0.0	0.0	0.016276937986	0.0	0.000124261245	0.0	0.026998523863	0.0	0.000473483446	0.0	0.030371582503	0.0	0.020397239337	0.0	0.040038938811	0.000920220912	0.033263593109	0.00094511664	0.014502312327	0.0	0.006267304385	0.0	0.018852478687
0.0	0.0	0.0	0.0	0.0	0.0	0.0	0.0	0.0	0.001094726268	0.0	0.000498735203	0.0	0.003135594288	0.0	0.016346114568	0.0	0.040352602754	0.000969965568	0.033247701767	0.001069444896	0.014653138152	0.0	0.005868508684	0.0	0.018931965203
0.0	0.0	0.0	0.0	0.0	0.0	0.0	2.4861492e-05	0.0	0.001069847705	0.0	0.000499038941	0.0	0.003135350556	0.0	0.016370810569	0.0	0.040480143978	0.00096996432	0.033197264567	0.001069446768	0.01457467695	0.0	0.00574519142	0.0	0.018982974817
0.0	0.0	0.0	0.0	0.0	0.004655787201	0.0	4.9667037e-05	0.0	0.00109485991	0.0	0.000472879151	0.0	0.003085630413	0.0	0.016520322423	0.0	0.040255662524	0.000820723488	0.033100950352	0.000969966192	0.014547730904	0.0	0.005794245528	0.0	0.019155191016
0.0	0.00621056707	0.0	0.0	0.0	0.014059927556	0.0	0.000174071497	0.0	0.002786964806	0.0	0.000448432374	0.0	0.003085941259	0.0	0.020191289641	0.0	0.04050479095	0.00087047064	0.033330042019	0.000945111024	0.014651818971	0.0	0.006190360297	0.0	0.019002265111
0.0	0.0	0.0	0.0	0.0	0.0	0.0	7.4569212e-05	0.0	0.001120052784	0.0	0.000448682986	0.0	0.003110063338	0.0	0.01642586506	0.0	0.040056027808	0.000945106032	0.033087294254	0.00104457912	0.014597941591	0.0	0.005791395516	0.0	0.019004908844
0.0	0.0	0.0	0.0	0.0	0.008162485609	0.0	9.9371184e-05	0.0	0.025164420212	0.0	0.000573048757	0.0	0.030401908985	0.0	0.016474018651	0.0	0.040548657482	0.000920225904	0.033245985213	0.00096997056	0.014725740466	0.0	0.005667888651	0.0	0.0188821462
0.0	0.0	0.0	0.0	0.0	0.001048489555	0.0	7.457553e-05	0.0	0.001094570786	0.0	0.00253998131	0.0	0.003259228715	0.0	0.020344582513	0.0	0.040182042105	0.000920211552	0.033084871918	0.000969968064	0.014503830453	0.0	0.005816370802	0.0	0.01880813039
0.0	0.0	0.0	0.0	0.0	0.0	0.0	4.9701402e-05	0.0	0.001094833331	0.0	0.000548383497	0.0	0.003134378868	0.0	0.016472902031	0.0	0.040456261409	0.000795857088	0.033180103028	0.000994839456	0.014698661808	0.0	0.005646356234	0.0	0.019055439514
0.0	0.0	0.0	0.0	0.0	0.008436938125	0.0	2.4833592e-05	0.0	0.025378391038	0.0	0.000448597466	0.0	0.030346197326	0.0	0.016451208833	0.0	0.040529421595	0.00089535264	0.03325714776	0.000945102912	0.014677855391	0.0	0.005944417344	0.0	0.018952964282
0.0	0.0	0.0	0.0	0.0	0.00809009543	0.0	4.9662792e-05	0.0	0.025430113224	0.0	0.000498124895	0.0	0.030451108836	0.0	0.01665370659	0.0	0.040121763161	0.000945099792	0.033258296959	0.000945102912	0.014651838866	0.0	0.005842947657	0.0	0.018830772927
0.0	0.0	0.0	0.0	0.0	0.008139427544	0.0	4.9667037e-05	0.0	0.025379019688	0.0	0.000448186865	0.0	0.030380784894	0.0	0.016449572677	0.0	0.040500891212	0.000895355136	0.03320533987	0.00096997368	0.014582830161	0.0	0.005721434851	0.0	0.019027607571
0.0	0.006110728366	0.0	0.0	0.0	0.013987727029	0.0	0.000174050551	0.0	0.002861189238	0.0	0.002589111056	0.0	0.003109516084	0.0	0.020232131346	0.0	0.040058670425	0.000820726608	0.033229963275	0.00096998304	0.014452470979	0.0	0.006118404246	0.0	0.018954507713
0.0	0.0	0.0	0.0	0.0	0.0	0.0	7.4569212e-05	0.0	0.00112013486	0.0	0.000448047199	0.0	0.00303375411	0.0	0.016428018882	0.0	0.040126037028	0.000969953088	0.033059792158	0.001019704608	0.014772367366	0.0	0.005743801075	0.0	0.019104088859
0.0	0.0	0.0	0.0	0.0	0.0	0.0	4.9667037e-05	0.0	0.001094659433	0.0	0.00052354459	0.0	0.003134954136	0.0	0.016449887328	0.0	0.040499253727	0.000845600496	0.033155273735	0.000969966816	0.014603273475	0.0	0.005720950449	0.0	0.018977783574
0.0	0.0	0.0	0.008995402915	0.0	0.0	0.0	0.015456320284	0.0	0.001069834931	0.0	0.036321719866	0.0	0.030280467142	0.0	0.039972532685	0.0	0.040153738378	0.000870494976	0.033134635072	0.000945093552	0.014999298841	0.0	0.005718649971	0.0	0.023081795924
0.0	0.0	0.0	0.0	0.0	0.0	0.0	2.486457e-05	0.0	0.001095400927	0.0	0.000498697295	0.0	0.0031353561	0.0	0.016445902111	0.0	0.040457296932	0.000994848192	0.03329118807	0.001069446144	0.01460150715	0.0	0.005743763324	0.0	0.018978490702
0.0	0.0	0.0	0.0	0.0	0.0	0.0	2.483844e-05	0.0	0.001069827185	0.0	0.002614380064	0.0	0.003159784629	0.0	0.020051855981	2.486952e-05	0.040449975639	0.000945101664	0.033291049454	0.000945093552	0.014607533236	0.0	0.005866265546	0.0	0.018955092874
0.0	0.0	0.0	0.0	0.0	0.0	0.0	2.48223e-05	0.0	0.001095236222	0.0	0.000399215693	0.0	0.003235244376	0.0	0.016578241483	0.0	0.039902772758	0.000969976176	0.033135325718	0.001069444272	0.014751326765	0.0	0.005843171923	0.0	0.018780309111
0.0	0.0	0.0	0.0	0.0	0.0	0.0	2.482995e-05	0.0	0.001120012265	0.0	0.000398636159	0.0	0.003059209542	0.0	0.01632251751	0.0	0.040433650819	0.00101971584	0.033286117795	0.001069447392	0.014602367964	0.0	0.005621057034	0.0	0.018909975174
0.0	0.0	0.0	0.0	0.0	0.0	0.0	9.9385758e-05	0.0	0.001094924877	0.0	0.002641177884	0.0	0.003084858581	0.0	0.020253084912	0.0	0.040253447738	0.000945081696	0.033236139017	0.001019701488	0.014554152691	0.0	0.00581705386	0.0	0.018884932874
0.0	0.0	0.0	0.0	0.0	0.004607372412	0.0	4.9667037e-05	0.0	0.001119414134	0.0	0.000473338471	0.0	0.003084378866	0.0	0.016604954372	0.0	0.040123381271	0.000895338912	0.033131462193	0.000994838832	0.014679660358	0.0	0.005741866446	0.0	0.018953832948
0.0	0.0	0.0	0.0	0.0	0.0	0.0	4.9658565e-05	0.0	0.001045239479	0.0	0.000498579991	0.0	0.003234799632	0.0	0.016567151629	2.486952e-05	0.039913252125	0.00099484944	0.033283362589	0.000945094176	0.014578415085	0.0	0.005719768779	0.0	0.018880798225
0.0	0.00725387303	0.0	0.0	0.0	0.032442544303	0.0	0.001517596333	0.0	0.040653908466	0.000298447344	0.001419379878	0.000945095424	0.04487565446	0.0	0.020527787363	2.4872016e-05	0.04053151213	0.000895350768	0.034530857705	0.000945124128	0.014752334384	0.0	0.009574426935	0.0	0.018980910042
0.0	0.0	0.0	0.0	0.0	0.00811431777	0.0	4.9704642e-05	0.0	0.025281494731	0.0	0.000522859557	0.0	0.030309165013	0.0	0.016421286535	0.0	0.040538346053	0.000795885792	0.033134262299	0.001019711472	0.014556068043	0.0	0.005719916531	0.0	0.019052759212
0.0	0.0	0.0	0.0	0.0	0.0	0.0	2.483844e-05	0.0	0.00104516789	0.0	0.00274241096	0.0	0.00320996902	0.0	0.020277310495	2.486952e-05	0.039858767495	0.000994842576	0.033136240571	0.000994835712	0.014532733823	0.0	0.005769239167	0.0	0.018879925215
0.0	0.0	0.0	0.0	0.0	0.008165459485	0.0	4.9667037e-05	0.0	0.025307620259	0.0	0.000498150893	0.0	0.030254437248	0.0	0.01654854974	0.0	0.04015022391	0.000945094176	0.033135654935	0.000969973056	0.0147517363	0.0	0.005694678087	0.0	0.019128860215
0.0	0.0	0.0	0.0	0.0	0.0	0.0	7.4534847e-05	0.0	0.001094781602	0.0	0.000472874955	0.0	0.003133496112	0.0	0.016476780707	0.0	0.040229397709	0.00079585272	0.033079308892	0.000945087312	0.014550597058	0.0	0.005793033345	0.0	0.019079607459
0.0	0.0	0.0	0.0	0.0	0.0	0.0	7.4534847e-05	0.0	0.001120095141	0.0	0.000498366509	0.0	0.003133639144	0.0	0.016524551937	0.0	0.040127616969	0.000820729728	0.033154433976	0.000994838208	0.014756099887	0.0	0.005843278038	0.0	0.01897848005
0.0	0.0	0.0	0.0	0.0	0.008213433434	0.0	0.0	0.0	0.02509251389	0.0	0.000474263851	0.0	0.030350548463	0.0	0.016370415826	0.0	0.040507518181	0.0009699768	0.033341775431	0.001069453632	0.01457397064	0.0	0.005816673284	0.0	0.018907370278
0.000124354152	0.0	0.0	0.004599204932	0.0	0.008337042401	0.0	0.005129341044	0.0	0.025035622364	0.0	0.004130377233	0.0	0.030448479469	0.0	0.016641671833	0.0	0.040078800107	0.001019730816	0.033262330334	0.001019712096	0.014724007407	0.0	0.005818269849	0.0	0.020895160962
0.0	0.0	0.0	0.0	0.0	0.0	0.0	2.482995e-05	0.0	0.001044559944	0.0	0.000498458897	0.0	0.003159291179	0.0	0.016602238122	0.0	0.039956661829	0.000969964944	0.033233205182	0.001044574128	0.014700392073	0.0	0.005719689387	0.0	0.018781988598
0.0	0.0	0.0	0.0	0.0	0.0	0.0	7.4569212e-05	0.0	0.001094878293	0.0	0.000523131567	0.0	0.003133678185	0.0	0.016575500631	0.0	0.04044863312	0.00092023152	0.033197544929	0.000969961824	0.014677019643	0.0	0.00576861711	0.0	0.018683522939
0.0	0.0	0.0	0.0	0.0	0.0	0.0	4.9735782e-05	0.0	0.001020278138	0.0	0.002691866482	0.0	0.003184040947	0.0	0.020203421506	0.0	0.040381409616	0.000945102912	0.033267606879	0.001069448016	0.014653448216	0.0	0.005693795232	0.0	0.01895148079
0.0	0.021784199046	0.0	9.9070309e-05	0.0	0.063746636561	4.9741848e-05	0.007389905112	2.4873264e-05	0.050135384287	0.002462225688	0.005776048171	0.000969962448	0.020003531898	0.001417621296	0.031098096437	0.001268418528	0.050332442489	0.001417638768	0.045904202923	0.001243548384	0.034878507931	0.00079587612	0.020946165255	0.00027402125	0.02415776941
0.0	0.0	0.0	0.0	0.0	0.008313681937	0.0	7.4552772e-05	0.0	0.02516973426	0.0	0.000423180948	0.0	0.030444557963	0.0	0.016625973023	0.0	0.039978280872	0.000945103536	0.033257449972	0.00106945488	0.014600706609	0.0	0.005744465198	0.0	0.018807753177
0.0	0.0	0.0	4.9461065e-05	0.0	0.0	0.0	0.000497152792	0.0	0.001045154926	0.0	0.000498575437	0.0	0.003134407987	0.0	0.016769795961	0.0	0.040032138113	0.000920237136	0.033217111061	0.000945093552	0.014553551208	0.0	0.005868200457	0.0	0.018879066896
0.0	0.0	0.0	0.0	0.0	0.0	0.0	2.48292e-05	0.0	0.00109488427	0.0	0.000473621863	0.0	0.003133454685	0.0	0.016376098061	2.486952e-05	0.040503259363	0.000895363248	0.03331361236	0.000945092928	0.0147271878	0.0	0.005791888446	0.0	0.01895643228
0.0	0.0	0.0	0.0	0.0	0.0	0.0	9.9385902e-05	0.0	0.001045375477	0.0	0.000522760627	0.0	0.003108509603	0.0	0.016475917305	0.0	0.040404512564	0.000945103536	0.03327428578	0.001019705232	0.014528061789	0.0	0.005645830002	0.0	0.018760148769
0.0	0.0	0.0	0.0	0.0	0.008263466188	0.0	7.4556429e-05	0.0	0.025260660774	0.0	0.000496909793	0.0	0.030395538447	0.0	0.016402489267	0.0	0.0400743552	0.000870499344	0.033035280983	0.000969974304	0.014571756661	0.0	0.005792051763	0.0	0.019104705328
0.0	0.0	0.0	0.0	0.0	0.0	0.0	7.45326e-05	0.0	0.001194629426	0.0	0.000498175	0.0	0.003109900578	0.0	0.016274985017	0.0	0.040628631809	0.000920235264	0.033209882189	0.001069449264	0.014724822093	0.0	0.005896174158	0.0	0.018954991631
0.0	0.003898832673	0.0	0.0	0.0	0.005553052153	0.0	7.4534847e-05	0.0	0.001492848067	0.0	0.000498077513	0.0	0.003108645579	0.0	0.016528743726	0.0	0.040028676727	0.000870458784	0.033236281363	0.00096995808	0.014730354882	0.0	0.005669305717	0.0	0.018976295682
0.0	0.0	0.0	0.0	0.0	0.0	0.0	2.482995e-05	0.0	0.001045401672	0.0	0.000523225189	0.0	0.003209051071	0.0	0.016497458562	0.0	0.039932947374	0.001044580368	0.033159523314	0.001044576	0.014727754827	0.0	0.005695159575	0.0	0.018905644219
0.0	0.0	0.0	0.0	0.0	0.0	0.0	7.4569374e-05	0.0	0.00111977952	0.0	0.000498297169	0.0	0.003084439763	0.0	0.016603919322	0.0	0.040296565723	0.000945082944	0.033237153794	0.000994837584	0.014526959741	0.0	0.005842160444	0.0	0.018734320844
0.0	0.0	0.0	0.00882207883	0.0	0.0	0.0	0.015382374033	0.0	0.001119539425	0.0	0.017510132181	0.0	0.030450050348	0.0	0.034937906721	0.0	0.040092226144	0.000920235264	0.033234553115	0.000969965568	0.015076508792	0.0	0.005793187565	0.0	0.023036880554
0.0	0.0	0.0	0.0	0.0	0.0	0.0	2.48292e-05	0.0	0.00109491174	0.0	0.000448299978	0.0	0.003184469337	0.0	0.016248964951	0.0	0.040499060015	0.000994843824	0.033311312191	0.001094317536	0.014599405493	0.0	0.00576834748	0.0	0.018905926449
0.0	0.0	0.0	0.0	0.0	0.0	0.0	2.483514e-05	0.0	0.00111999384	0.0	0.00254241334	0.0	0.00315883471	0.0	0.020110022005	2.4872016e-05	0.040533946541	0.000945098544	0.033185178866	0.001119187056	0.014651309561	0.0	0.005695195105	0.0	0.018903882159
0.0	0.0	0.0	0.000472143188	0.0	0.008512324626	0.0	0.002516056461	0.0	0.02511250755	0.0	0.000448399315	0.0	0.03049931775	0.0	0.016147588187	2.486952e-05	0.040427220826	0.000969988656	0.033230701562	0.001069454256	0.014550422071	0.0	0.005791524346	0.0	0.019375518217
0.0	0.0	0.0	0.0	0.0	0.0	0.0	2.48292e-05	0.0	0.001144627993	0.0	0.00039874348	0.0	0.003233016107	0.0	0.016424540147	2.486952e-05	0.040308444087	0.000945108528	0.033114065297	0.001069446144	0.014549596944	0.0	0.005794359475	0.0	0.018880648896
0.0	0.0	0.0	0.0	0.0	0.0	0.0	2.483547e-05	0.0	0.001169462717	0.0	0.00251532487	0.0	0.003234062255	0.0	0.020226716542	2.486952e-05	0.040398857916	0.000895360752	0.033117829391	0.001069448016	0.014725012285	0.0	0.005769099389	0.0	0.019030947754
0.0	0.0	0.0	0.0	0.0	0.008285410429	0.0	7.4538054e-05	0.0	0.025421746745	0.0	0.000473180621	0.0	0.030375254948	0.0	0.016300307617	0.0	0.040558196155	0.0009202284	0.0331924197	0.001044584736	0.014628285675	0.0	0.00572142835	0.0	0.019075841327
0.0	0.0	0.0	0.0	0.0	0.0	0.0	4.969086e-05	0.0	0.00111996232	0.0	0.002518513709	0.0	0.003184520235	0.0	0.020136546291	0.0	0.040073100874	0.000920232144	0.033146787586	0.001094318784	0.014605209971	0.0	0.005840591088	0.0	0.018880991556
0.0	0.0	0.0	0.003056141694	0.0	0.0	0.0	0.004932438789	0.0	0.001119767608	0.0	0.012795795805	0.0	0.00784695006	0.0	0.020284315623	0.0	0.040091532592	0.00089536512	0.033163174191	0.000994836336	0.01470275719	0.0	0.005716521131	0.0	0.020967933485
0.0	0.0	0.0	0.0	0.0	0.008238034625	0.0	4.9691742e-05	0.0	0.025095005913	0.0	0.000424054144	0.0	0.030424956538	0.0	0.016299751603	0.0	0.04045726638	0.000920230896	0.033237072079	0.001094325648	0.014677510311	0.0	0.005645870833	0.0	0.018904953069
0.0	0.011313917046	0.0	0.0	0.0	0.047545969365	0.0	0.002960999674	0.0	0.026423534572	0.000298442664	0.003783841864	0.000945089808	0.019928512467	0.001392753024	0.020649231392	2.4870144e-05	0.040527764305	0.0008953464	0.037419020496	0.000969976176	0.014629070685	0.0	0.015769935452	0.0	0.020419468009
0.0	0.0	0.0	0.0	0.0	0.008162568018	0.0	7.4538216e-05	0.0	0.025143842889	0.0	0.000497665754	0.0	0.030305281403	0.0	0.016444795459	0.0	0.04044981095	0.000945096672	0.033192827305	0.001044584112	0.014701311221	0.0	0.00559492105	0.0	0.018907534337
0.0	0.0	0.0	0.0	0.0	0.008287690806	0.0	7.4538087e-05	0.0	0.025305599798	0.0	0.00047256648	0.0	0.030489510063	0.0	0.016448772429	0.0	0.040326506568	0.000820757808	0.033293603758	0.000969971184	0.01465316898	0.0	0.00584143513	0.0	0.018929673032
0.0	0.0	0.0	0.0	0.0	0.0	0.0	7.4569212e-05	0.0	0.001119759123	0.0	0.000547759852	0.0	0.003134302517	0.0	0.016426236378	0.0	0.040535619889	0.000820748448	0.033157625114	0.001069447392	0.014678596136	0.0	0.005718408601	0.0	0.019030314424
