0.0	0.013015668511	8.663328e-06	0.000207894942	0.0	0.029052420148	0.000545816304	0.00594058111	0.0	0.019754360712	0.001862704764	0.011581771778	0.001264905828	0.042828085399
0.0	0.008738392357	0.0	0.0	0.0	0.003868870594	0.0	0.005931835501	8.663328e-06	0.003656562514	0.001880032752	0.011519781202	0.001282233816	0.042768775499
0.0	0.0	0.0	0.0	0.0	0.000727235863	0.0	0.005887824738	1.7326656e-05	0.003681868169	0.001871329464	0.011562514949	0.001264876524	0.042732558955
0.0	0.0	0.0	0.0	0.0	0.000727241006	0.0	0.00587097128	1.7326656e-05	0.003682210156	0.001862707428	0.011572101155	0.001264905828	0.042723211746
8.663328e-06	0.013421721587	8.663328e-06	0.000207866502	0.0	0.029226596314	0.000571806288	0.005906145842	1.7327988e-05	0.019675882445	0.00199265868	0.011467228686	0.001256239836	0.042875101823
0.0015508143	0.002867315109	0.000303231132	0.000389563139	0.0	0.000683996836	0.0	0.021068592673	3.4654644e-05	0.003535282302	0.002009991996	0.011510960158	0.001273573152	0.042881683971
0.001498830336	0.002867357482	0.000294567804	0.000432881982	0.0	0.000718651621	0.0	0.020999337714	8.663328e-06	0.003509083955	0.001906028064	0.011476801444	0.001282235148	0.042715625587
0.0	0.0	0.0	0.0	0.0	0.000744546509	0.0	0.005906265929	0.0	0.003647725353	0.001871374752	0.011580479079	0.00123891984	0.042778008276
0.0	0.0	0.0	0.0	0.0	0.000727315146	0.0	0.00593199503	0.0	0.003682591288	0.001854046764	0.011598711498	0.001273574484	0.04282845789
0.0	0.0	0.0	0.0	0.0	0.000692701479	0.0	0.005931776123	2.5991316e-05	0.003535068521	0.001975332024	0.011467753781	0.001256241168	0.042848536744
0.001594128276	0.014568028029	0.000476505684	0.000926312047	0.0	0.003817035027	0.0	0.021078267518	3.4654644e-05	0.003578609671	0.00200132334	0.011511519279	0.001290899808	0.042863833437
0.0	0.0	0.0	0.0	0.0	0.000701301918	0.0	0.005922587491	3.4654644e-05	0.003560612049	0.001992622716	0.011404545581	0.001247547204	0.042855384507
0.0	0.0	0.0	0.0	0.0	0.000684038134	0.0	0.005957204128	3.4654644e-05	0.003543273671	0.001966634064	0.011475961796	0.00129086784	0.042871997222
0.0	0.0	0.0	0.0	0.0	0.00075334334	0.0	0.005905983254	8.663328e-06	0.003682571841	0.001854042768	0.011607012263	0.001247579172	0.042820876016
0.0	0.0	0.0	0.0	0.0	0.000701346831	0.0	0.005949109147	3.4654644e-05	0.003517771017	0.00195801336	0.011441188821	0.001264911156	0.042847072483
0.0	0.0	0.0	0.0	0.0	0.000727302762	0.0	0.005914196779	0.0	0.003682389476	0.001854002808	0.0116061443	0.001273541184	0.042800349827
0.0	0.0	0.0	0.0	0.0	0.000692598566	0.0	0.005896976981	3.4654644e-05	0.003561019399	0.002001327336	0.011441662374	0.00128223648	0.042882697107
0.0	0.0	0.0	0.0	0.0	0.000701294704	0.0	0.005914307917	3.4654644e-05	0.003561413065	0.001992666672	0.011413843062	0.0012475845	0.042876742362
0.0	0.0	0.0	0.0	0.0	0.000709988526	0.0	0.005940929949	1.7326656e-05	0.003535403305	0.001958008032	0.01134629323	0.00126490716	0.042804073655
0.0	0.0	0.0	0.0	0.0	0.000701293291	0.0	0.005922993011	3.4654644e-05	0.003561481827	0.001992664008	0.011406701426	0.001247580504	0.042874665718
0.0	0.0	0.0	0.0	0.0	0.000735936243	0.0	0.005888653114	0.0	0.003629937708	0.001888698744	0.011553178565	0.001247579172	0.042776200208
0.0	0.0	0.0	0.0	0.0	0.000727275954	0.0	0.005905774776	8.663328e-06	0.003638437277	0.001897323444	0.011561764833	0.001264877856	0.042732183798
0.0	0.0	0.0	0.000207901599	0.0	0.000744588247	0.0	0.005923138571	0.0	0.003664790623	0.001862670132	0.011579386994	0.001247548536	0.042767953717
0.0	0.0	0.0	0.0	0.0	0.000701357472	0.0	0.005966801541	2.5991316e-05	0.003535177224	0.00198399402	0.01136397801	0.001264904496	0.042864744768
0.0	0.0	0.0	0.0	0.0	0.000744568509	0.0	0.005897688098	0.0	0.003656647413	0.001862706096	0.011581358352	0.001247579172	0.042758158964
0.0	0.013412929241	8.663328e-06	0.000181861259	0.0	0.02905443262	0.000606462264	0.005897343325	8.663328e-06	0.019736635726	0.00189736074	0.011545881077	0.001282235148	0.04271685458
0.001490167008	0.00288466459	0.000294567804	0.00042381497	0.0	0.00071866522	0.0	0.021075879931	2.5991316e-05	0.003508608285	0.001897364736	0.011456717887	0.001282237812	0.042705732282
0.0	0.0	0.0	0.0	0.0	0.000701269138	0.0	0.00591465244	1.7327988e-05	0.003587354202	0.001984006008	0.011475753583	0.00125624916	0.042876106066
0.0	0.0	0.0	0.0	0.0	0.000727316466	0.0	0.005957869608	0.0	0.003682919045	0.001854053424	0.011598997812	0.00127357848	0.042829895185
0.0	0.0	0.0	0.0	0.0	0.000710018762	0.0	0.005958291662	1.7326656e-05	0.003535135686	0.001958010696	0.011372886782	0.001256247828	0.0428047712
0.001559441664	0.002867447128	0.000303227136	0.000423793025	0.0	0.00069268184	0.0	0.021057772217	3.4654644e-05	0.003551751053	0.00200129004	0.011527150971	0.001290869172	0.042872697346
0.0	0.0	0.0	0.0	0.0	0.00070997993	0.0	0.005958134786	4.3319304e-05	0.003561080777	0.001992662676	0.011443077578	0.001264908492	0.042882361403
0.0	0.0	0.0	0.0	0.0	0.000701337552	0.0	0.005966583012	3.4655976e-05	0.003535175813	0.00197533602	0.011371797187	0.001264908492	0.04287501715
0.0	0.0	0.0	0.0	0.0	0.00072732716	0.0	0.005923099384	1.7326656e-05	0.003656261697	0.00188003808	0.011519632649	0.001282239144	0.04275970056
0.0	0.001845421228	0.0	0.0	0.0	0.000675393185	0.0	0.005931818989	2.5991316e-05	0.003535384315	0.001975332024	0.011458823775	0.001256241168	0.042849096271
0.001576802952	0.00278941432	0.0003032298	0.000346524067	0.0	0.000692670371	0.0	0.021068276741	2.5991316e-05	0.003552852523	0.002018655324	0.011520750034	0.001256246496	0.042908533072
0.0	0.0	0.0	0.0	0.0	0.000692697297	0.0	0.005939885419	2.5991316e-05	0.003534621762	0.001975332024	0.011458352013	0.0012562425	0.042856106884
0.0	0.017951244562	1.7326656e-05	0.000978762373	0.0	0.03795927229	0.001091637936	0.015877619972	0.001836722772	0.042376036129	0.002096638596	0.016351496537	0.001568148948	0.057640558073
0.001550816964	0.002867631828	0.000303233796	0.000389539162	0.0	0.000683980371	0.0	0.021059555161	4.3319304e-05	0.003543908953	0.00201000132	0.011511639196	0.00128224314	0.042883519827
0.001490165676	0.002902051919	0.000294567804	0.000423830142	0.0	0.000727305971	0.0	0.021076175204	2.5991316e-05	0.003509258305	0.001897359408	0.011475753909	0.001282233816	0.04269984206
0.0	0.0	0.0	0.0	0.0	0.000710005441	0.0	0.005958087498	1.7327988e-05	0.003534900611	0.001949311404	0.011362780833	0.001256214528	0.042811990832
0.0	0.0	0.0	0.0	0.0	0.000701268889	0.0	0.005906137444	1.7327988e-05	0.003587375798	0.00198400068	0.011475472169	0.001256245164	0.042874960686
0.0	0.0	0.0	0.0	0.0	0.000701284955	0.0	0.005931689003	1.7326656e-05	0.003552155847	0.00196667802	0.011441067728	0.001238918508	0.042794543155
0.0	0.0	0.0	0.0	0.0	0.000692650352	0.0	0.005922599688	3.4654644e-05	0.003561124247	0.001940681376	0.011380807178	0.001273570488	0.042819958448
0.001516158324	0.002823969963	0.000320560452	0.000372602421	0.0	0.000718612896	0.0	0.021033148387	8.663328e-06	0.003500567186	0.001923357384	0.011451032225	0.001273574484	0.042732899928
0.0	0.0	0.0	0.011639291522	0.0	0.001411443572	0.0	0.019890215968	8.663328e-06	0.004019485486	0.001871332128	0.011909647808	0.001290869172	0.0427938057
0.0	0.00199267832	0.0	0.0	0.0	0.000753341791	0.0	0.005905933714	8.663328e-06	0.003673892625	0.001871369424	0.011614880193	0.001247579172	0.042821136819
0.0	0.000415922342	0.0	0.0	0.0	0.000709982909	0.0	0.005958129147	4.3319304e-05	0.00356129691	0.001992662676	0.011451125655	0.001264908492	0.04287275329
0.0	0.0	0.0	0.0	0.0	0.000735929655	0.0	0.005914161591	8.663328e-06	0.003734267929	0.001836677484	0.011563026777	0.001273539852	0.042825546493
0.0	0.0	0.0	0.0	0.0	0.000727319322	0.0	0.005923257729	1.7326656e-05	0.003656219018	0.001880032752	0.011529201429	0.001282233816	0.042766575594
0.00151613568	0.002824525495	0.000320556456	0.000372027778	0.0	0.000718605033	0.0	0.021067314112	8.663328e-06	0.003500068334	0.001923326748	0.011440823842	0.001273549176	0.042741635516
0.001490167008	0.002833029243	0.000311895792	0.00033756939	0.0	0.000727274114	0.0	0.020990018888	1.7326656e-05	0.003500624021	0.001897364736	0.011493316867	0.001264909824	0.042761130529
0.0	0.0	0.0	0.0	0.0	0.00072728229	0.0	0.005914769274	8.663328e-06	0.003647677334	0.001897366068	0.011554552555	0.001282239144	0.042725049829
0.0	0.010962185047	0.0	0.0	0.0	0.01478857437	0.0	0.005897053696	3.4654644e-05	0.006011792617	0.001992672	0.011466896108	0.001273579812	0.042874529036
0.0	0.0	0.0	0.0	0.0	0.000710002015	0.0	0.005966469106	4.3319304e-05	0.003551841029	0.00199266534	0.011441149731	0.001264909824	0.042889543255
0.001498829004	0.002859013647	0.000294569136	0.000432958137	0.0	0.000701309464	0.0	0.0209719701	8.663328e-06	0.003509358662	0.001906022736	0.011450925562	0.001290898476	0.042715946241
0.0	0.0	0.0	0.003975326427	0.0	0.000727293893	0.0	0.011134378656	0.0	0.003673224678	0.00185400414	0.011544939959	0.00128220318	0.042793827363
0.0	0.0	0.0	0.0	0.0	0.000718605217	0.0	0.005914417585	8.663328e-06	0.00365663746	0.001888704072	0.011528070817	0.001282240476	0.042717399249
0.0	0.004243458961	0.0	0.0	0.0	0.000727298602	0.0	0.005940514981	0.0	0.003674112281	0.001862703432	0.011547033936	0.001282232484	0.042802991448
0.0	0.0	0.0	0.01168998264	0.0	0.001428694754	0.0	0.019967139654	8.663328e-06	0.00405450629	0.001845338148	0.011977130821	0.001256213196	0.042820398467
0.0	0.0	0.0	0.0	0.0	0.000684043717	0.0	0.005957725263	3.4654644e-05	0.003544085586	0.001975332024	0.011459944076	0.001290897144	0.042891435914
0.0	0.0	0.0	0.0	0.0	0.000735935374	0.0	0.005914554482	8.663328e-06	0.00373474851	0.001836718776	0.0115645601	0.001273573152	0.042829109313
0.0	0.0	0.0	0.0	0.0	0.000744647122	0.0	0.005897159571	1.7326656e-05	0.00367393777	0.00187136676	0.011553959962	0.001264904496	0.042777268205
0.0	0.0	0.0	0.0	0.0	0.000701264041	0.0	0.005914470658	2.5991316e-05	0.003586766532	0.001975297392	0.011456632614	0.001256211864	0.042865012463
0.0	0.010884150775	0.0	0.0	0.0	0.014806122897	0.0	0.005888300724	1.7326656e-05	0.006063943005	0.00186271542	0.011580175805	0.001273577148	0.042741995874
0.0	0.0	0.0	0.0	0.0	0.00074464529	0.0	0.005897232487	8.663328e-06	0.003673586241	0.001871370756	0.011553289572	0.0012562425	0.042767667925
0.0	0.0	0.0	0.0	0.0	0.000701292122	0.0	0.005914867133	2.5991316e-05	0.003544107889	0.001958008032	0.011451431694	0.001238915844	0.042779012355
0.00156813696	0.005302262007	0.000303231132	0.000415961179	0.0	0.000683926912	0.0	0.021007711239	2.5991316e-05	0.003578712895	0.002018651328	0.011536729872	0.001273569156	0.042899278948
0.0	0.0	0.0	0.0	0.0	0.000744660802	0.0	0.005905651832	8.663328e-06	0.003682087091	0.001845380772	0.011605748852	0.001256243832	0.042810762319
0.001559474964	0.002858950478	0.000303231132	0.000424692863	0.0	0.000683971717	0.0	0.020990338373	3.4654644e-05	0.003577981867	0.002009990664	0.011527760201	0.001282235148	0.0429064695
8.663328e-06	0.017622330129	8.663328e-06	0.000918040004	0.0	0.038002093901	0.001082973276	0.015851791553	0.001880040744	0.042419763613	0.00211396392	0.016378195452	0.00160280226	0.057641506039
0.001568142288	0.002798429975	0.0003032298	0.000346519012	0.0	0.000692678821	0.0	0.021050308236	2.5991316e-05	0.00354411175	0.00201865932	0.011527550388	0.00125624916	0.042900563378
0.0	0.01123899119	0.0	0.0	0.0	0.014745946216	0.0	0.005923024622	2.5991316e-05	0.005925313712	0.001966682016	0.011466519845	0.001256251824	0.042857106849
0.0	0.0	0.0	0.004009156422	0.0	0.000701317086	0.0	0.011151585813	2.5991316e-05	0.003586582931	0.001983964716	0.011474849357	0.001256213196	0.042855662896
0.001498829004	0.002832683881	0.000303232464	0.000346288373	0.0	0.000727265972	0.0	0.020990572533	1.7326656e-05	0.003500047348	0.001888697412	0.011493807243	0.001264905828	0.042758983872
0.0	0.0	0.0	0.0	0.0	0.000744639199	0.0	0.005896945572	8.663328e-06	0.003673081612	0.001871328132	0.011569647156	0.00124754454	0.042766207557
0.0	0.0	0.0	0.0	0.0	0.000709965669	0.0	0.00591387562	8.663328e-06	0.003664504498	0.001888657452	0.011527783307	0.001282204512	0.04273024232
0.001481501016	0.009891107746	0.000311895792	0.000354915018	0.0	0.000718658915	0.0	0.020999269777	1.7326656e-05	0.003500928788	0.001897358076	0.011492744523	0.00126490716	0.042776706271
0.0	0.008772540196	0.0	0.0	0.0	0.003929991535	0.0	0.005906209751	0.0	0.003647971546	0.001871369424	0.011589684395	0.001238915844	0.042768908354
0.0	0.0	0.0	0.0	0.0	0.000692637164	0.0	0.005897010218	3.4654644e-05	0.003552360685	0.00200133	0.011441995114	0.001264911156	0.042891112581
0.0	0.0	0.0	0.0	0.0	0.00072728677	0.0	0.005940500111	0.0	0.003673790542	0.001862710092	0.011538047869	0.00128223648	0.042812828012
0.0	0.008764478914	0.0	0.0	0.0	0.003860598707	0.0	0.005966523084	4.3319304e-05	0.003544147786	0.001966667364	0.011372474303	0.001264904496	0.042858262162
0.001498805028	0.002867549154	0.000285901812	0.000432878166	0.0	0.000718664864	0.0	0.020997278802	8.663328e-06	0.003508631467	0.001906001424	0.01147569162	0.00127355184	0.042723032136
0.0	0.0	0.0	0.003974777038	0.0	0.000701329844	0.0	0.011142798184	3.4655976e-05	0.003561094083	0.001940649408	0.01136124458	0.001273542516	0.042820998399
0.001498807692	0.002832957736	0.0003032298	0.004180926467	0.0	0.000727268563	0.0	0.020981570149	8.663328e-06	0.003491390986	0.001906002756	0.011482597705	0.00126488718	0.042751097613
0.001559444328	0.003040953915	0.000303227136	0.012186431342	0.0	0.001394073592	0.0	0.021256976935	3.4654644e-05	0.003933032289	0.002009956032	0.011907672313	0.00128220318	0.042933157823
0.001550778336	0.002867574299	0.000303225804	0.000372239347	0.0	0.000692662016	0.0	0.021050773437	3.4654644e-05	0.003534720395	0.002009957364	0.011509242533	0.001273541184	0.042871092133
0.0	0.0	0.0	0.000199052968	0.0	0.000701356221	0.0	0.005966503812	2.5991316e-05	0.003534616357	0.001983963384	0.011361706766	0.001264875192	0.042867041829
0.00156810366	0.002806564711	0.000303227136	0.000354842386	0.0	0.000692648985	0.0	0.021051382434	2.5991316e-05	0.003552371173	0.002009953368	0.011518986233	0.001256211864	0.042896971712
0.00152482032	0.002815624891	0.00032055912	0.000372591338	0.0	0.000718584714	0.0	0.021040792864	8.663328e-06	0.003500535301	0.001914691392	0.011450543062	0.001273570488	0.042741973654
0.0	0.0	0.0	0.0	0.0	0.000735937394	0.0	0.005923077344	8.663328e-06	0.003734698839	0.00183672144	0.01156283028	0.001273577148	0.042838913348
0.0	0.0	0.0	0.0	0.0	0.000701307731	0.0	0.005966695358	1.7327988e-05	0.003578439999	0.00199266534	0.011494624749	0.001256246496	0.04286497133
0.0	0.0	0.0	0.0	0.0	0.000701310004	0.0	0.005931719251	3.4654644e-05	0.003561289637	0.0019493487	0.011389102975	0.001256247828	0.042812884655
0.0	0.000433416943	0.0	0.0	0.0	0.000701289517	0.0	0.005914802586	2.5991316e-05	0.003544057507	0.001958008032	0.011459108173	0.001238915844	0.042785892283
0.0	0.0	0.0	0.0	0.0	0.000735937435	0.0	0.005897566217	0.0	0.003613237007	0.001888692084	0.011563181444	0.00124757784	0.042760771838
0.0	0.0	0.0	0.0	0.0	0.000701346445	0.0	0.005931758694	2.5991316e-05	0.003509065887	0.001958010696	0.011449621259	0.001264911156	0.042838791104
0.0	0.01798652397	1.7327988e-05	0.00094401743	0.0	0.037993252972	0.00110896326	0.01579103111	0.001784737476	0.042479929565	0.002001332664	0.016515196192	0.001594136268	0.05768421534
0.0	0.0	0.0	0.0	0.0	0.00070996678	0.0	0.005914494549	8.663328e-06	0.003656711245	0.001888700076	0.011529726876	0.001282237812	0.042724047626
0.0	0.0	0.0	0.0	0.0	0.000701302879	0.0	0.005957591563	1.7327988e-05	0.003577941057	0.001992662676	0.011485829349	0.001256245164	0.042863335106
0.001585464948	0.018897166014	0.000476505684	0.002182481105	0.0	0.028983860419	0.00056314296	0.021041614542	4.3319304e-05	0.019650114115	0.00201865266	0.011519506332	0.001282235148	0.042890902792
0.001490165676	0.003525839954	0.000294567804	0.000441089162	0.0	0.000727297246	0.0	0.021095679218	2.5991316e-05	0.003500873158	0.001897359408	0.011474877942	0.001282233816	0.042697492963
0.0	0.0	0.0	0.000216010733	0.0	0.000735966161	0.0	0.005922594957	1.7326656e-05	0.003655670283	0.001879995456	0.011526963106	0.001282204512	0.042760301715
0.0	0.0	0.0	0.0	0.0	0.000727283441	0.0	0.005940067288	0.0	0.003673244099	0.001862704764	0.01154760875	0.001282233816	0.04282746675
0.001533487644	0.017709253341	0.000502500996	0.001714848784	0.0	0.014962289893	0.0	0.021042130428	8.663328e-06	0.00588248963	0.00191469672	0.011441118647	0.001273577148	0.042751748707
0.0	0.000459561779	0.0	0.0	0.0	0.000735919121	0.0	0.005888877067	0.0	0.003613455018	0.001888693416	0.011562947761	0.00124757784	0.042751492743
0.0	0.0	0.0	0.0	0.0	0.000718624976	0.0	0.005879362946	0.0	0.003629794102	0.001871372088	0.011555587782	0.001290899808	0.042767164356
0.0	0.0	0.0	0.0	0.0	0.00070133556	0.0	0.005948589346	3.4655976e-05	0.003517644213	0.00196663806	0.011440066583	0.001256214528	0.042847323635
0.0	0.0	0.0	0.0	0.0	0.000684039819	0.0	0.005957721084	3.4654644e-05	0.003543790343	0.00196667136	0.011477858361	0.001290899808	0.042873432082
0.001559473632	0.002850703879	0.000303231132	0.000424690754	0.0	0.000683975187	0.0	0.02098954268	3.4654644e-05	0.003578405546	0.002018651328	0.011528660613	0.001273567824	0.042899408712
0.0	0.0	0.0	0.0	0.0	0.000727227816	0.0	0.005879698822	1.7326656e-05	0.003682238986	0.00187137342	0.011572251341	0.001264908492	0.0427235577
0.001516160988	0.020541614009	0.000476508348	0.010956096746	0.0	0.037959219205	0.0010483173	0.036694684594	0.001802064132	0.042332487961	0.002018657988	0.01649069108	0.001568144952	0.057648846304
0.0	0.0	0.0	0.011715345717	0.0	0.00139418754	0.0	0.019941430234	2.5991316e-05	0.003889722389	0.001983963384	0.011864248427	0.001247547204	0.042839505761
0.0	0.0	0.0	0.0	0.0	0.000692634036	0.0	0.005904969541	3.4654644e-05	0.003551976908	0.00200129004	0.011440601929	0.00126488052	0.042882294022
0.001559477628	0.002867468403	0.000303232464	0.000449785096	0.0	0.000692689755	0.0	0.021058900487	3.4654644e-05	0.003560981132	0.002001328668	0.011519941439	0.001290902472	0.042864202051
0.0	0.0	0.0	0.0	0.0	0.000727281414	0.0	0.005906173955	8.663328e-06	0.003647599791	0.001897372728	0.011554497509	0.0012909078	0.042726417411
0.0	0.004139824712	0.0	0.0	0.0	0.000701309152	0.0	0.005923075129	3.4654644e-05	0.003570236858	0.001949344704	0.011388860023	0.001247580504	0.042811694097
0.001559473632	0.002867176631	0.000303231132	0.000441111417	0.0	0.000692685075	0.0	0.021059975827	3.4654644e-05	0.003552301535	0.002001326004	0.01152914852	0.001290899808	0.042870625498
0.0	0.001897351879	0.0	0.0	0.0	0.000718624457	0.0	0.005871181128	0.0	0.003621915557	0.001880032752	0.011547057209	0.001290899808	0.042777689087
0.0	0.00427826424	0.0	0.0	0.0	0.000701306667	0.0	0.005966736933	1.7327988e-05	0.003570122851	0.001992661344	0.011494192919	0.0012562425	0.04286398481
0.0	0.0	0.0	0.0	0.0	0.000718626057	0.0	0.00588862698	0.0	0.003630223366	0.001880032752	0.011556704374	0.001282235148	0.042777044425
