0.00172246914	0.001056031422	0.000294289416	0.0	0.0	0.006573541822	0.0	0.001843576205	0.0	0.020825912986	0.001107922968	0.035317145202	0.002536097364	0.011951024836
0.001731131136	0.001055922044	0.00028563408	0.0	0.0	0.006546980247	0.0	0.002016741962	0.0	0.020782557921	0.001116580968	0.035334755907	0.002527447356	0.011906652161
0.0	0.0	0.0	0.0	0.0	0.0	0.0	0.001982169798	0.0	0.01512335949	0.001021366944	0.035447701881	0.00238896198	0.011862465834
0.001601289108	0.001064677509	0.000302946084	0.0	0.0	0.006556597275	0.0	0.001947490487	0.0	0.020713092188	0.000995399604	0.035449966404	0.002319705972	0.011923923708
0.0	0.0	0.0	0.0	0.0	0.0	0.0	0.001938468805	0.0	0.01525356168	0.001030019616	0.035482722444	0.002354333976	0.011914664519
0.0	0.0	0.0	0.0	0.0	0.0	0.0	0.001938456421	0.0	0.015218492779	0.00102136428	0.035536368248	0.002345677308	0.011897015467
0.0	0.0	0.0	0.0	0.0	0.0	0.0	0.002008102982	0.0	0.015149774366	0.001038676284	0.035436581272	0.00242358066	0.011864044177
0.0	0.0	0.0	0.0	0.0	0.0	0.0	0.001912906531	0.0	0.015279420231	0.00103867362	0.035473727658	0.002345677308	0.012010785098
0.001696512456	0.011809635585	0.000302947416	0.0	0.0	0.019326235524	0.0	0.002812735572	0.0	0.020876175119	0.001116576972	0.047755303326	0.002484176004	0.017530340461
0.001592637768	0.001047332979	0.000294290748	0.0	0.0	0.006573011393	0.0	0.001938484867	0.0	0.020720957081	0.001021366944	0.035612859436	0.002337021972	0.011914183475
0.0	0.0	0.0	0.0	0.0	8.637559e-06	0.0	0.001973050936	0.0	0.015114558722	0.00109060164	0.035471023729	0.002440847376	0.01190540049
0.001644545808	0.001056116002	0.00030294342	0.0	0.0	0.0065644889	0.0	0.001955748289	0.0	0.020658687484	0.001004050944	0.035461217968	0.002380273344	0.011862245755
0.00160994844	0.001064672827	0.000285636744	0.0	0.0	0.006564589884	0.0	0.001947164541	0.0	0.020773483673	0.001030024944	0.035457065201	0.0023283693	0.01200085196
0.0	0.0	0.0	0.0	0.0	0.0	0.0	0.00197303516	0.0	0.015149565837	0.001107922968	0.035488853719	0.002466854676	0.011880033667
0.0	0.0	0.0	0.0	0.0	0.0	0.0	0.00194710481	0.0	0.015132099127	0.001012708944	0.035498814215	0.002362990644	0.01189744791
0.00170516646	0.011783153887	0.000294289416	0.0	0.0	0.019300786546	0.0	0.00277820868	0.0	0.020772137544	0.001107925632	0.04778143251	0.002492832672	0.017512746129
0.0017051598	0.001030003514	0.000320258088	0.0	0.0	0.00653815287	0.0	0.001947128945	0.0	0.020683567534	0.001073301624	0.035463109331	0.002423577996	0.011845077029
0.0	0.0	0.0	0.023817168644	0.0	0.00011248347	0.000337550112	0.035682219429	0.0	0.019129346526	0.001670502492	0.035824030531	0.002380258692	0.01259840066
0.0	0.0	0.0	0.0	0.0	0.0	0.0	0.001955806474	0.0	0.015218354948	0.001012711608	0.035471639472	0.002362993308	0.011966545011
0.001575328428	0.001047353339	0.000285638076	0.0	0.0	0.006556154218	0.0	0.001904266746	0.0	0.020851590945	0.001030026276	0.035487829783	0.002319720624	0.011949634495
0.0	0.0	0.0	0.011774606263	0.0	0.0	0.0	0.00196439501	0.0	0.015157495926	0.000995391612	0.035459696068	0.002406230028	0.01187095414
0.001583985096	0.001038660187	0.000302947416	0.0	0.0	0.006548103049	0.0	0.001930213292	0.0	0.020826256473	0.001021366944	0.035442896459	0.002319715296	0.011967486007
0.001653181164	0.002873046571	0.000510671484	0.012372551486	0.0	0.006589729501	0.0	0.001973008541	0.0	0.02067515235	0.001021360284	0.035451056311	0.00236294802	0.011845157889
0.0	0.0	0.0	0.0	0.0	0.0	0.0	0.001998990586	0.0	0.015175428994	0.001133888976	0.035351348568	0.002492819352	0.011912992908
0.0	0.0	0.0	0.0	0.0	0.006572906837	0.0	0.002008117438	0.0	0.015185558657	0.000986741604	0.035413177483	0.002362986648	0.011914490885
0.0	0.0	0.0	0.0	0.0	0.0	0.0	0.001947120665	0.0	0.015166310431	0.00107329896	0.035446062761	0.002449545336	0.011863456382
0.0	0.0	0.0	0.0	0.0	0.0	0.0	0.002016678555	0.0	0.015158427031	0.001064642292	0.035410295169	0.002449546668	0.011853588391
0.0	0.0	0.0	0.002395751374	0.0	0.0	0.0	0.001851911559	0.0	0.015252874216	0.001133880984	0.035304809781	0.002484129384	0.011965911159
0.0	0.0	0.0	0.0	0.0	0.0	0.0	0.001904185019	0.0	0.015245253169	0.00103868028	0.035497368424	0.002311065288	0.011958881362
0.0	0.0	0.0	0.0	0.0	0.0	0.0	0.001955752483	0.0	0.015096806791	0.001012702284	0.035443060175	0.002397574692	0.011861985236
0.0	0.0	0.0	0.0	0.0	0.0	0.0	0.001921510529	0.0	0.015218993257	0.001030024944	0.035481274417	0.00231971796	0.011950167842
0.0	0.0	0.0	0.0	0.0	0.0	0.0	0.001964416844	0.0	0.015166341999	0.001073289636	0.035418479135	0.00244085004	0.011888431085
0.001722470472	0.001047311106	0.00030294342	0.0	0.0	0.006607724751	0.0	0.001990670942	0.0	0.020738706635	0.001107922968	0.035419816542	0.002510132688	0.011880891663
0.0	0.002525704605	0.0	0.0	0.0	0.007048252716	0.0	0.001835003217	0.0	0.019000003944	0.001107926964	0.035269273687	0.002492828676	0.011923558823
0.0	0.0	0.0	0.0	0.0	0.0	0.0	0.001955766494	0.0	0.01516689138	0.0010992663	0.03548115688	0.002449545336	0.011880484261
0.0	0.0	0.0	0.0	0.0	0.0	0.0	0.001852355661	0.0	0.015244584328	0.001116578304	0.03531697457	0.002527448688	0.011915320079
0.0	0.0	0.0	0.0	0.0	0.00605319518	0.0	0.002008008167	0.0	0.015219367023	0.001107920304	0.03531631706	0.002527446024	0.011889211668
0.0	0.0	0.0	0.0	0.0	0.0	0.0	0.001930266617	0.0	0.01525287483	0.001038677616	0.035506156067	0.002328370632	0.011983600316
0.0	0.0	0.0	0.023817069924	0.0	0.000103847967	0.000328894776	0.035708183852	0.0	0.019111549278	0.001670502492	0.036006001973	0.00236294802	0.012597972444
0.0	0.0	0.0	0.0	0.0	0.0	0.0	0.001955769548	0.0	0.015131873878	0.001038669624	0.035416846024	0.00243219204	0.011845251827
0.0	0.0	0.0	0.0	0.0	0.0	0.0	0.002008026084	0.0	0.015158263375	0.001055985624	0.03541012348	0.002432235996	0.011862261829
0.0	0.0	0.0	0.0	0.0	0.0	0.0	0.001982027541	0.0	0.015175801518	0.001064643624	0.035488884617	0.002501477352	0.01188037396
0.0	0.0	0.0	0.0	0.0	0.0	0.0	0.001947122524	0.0	0.015218898014	0.001021366944	0.03555229147	0.002328370632	0.011966211294
0.0	0.0	0.0	0.0	0.0	0.0	0.0	0.001938440697	0.0	0.015149589856	0.001012711608	0.035665127256	0.0023283693	0.01192278905
0.0	0.0	0.0	0.0	0.0	0.0	0.0	0.001938474864	0.0	0.015295984014	0.001012710276	0.035428073816	0.00236299464	0.011992573821
0.0	0.0	0.0	0.0	0.0	0.0	0.0	0.002042235901	0.0	0.015227029743	0.001116578304	0.035237382514	0.002527451352	0.011914816721
0.0	0.0	0.0	0.0	0.0	0.006572442975	0.0	0.002008103399	0.0	0.015202818887	0.000986741604	0.035569422186	0.002354333976	0.011932369846
0.0	0.0	0.0	0.0	0.0	0.0	0.0	0.00194760015	0.0	0.015132461701	0.000986741604	0.035457082177	0.002345677308	0.011897074013
0.0	0.0	0.0	0.0	0.0	0.0	0.0	0.001938465838	0.0	0.015149650229	0.001004052276	0.035672646369	0.002337024636	0.011897209151
0.001609945776	0.001055921682	0.000302946084	0.0	0.0	0.006581605299	0.0	0.001999464762	0.0	0.020764046544	0.0009867456	0.035586849521	0.002354331312	0.011957920817
0.0	0.0	0.0	0.0	0.0	0.006054246135	0.0	0.001999375251	0.0	0.015184493397	0.00111657564	0.035394287781	0.002518790688	0.011880458621
0.001713816468	0.001047320387	0.000294289416	0.0	0.0	0.006546581577	0.0	0.001990378164	0.0	0.020722505988	0.001090612296	0.035421817511	0.002449544004	0.011869933804
0.0	0.0	0.0	0.0	0.0	0.0	0.0	0.001990745626	0.0	0.0151151639	0.001047334284	0.035447993129	0.00241492266	0.011845963037
0.0	0.0	0.0	0.0	0.0	0.0	0.0	0.001938459878	0.0	0.015287589121	0.00100405494	0.03545471324	0.00236299464	0.011983886174
0.0	0.0	0.0	0.0	0.0	0.0	0.0	0.002033592506	0.0	0.01520130043	0.001125234972	0.035230192124	0.00251879202	0.011923392977
0.00170516646	0.003581783313	0.000302948748	0.0	0.0	0.007030868138	0.0	0.001982014228	0.0	0.020790232141	0.001116583632	0.035321928526	0.00249283134	0.011889029676
0.0	0.0	0.0	0.021480762784	0.0	0.0	0.0	0.010823407949	0.0	0.015261534185	0.001116571644	0.035278810133	0.002475472716	0.011940278161
0.001696505796	0.001047327122	0.000276978744	0.0	0.0	0.006546991562	0.0	0.00199938971	0.0	0.020677686833	0.001021366944	0.035411491829	0.00241492266	0.011854745571
0.001713815136	0.001056063106	0.000285632748	0.0	0.0	0.006564152163	0.0	0.001981964406	0.0	0.020642964561	0.001055990952	0.035480355561	0.002432232	0.011888548195
0.001618602444	0.001055976921	0.000294290748	0.0	0.0	0.006589966022	0.0	0.001921176558	0.0	0.020807393442	0.001021366944	0.035501816142	0.002345675976	0.01194124501
0.0	0.0	0.0	0.0	0.0	0.0	0.0	0.001964497855	0.0	0.015287240264	0.00104732496	0.035461426	0.002319668676	0.01197488684
0.0	0.0	0.0	0.0	0.0	0.0	0.0	0.001912945015	0.0	0.015261813607	0.001038677616	0.035489581623	0.0023283693	0.012001410198
0.0	0.0	0.0	0.0	0.0	0.0	0.0	0.001973139808	0.0	0.015270163267	0.001030011624	0.035418853426	0.00233698068	0.011975124356
0.0	0.0	0.0	0.0	0.0	0.0	0.0	0.001843660444	0.0	0.015261752369	0.001090610964	0.035299015223	0.002544755364	0.011958288462
0.0	0.0	0.0	0.0	0.0	0.0	0.0	0.001852270317	0.0	0.015270772302	0.001090610964	0.035299836924	0.002544758028	0.011975519838
0.0	0.0	0.0	0.0	0.0	0.0	0.0	0.00198204594	0.0	0.015158046435	0.001064643624	0.035498662136	0.002449544004	0.011862329322
0.0	0.0	0.0	0.0	0.0	8.656384e-06	0.0	0.001947527265	0.0	0.01513237309	0.00099539694	0.03544879939	0.002371641984	0.011879872948
0.001705167792	0.011800883033	0.000302947416	0.0	0.0	0.019335030092	0.0	0.002795441726	0.0	0.020833450392	0.001107921636	0.047780651521	0.002484176004	0.017522244966
0.0	0.0	0.0	0.021463641016	0.0	0.0	0.0	0.010997216819	0.0	0.015200282035	0.001107916308	0.035278505949	0.00249278472	0.011930815051
0.001679195124	0.008417197964	0.000285636744	0.0	0.0	0.01556254373	0.0	0.001964780705	0.0	0.020676257219	0.000978086268	0.035396252384	0.00238895532	0.011880423894
0.0	0.0	0.0	0.0	0.0	0.0	0.0	0.001964419516	0.0	0.015106244228	0.001055978964	0.035443278236	0.002423538036	0.011879706662
0.0	0.0	0.0	0.0	0.0	0.0	0.0	0.001999434819	0.0	0.015218070332	0.001107921636	0.035393216755	0.002518789356	0.011950688059
0.0	0.0	0.0	0.0	0.0	0.0	0.0	0.00198210642	0.0	0.015106322141	0.001047335616	0.035439786284	0.002397617316	0.011845819879
0.0	0.0	0.0	0.0	0.0	0.000942171518	0.0	0.001973460921	0.0	0.015202646499	0.000986741604	0.035561173993	0.002354331312	0.011906357209
0.0	0.0	0.0	0.0	0.0	0.0	0.0	0.00185237073	0.0	0.015261826947	0.001107922968	0.03533431452	0.002527448688	0.011950140761
0.0	0.0	0.0	0.0	0.0	0.0	0.0	0.002016677639	0.0	0.015227769437	0.001116578304	0.035349911444	0.00252745002	0.011915720991
0.0	0.0	0.0	0.0	0.0	0.0	0.0	0.001990679293	0.0	0.015218235459	0.001081954296	0.035428511412	0.002510131356	0.01194151241
0.0	0.0	0.0	0.0	0.0	0.0	0.0	0.001921480942	0.0	0.015227887052	0.001030024944	0.035462302231	0.002319720624	0.011949855156
0.0	0.0	0.0	0.0	0.0	0.000942183852	0.0	0.001964841521	0.0	0.015210955636	0.000995398272	0.035602385639	0.00234567864	0.011897783126
0.0	0.0	0.0	0.0	0.0	0.0	0.0	0.002024948129	0.0	0.015184840414	0.001116579636	0.035342249757	0.002518796016	0.011906531343
0.0	0.0	0.0	0.023799613908	2.596734e-05	0.000112455272	0.000337563432	0.03570717944	0.0	0.019128924577	0.00167051448	0.03588494251	0.00237161934	0.012572625158
0.0	0.0	0.0	0.002377445766	0.0	0.0	0.0	0.001921209067	0.0	0.015304613241	0.001030014288	0.035478464686	0.002302356672	0.012000753757
0.001765713852	0.001055995316	0.000432769464	0.002370101258	0.0	0.006520682225	0.0	0.001843188955	0.0	0.02080563376	0.00114254298	0.035295332337	0.002484130716	0.011991380872
0.0	0.0	0.0	0.0	0.0	0.0	0.0	0.001947152778	0.0	0.015157963872	0.001012710276	0.035629563085	0.002328370632	0.011949522457
0.0	0.0	0.0	0.011757713119	0.0	0.0	0.0	0.001964334663	0.0	0.015165844802	0.001004045616	0.035451137293	0.002380261356	0.011871096131
0.0	0.0	0.0	0.011773679874	0.0	0.0	0.0	0.001964395653	0.0	0.015156589149	0.00097808094	0.035468858913	0.002388930012	0.011853600563
0.0	0.0	0.0	0.0	0.0	0.000942204135	0.0	0.001956243326	0.0	0.015210804907	0.000986742936	0.035516083743	0.002337021972	0.011914931826
0.001609945776	0.001030025449	0.00031160142	0.0	0.0	0.006573101881	0.0	0.001947499411	0.0	0.020808100198	0.000995400936	0.035471800326	0.002328363972	0.011941554607
0.001722473136	0.001064493101	0.00028563408	0.0	0.0	0.006574028715	0.0	0.001843551474	0.0	0.020842772705	0.001107925632	0.035332996076	0.002501481348	0.011992858597
0.0	0.0	0.0	0.0	0.0	0.0	0.0	0.001938814341	0.0	0.015236379575	0.001012707612	0.035451526584	0.00231971796	0.011932624995
0.0	0.0	0.0	0.0	0.0	0.0	0.0	0.001990739554	0.0	0.015210243523	0.001090610964	0.035453430808	0.002518786692	0.011889632822
0.0	0.0	0.0	0.0	0.0	0.0	0.0	0.001981833697	0.0	0.015261097226	0.001030011624	0.035444344236	0.002336978016	0.011958533533
0.001601293104	0.001073183827	0.000285636744	0.0	0.0	0.006529509571	0.0	0.001929787335	0.0	0.02085787929	0.001021368276	0.035480210184	0.002362991976	0.011976306652
0.0	0.0	0.0	0.0	0.0	0.0	0.0	0.001947158276	0.0	0.015132208091	0.001004052276	0.035526641595	0.002345679972	0.011906259928
0.001722470472	0.001056028611	0.000294288084	0.0	0.0	0.006546433855	0.0	0.001982050065	0.0	0.020719399321	0.00105598962	0.035444675639	0.002484165348	0.011897807666
0.001644528492	0.005547250903	0.002034034596	0.030196882445	0.000701083548	0.012213600921	0.0008395596	0.035724569139	0.0	0.02467212532	0.00167050116	0.036015545175	0.00235429002	0.012623856922
0.0	0.0	0.0	0.0	0.0	0.0	0.0	0.001912967945	0.0	0.015253161127	0.001038676284	0.035488853396	0.00231105996	0.012001458506
0.001670538456	0.008399966511	0.000285636744	0.0	0.0	0.015614531643	0.0	0.001964798725	0.0	0.02070278915	0.0009780876	0.035430665955	0.002371643316	0.011906695875
0.0	0.0	0.0	0.0	0.0	0.006053499773	0.0	0.002008001454	0.0	0.015236964545	0.001107921636	0.035298107691	0.002527444692	0.011888989817
0.0	0.0	0.0	0.0	0.0	0.0	0.0	0.001955793101	0.0	0.015192101236	0.00102136428	0.035612734712	0.002345675976	0.011887975534
0.0	0.0	0.0	0.0	0.0	0.0	0.0	0.001990735404	0.0	0.015218556151	0.001099264968	0.035331810688	0.002527446024	0.011968278092
0.0	0.0	0.0	0.002395135777	0.0	0.0	0.0	0.001851883465	0.0	0.015278748842	0.001125225648	0.035279312402	0.002492786052	0.011974803166
0.0	0.0	0.0	0.0	0.0	0.0	0.0	0.001955732158	0.0	0.015131633974	0.001021356288	0.035459408777	0.0024148827	0.011853154485
0.001583990424	0.011783447881	0.000302947416	0.0	0.0	0.019326155784	0.0	0.002890804789	0.0	0.020859400983	0.001021365612	0.047947720161	0.002293751952	0.017539059896
0.0	0.0	0.0	0.0	0.0	0.00658147824	0.0	0.00200809696	0.0	0.015176278273	0.000986741604	0.035421562398	0.002362985316	0.011906043971
0.0	0.0	0.0	0.0	0.0	0.0	0.0	0.001947463985	0.0	0.015228009335	0.000986740272	0.035505523258	0.002337025968	0.01192323791
0.0	0.0	0.0	0.0	0.0	0.0	0.0	0.001947471629	0.0	0.015219012813	0.001004050944	0.03546917542	0.00231971796	0.011932609268
0.0	0.002525737645	0.0	0.0	0.0	0.007048571479	0.0	0.00199072165	0.0	0.018956469836	0.001107925632	0.035303791783	0.002484174672	0.011897330082
0.00167915916	0.001047306772	0.000311596092	0.0	0.0	0.006555420075	0.0	0.001964367774	0.0	0.020633446216	0.001030012956	0.035469514748	0.002414881368	0.011896486595
0.0	0.0	0.0	0.0	0.0	0.0	0.0	0.001990302347	0.0	0.015150494271	0.001116576972	0.035483144155	0.002484168012	0.011870332709
0.001653230448	0.001021415118	0.000311602752	0.0	0.0	0.006573603732	0.0	0.001973431089	0.0	0.020669228075	0.000986746932	0.035440068804	0.00237165264	0.011889099135
0.001679191128	0.008425883962	0.000285635412	0.0	0.0	0.01556180637	0.0	0.00197343639	0.0	0.020632618791	0.001004052276	0.035428865202	0.002406263328	0.011906197439
0.001739749176	0.003945951688	0.000502016148	0.023220402546	4.3278012e-05	0.006547170548	0.0	0.0110059729	0.0	0.020761633598	0.001125229644	0.03533023762	0.002492786052	0.011905481424
0.0	0.002525750618	0.0	0.0	0.0	0.007057174824	0.0	0.001826294345	0.0	0.018973949755	0.001116580968	0.035312798453	0.002475519336	0.011931837037
0.001627256448	0.00845951262	0.000285635412	0.0	0.0	0.015631641542	0.0	0.001964696853	0.0	0.020711576154	0.0009780876	0.035438263876	0.002362986648	0.011923675058
0.001713816468	0.00106472696	0.000276980076	0.0	0.0	0.006529394284	0.0	0.002016320086	0.0	0.020755960008	0.001107925632	0.035386865245	0.002501485344	0.011879136198
0.0	0.0	0.0	0.0	0.0	0.0	0.0	0.001947513999	0.0	0.015124084016	0.001012710276	0.035423985348	0.002388952656	0.011845761564
0.001713776508	0.001047450655	0.000294289416	0.0	0.0	0.006538650256	0.0	0.001895216704	0.0	0.020840919077	0.00111657564	0.035227778456	0.002501440056	0.011957237099
0.0	0.0	0.0	0.021498661247	0.0	0.0	0.0	0.010823211307	0.0	0.015252228509	0.001099262304	0.035295573902	0.002492786052	0.011948345513
0.0	0.0	0.0	0.0	0.0	0.0	0.0	0.00199037926	0.0	0.015184788093	0.0010992663	0.035421064064	0.002466854676	0.011879225049
